param R := 15;
param D :=6;
param F :=75;
param N :=4;

param : v := 
1 1 1
1 2 2
1 3 3
2 1 4
2 2 5
2 3 6
2 4 7
3 1 8
3 2 9
3 3 10
3 4 11
4 1 12
4 2 13
4 3 14
4 4 15
5 1 16
5 2 17
5 3 18
5 4 19
6 1 20
6 2 21
6 3 22
1 4 24
6 4 25
;

param : L : c :=
1 1 1 2 1
1 1 1 3 1
1 1 2 1 1
1 1 2 3 1
1 1 3 1 1
1 1 3 2 1
1 2 1 1 1
1 2 2 3 1
1 3 2 1 1
1 3 3 3 1
2 1 1 1 1
2 1 3 2 1
2 2 1 2 1
2 2 1 3 1
2 2 1 4 1
2 2 2 1 1
2 2 2 3 1
2 2 2 4 1
2 2 3 1 1
2 2 3 2 1
2 2 3 4 1
2 2 4 1 1
2 2 4 2 1
2 2 4 3 1
2 3 2 1 1
2 3 4 3 1
2 5 4 1 1
3 2 1 2 1
3 2 3 4 1
3 3 1 2 1
3 3 1 3 1
3 3 1 4 1
3 3 2 1 1
3 3 2 3 1
3 3 2 4 1
3 3 3 1 1
3 3 3 2 1
3 3 3 4 1
3 3 4 1 1
3 3 4 2 1
3 3 4 3 1
3 4 3 2 1
3 6 2 1 1
3 6 4 2 1
4 1 1 2 1
4 1 3 3 1
4 3 2 3 1
4 4 1 2 1
4 4 1 3 1
4 4 1 4 1
4 4 2 1 1
4 4 2 3 1
4 4 2 4 1
4 4 3 1 1
4 4 3 2 1
4 4 3 4 1
4 4 4 1 1
4 4 4 2 1
4 4 4 3 1
4 5 2 1 1
4 5 4 3 1
5 2 1 4 1
5 4 1 2 1
5 4 3 4 1
5 5 1 2 1
5 5 1 3 1
5 5 1 4 1
5 5 2 1 1
5 5 2 3 1
5 5 2 4 1
5 5 3 1 1
5 5 3 2 1 
5 5 3 4 1
5 5 4 1 1
5 5 4 2 1
5 5 4 3 1
5 6 2 2 1
5 6 4 3 1
6 3 1 2 1
6 3 2 4 1
6 5 2 2 1
6 5 3 4 1
6 6 1 2 1
6 6 1 3 1
6 6 2 1 1
6 6 2 3 1
6 6 3 1 1
6 6 3 2 1
;

param :s :=
1 6 
2 19 
3 11 
4 9 
5 2 
6 8 
7 10 
8 13 
9 2 
10 11 
11 13 
12 3 
13 6 
14 18 
15 11 
;
param :d :=
1 21 
2 18 
3 13 
4 16 
5 7 
6 7 
7 1 
8 4 
9 21 
10 20 
11 14 
12 2 
13 2 
14 10 
15 2 
;
param :r :=
1 3 
2 5 
3 4 
4 2 
5 3 
6 5 
7 4 
8 3 
9 3 
10 1 
11 2 
12 4 
13 5 
14 1 
15 1 
;
end;