param R := 15;
param D :=6;
param F :=75;
param N :=4;

param : v := 
1 1 1
1 2 2
1 3 3
2 1 4
2 2 5
2 3 6
2 4 7
3 1 8
3 2 9
3 3 10
3 4 11
4 1 12
4 2 13
4 3 14
4 4 15
5 1 16
5 2 17
5 3 18
5 4 19
6 1 20
6 2 21
6 3 22
1 4 24
6 4 25
;

param : L : c :=
1 1 1 2 1
1 1 1 3 1
1 1 2 1 1
1 1 2 3 1
1 1 3 1 1
1 1 3 2 1
1 2 1 1 1
1 2 2 3 1
1 3 2 1 1
1 3 3 3 1
2 1 1 1 1
2 1 3 2 1
2 2 1 2 1
2 2 1 3 1
2 2 1 4 1
2 2 2 1 1
2 2 2 3 1
2 2 2 4 1
2 2 3 1 1
2 2 3 2 1
2 2 3 4 1
2 2 4 1 1
2 2 4 2 1
2 2 4 3 1
2 3 2 1 1
2 3 4 3 1
2 5 4 1 1
3 2 1 2 1
3 2 3 4 1
3 3 1 2 1
3 3 1 3 1
3 3 1 4 1
3 3 2 1 1
3 3 2 3 1
3 3 2 4 1
3 3 3 1 1
3 3 3 2 1
3 3 3 4 1
3 3 4 1 1
3 3 4 2 1
3 3 4 3 1
3 4 3 2 1
3 6 2 1 1
3 6 4 2 1
4 1 1 2 1
4 1 3 3 1
4 3 2 3 1
4 4 1 2 1
4 4 1 3 1
4 4 1 4 1
4 4 2 1 1
4 4 2 3 1
4 4 2 4 1
4 4 3 1 1
4 4 3 2 1
4 4 3 4 1
4 4 4 1 1
4 4 4 2 1
4 4 4 3 1
4 5 2 1 1
4 5 4 3 1
5 2 1 4 1
5 4 1 2 1
5 4 3 4 1
5 5 1 2 1
5 5 1 3 1
5 5 1 4 1
5 5 2 1 1
5 5 2 3 1
5 5 2 4 1
5 5 3 1 1
5 5 3 2 1 
5 5 3 4 1
5 5 4 1 1
5 5 4 2 1
5 5 4 3 1
5 6 2 2 1
5 6 4 3 1
6 3 1 2 1
6 3 2 4 1
6 5 2 2 1
6 5 3 4 1
6 6 1 2 1
6 6 1 3 1
6 6 2 1 1
6 6 2 3 1
6 6 3 1 1
6 6 3 2 1
;

param :s :=
1 7 
2 13 
3 21 
4 19 
5 3 
6 20 
7 15 
8 8 
9 6 
10 2 
11 11 
12 6 
13 22 
14 22 
15 21 
;
param :d :=
1 21 
2 17 
3 14 
4 9 
5 7 
6 4 
7 19 
8 21 
9 8 
10 9 
11 21 
12 21 
13 7 
14 15 
15 14 
;
param :r :=
1 5 
2 3 
3 1 
4 5 
5 1 
6 5 
7 3 
8 3 
9 5 
10 1 
11 4 
12 2 
13 1 
14 4 
15 1 
;
end;