param R := 15;
param D :=6;
param F :=75;
param N :=4;

param : v := 
1 1 1
1 2 2
1 3 3
2 1 4
2 2 5
2 3 6
2 4 7
3 1 8
3 2 9
3 3 10
3 4 11
4 1 12
4 2 13
4 3 14
4 4 15
5 1 16
5 2 17
5 3 18
5 4 19
6 1 20
6 2 21
6 3 22
1 4 24
6 4 25
;

param : L : c :=
1 1 1 2 1
1 1 1 3 1
1 1 2 1 1
1 1 2 3 1
1 1 3 1 1
1 1 3 2 1
1 2 1 1 1
1 2 2 3 1
1 3 2 1 1
1 3 3 3 1
2 1 1 1 1
2 1 3 2 1
2 2 1 2 1
2 2 1 3 1
2 2 1 4 1
2 2 2 1 1
2 2 2 3 1
2 2 2 4 1
2 2 3 1 1
2 2 3 2 1
2 2 3 4 1
2 2 4 1 1
2 2 4 2 1
2 2 4 3 1
2 3 2 1 1
2 3 4 3 1
2 5 4 1 1
3 2 1 2 1
3 2 3 4 1
3 3 1 2 1
3 3 1 3 1
3 3 1 4 1
3 3 2 1 1
3 3 2 3 1
3 3 2 4 1
3 3 3 1 1
3 3 3 2 1
3 3 3 4 1
3 3 4 1 1
3 3 4 2 1
3 3 4 3 1
3 4 3 2 1
3 6 2 1 1
3 6 4 2 1
4 1 1 2 1
4 1 3 3 1
4 3 2 3 1
4 4 1 2 1
4 4 1 3 1
4 4 1 4 1
4 4 2 1 1
4 4 2 3 1
4 4 2 4 1
4 4 3 1 1
4 4 3 2 1
4 4 3 4 1
4 4 4 1 1
4 4 4 2 1
4 4 4 3 1
4 5 2 1 1
4 5 4 3 1
5 2 1 4 1
5 4 1 2 1
5 4 3 4 1
5 5 1 2 1
5 5 1 3 1
5 5 1 4 1
5 5 2 1 1
5 5 2 3 1
5 5 2 4 1
5 5 3 1 1
5 5 3 2 1 
5 5 3 4 1
5 5 4 1 1
5 5 4 2 1
5 5 4 3 1
5 6 2 2 1
5 6 4 3 1
6 3 1 2 1
6 3 2 4 1
6 5 2 2 1
6 5 3 4 1
6 6 1 2 1
6 6 1 3 1
6 6 2 1 1
6 6 2 3 1
6 6 3 1 1
6 6 3 2 1
;

param :s :=
1 7 
2 11 
3 20 
4 2 
5 10 
6 21 
7 17 
8 4 
9 14 
10 13 
11 16 
12 14 
13 17 
14 18 
15 19 
;
param :d :=
1 6 
2 5 
3 2 
4 21 
5 18 
6 17 
7 10 
8 18 
9 3 
10 8 
11 7 
12 8 
13 4 
14 7 
15 22 
;
param :r :=
1 3 
2 3 
3 3 
4 4 
5 5 
6 1 
7 3 
8 3 
9 5 
10 4 
11 2 
12 4 
13 2 
14 1 
15 1 
;
end;