Index = 323
_solve_time = 526

:              xp  xb    :=
1  3 3 2 3 4    0   1
1  3 3 2 4 0    1   0
1  3 4 3 2 4    0   1
1  3 6 4 2 0    1   0
1  4 5 2 1 4    0   1
1  5 5 1 2 4    0   1
1  5 6 2 2 4    0   1
2  1 2 2 3 35   0   1
2  2 2 4 3 7    1   0
2  4 1 1 2 35   0   1
2  4 4 2 1 35   0   1
2  4 5 2 1 7    1   0
2  5 2 1 4 7    1   0
3  2 2 2 4 0    1   0
3  2 3 2 1 0    0   1
3  2 5 4 1 0    1   0
3  3 3 1 4 0    0   1
3  3 6 4 2 0    0   1
3  5 5 1 4 0    1   0
3  5 5 2 4 0    0   1
3  6 5 2 2 0    0   1
4  1 1 3 2 61   0   1
4  1 2 2 3 61   0   1
4  1 3 3 3 3    1   0
4  2 2 3 4 61   0   1
4  2 5 4 1 61   0   1
4  3 4 3 2 3    1   0
4  4 4 2 3 3    1   0
4  4 4 4 3 61   0   1
4  5 4 3 4 61   0   1
4  5 5 1 3 61   0   1
5  3 3 4 3 39   1   0
5  3 4 3 2 39   1   0
5  3 6 4 2 0    0   1
5  5 4 1 2 0    0   1
5  5 5 2 1 0    0   1
5  6 5 2 2 0    0   1
6  3 3 4 3 0    0   1
6  3 4 3 2 0    0   1
6  4 5 2 1 0    0   1
6  5 5 1 2 0    0   1
6  6 3 2 4 0    0   1
6  6 5 2 2 0    1   0
7  2 3 4 3 9    0   1
7  2 5 4 1 0    1   0
7  3 3 3 4 9    0   1
7  3 6 4 2 9    0   1
7  5 5 1 2 0    1   0
7  6 5 2 2 9    0   1
8  6 6 1 2 3    1   0
8  6 6 1 3 0    0   1
8  6 6 3 2 0    0   1
9  2 3 4 3 0    1   0
9  2 5 4 1 0    0   1
9  3 3 3 4 0    1   0
9  5 5 1 2 0    0   1
9  5 6 2 2 0    0   1
9  6 3 2 4 0    0   1
10 2 3 4 3 17   0   1
10 3 4 3 2 17   0   1
10 4 4 2 3 17   0   1
10 4 4 4 3 5    1   0
10 5 2 1 4 17   0   1
10 5 4 3 4 5    1   0
10 5 5 2 1 17   0   1
10 5 5 2 3 5    1   0
11 2 3 4 3 0    1   0
11 3 3 4 3 58   0   1
11 5 2 1 4 0    1   0
11 5 5 2 1 0    1   0
11 5 6 2 2 58   0   1
11 6 3 2 4 58   0   1
12 1 1 2 1 68   1   0
12 1 1 2 3 41   0   1
12 1 1 3 1 41   0   1
13 2 2 2 3 4    0   1
13 2 2 4 3 30   1   0
13 3 2 1 2 4    0   1
13 3 3 4 1 4    0   1
13 5 2 1 4 30   1   0
13 5 5 4 1 30   1   0
13 6 3 2 4 4    0   1
13 6 5 3 4 30   1   0
13 6 6 3 2 4    0   1
14 1 3 3 3 18   0   1
14 3 3 3 4 18   0   1
14 3 6 4 2 18   0   1
14 4 1 3 3 18   0   1
14 4 4 3 2 7    1   0
14 4 5 2 1 7    1   0
14 5 5 1 4 7    1   0
14 5 6 4 3 7    1   0
14 6 6 2 3 18   0   1
15 1 1 3 1 71   0   1
15 1 2 1 1 71   0   1
15 1 3 3 3 0    1   0
15 2 2 1 4 71   0   1
15 3 2 3 4 0    1   0
;

