Index = 342
_solve_time = 1162.2

:              xp  xb    :=
1  5 5 2 1 1    1   0
1  5 5 2 3 7    0   1
1  5 5 3 1 7    0   1
2  1 3 2 1 0    0   1
2  2 1 3 2 0    0   1
2  2 2 4 3 0    0   1
2  2 3 4 3 70   1   0
2  3 3 1 4 0    0   1
2  3 3 3 4 70   1   0
3  2 5 4 1 34   0   1
3  3 2 3 4 34   0   1
3  4 3 2 3 34   0   1
3  4 4 3 2 34   0   1
3  4 4 3 4 28   1   0
3  4 5 4 3 28   1   0
3  5 5 1 3 34   0   1
4  2 2 3 2 60   0   1
4  2 2 3 4 18   1   0
4  2 3 2 1 60   0   1
4  2 5 4 1 18   1   0
4  3 3 1 4 60   0   1
4  3 6 4 2 60   0   1
4  5 5 1 3 18   1   0
4  5 5 2 3 60   0   1
4  6 5 2 2 60   0   1
5  1 1 1 3 0    1   0
5  1 2 1 1 5    0   1
5  1 3 3 3 0    1   0
5  2 2 1 2 5    0   1
5  2 3 2 1 5    0   1
5  3 3 1 2 5    0   1
5  3 3 3 2 0    1   0
6  3 2 3 4 48   0   1
6  4 3 2 3 48   0   1
6  4 4 4 2 48   0   1
6  4 5 4 3 29   1   0
6  5 2 1 4 29   1   0
6  5 5 3 1 29   1   0
7  1 1 3 2 24   0   1
7  1 3 2 1 24   0   1
7  3 3 3 1 0    1   0
7  4 1 3 3 24   0   1
7  4 3 2 3 0    1   0
7  4 4 3 2 0    1   0
8  2 3 4 3 18   0   1
8  2 5 4 1 0    1   0
8  3 3 3 2 18   0   1
8  3 6 2 1 18   0   1
8  5 5 1 4 0    1   0
8  6 5 3 4 18   0   1
8  6 6 1 3 18   0   1
9  1 1 3 1 70   0   1
9  2 1 1 1 0    1   0
9  2 2 4 1 0    1   0
9  4 1 3 3 70   0   1
9  4 4 4 3 70   0   1
9  5 2 1 4 0    1   0
9  5 4 3 4 70   0   1
9  5 5 4 1 0    1   0
9  5 5 4 3 70   0   1
10 1 3 2 1 39   0   1
10 3 3 1 2 39   0   1
10 3 3 3 2 0    1   0
10 4 1 1 2 39   0   1
10 4 3 2 3 0    1   0
10 4 4 1 2 0    1   0
11 2 3 4 3 0    0   1
11 3 4 3 2 0    0   1
11 4 4 2 4 0    0   1
11 5 2 1 4 0    0   1
11 5 4 3 4 63   1   0
11 5 5 3 1 0    0   1
12 1 1 2 1 0    1   0
12 2 1 1 1 57   0   1
12 2 2 4 1 57   0   1
12 4 1 1 2 0    1   0
12 4 4 4 1 0    1   0
12 5 2 1 4 57   0   1
12 5 4 3 4 0    1   0
12 5 5 3 1 57   0   1
13 4 4 3 2 27   0   1
13 4 4 4 2 10   1   0
13 4 4 4 3 27   0   1
14 3 3 3 2 5    0   1
14 3 6 2 1 5    0   1
14 4 3 2 3 5    0   1
14 4 4 4 2 5    0   1
14 4 5 4 3 57   1   0
14 5 5 3 4 57   1   0
14 5 6 4 3 57   1   0
14 6 6 1 3 5    0   1
15 2 3 4 3 58   1   0
15 3 3 3 2 58   1   0
15 3 3 3 4 8    0   1
15 3 3 4 2 8    0   1
15 4 3 2 3 8    0   1
15 5 2 1 4 58   1   0
15 5 4 1 2 8    0   1
;

