Index = 319
_solve_time = 500.88

:              xp  xb    :=
1  1 1 3 1 0    0   1
1  1 2 1 1 0    0   1
1  1 3 3 3 0    1   0
1  2 2 1 4 0    0   1
1  2 5 4 1 0    0   1
1  3 3 3 2 0    1   0
1  3 6 2 1 0    1   0
1  5 5 1 2 0    0   1
1  5 6 2 2 0    0   1
1  6 6 2 1 0    0   1
2  4 4 1 4 2    0   1
2  4 4 2 1 2    0   1
2  4 4 2 4 0    1   0
3  1 1 2 1 2    0   1
3  2 1 1 1 22   1   0
3  2 2 4 1 22   1   0
3  3 2 3 4 22   1   0
3  3 3 4 3 22   1   0
3  4 1 1 2 2    0   1
3  4 4 2 1 2    0   1
3  5 4 1 2 2    0   1
3  5 5 4 1 2    0   1
3  6 3 2 4 22   1   0
3  6 5 3 4 2    0   1
3  6 6 3 2 22   1   0
4  2 2 1 3 1    0   1
4  2 2 4 1 1    0   1
4  2 2 4 3 52   1   0
5  3 3 4 3 55   1   0
5  3 4 3 2 55   1   0
5  4 4 2 1 55   1   0
5  4 4 4 1 0    0   1
5  5 4 3 4 0    0   1
5  5 5 2 3 0    0   1
5  6 3 2 4 55   1   0
5  6 5 2 2 0    0   1
6  1 1 2 1 11   0   1
6  2 1 1 1 2    1   0
6  2 2 1 4 11   0   1
6  2 5 4 1 11   0   1
6  4 1 1 2 11   0   1
6  4 4 2 1 11   0   1
6  5 4 1 2 11   0   1
7  1 3 2 1 20   0   1
7  3 3 3 1 0    1   0
7  4 1 1 2 20   0   1
7  4 3 2 3 0    1   0
7  4 4 3 1 20   0   1
7  4 4 3 2 0    1   0
8  1 2 2 3 6    0   1
8  2 2 4 3 2    1   0
8  3 2 3 4 2    1   0
8  3 4 3 2 6    0   1
8  4 1 1 2 6    0   1
8  4 4 2 1 6    0   1
9  3 3 3 1 62   0   1
9  3 3 4 1 21   1   0
9  3 3 4 3 62   0   1
10 4 4 1 2 32   1   0
10 4 4 1 4 57   0   1
10 4 4 4 2 57   0   1
11 2 2 2 4 29   1   0
11 3 2 1 2 29   1   0
11 3 3 1 3 30   0   1
11 3 4 3 2 30   0   1
11 4 5 2 1 30   0   1
11 5 2 1 4 30   0   1
12 2 2 4 2 0    1   0
12 3 2 1 2 28   0   1
12 3 3 4 1 28   0   1
12 5 2 1 4 0    1   0
12 5 5 2 1 0    1   0
12 5 6 2 2 28   0   1
12 6 3 2 4 28   0   1
13 3 2 3 4 28   0   1
13 3 3 4 3 28   0   1
13 5 2 1 4 22   1   0
13 5 5 4 1 22   1   0
13 5 5 4 2 28   0   1
13 5 6 2 2 28   0   1
13 6 3 2 4 28   0   1
14 1 3 2 1 1    1   0
14 3 3 1 2 1    1   0
14 3 6 2 1 1    1   0
14 4 1 1 2 1    1   0
14 4 4 1 2 7    0   1
14 4 5 2 1 7    0   1
14 5 5 1 2 7    0   1
14 5 6 2 2 7    0   1
14 6 6 2 1 7    0   1
15 2 3 4 3 23   0   1
15 3 3 2 1 23   1   0
15 3 3 3 1 23   0   1
15 5 2 1 4 23   0   1
15 5 5 4 1 23   0   1
15 6 3 1 2 23   1   0
15 6 5 3 4 23   0   1
15 6 6 3 1 23   1   0
;

