Index = 362
_solve_time = 960.104

:              xp  xb    :=
1  1 1 3 1 1    0   1
1  1 2 1 1 1    0   1
1  1 3 3 3 0    1   0
1  2 2 1 4 1    0   1
1  2 5 4 1 1    0   1
1  3 4 3 2 0    1   0
1  4 5 2 1 0    1   0
1  5 5 1 3 1    0   1
1  5 5 1 4 0    1   0
1  5 5 3 4 1    0   1
2  1 1 2 3 0    0   1
2  1 3 3 3 0    0   1
2  2 1 3 2 0    0   1
2  2 2 3 4 1    1   0
2  2 5 4 1 1    1   0
2  3 4 3 2 0    0   1
2  5 4 1 2 1    1   0
3  2 2 4 2 1    0   1
3  3 2 1 2 1    1   0
3  3 3 3 1 1    1   0
3  4 3 2 3 1    1   0
3  4 5 2 1 1    0   1
3  5 2 1 4 1    0   1
4  2 3 4 3 20   0   1
4  3 3 3 2 20   0   1
4  5 2 1 4 20   0   1
4  5 5 2 1 20   0   1
4  6 3 1 2 8    1   0
4  6 5 2 2 20   0   1
4  6 6 2 1 8    1   0
5  1 1 3 1 0    1   0
5  1 2 1 1 0    1   0
5  1 3 3 3 20   0   1
5  2 2 4 1 20   0   1
5  3 2 3 4 20   0   1
6  3 3 4 3 5    0   1
6  3 4 3 2 5    0   1
6  4 4 2 1 5    0   1
6  4 4 4 1 10   1   0
6  5 4 3 4 10   1   0
6  5 5 2 3 10   1   0
6  5 6 2 2 5    0   1
6  6 3 2 4 5    0   1
7  1 1 2 1 13   0   1
7  2 1 1 1 54   1   0
7  2 2 4 1 54   1   0
7  2 3 4 3 13   0   1
7  3 4 3 2 13   0   1
7  4 1 1 2 13   0   1
7  4 4 2 1 13   0   1
8  2 2 2 4 9    1   0
8  2 3 2 1 16   0   1
8  2 5 4 1 9    1   0
8  3 3 1 3 16   0   1
8  3 4 3 2 16   0   1
8  4 5 2 1 16   0   1
9  2 2 1 2 10   0   1
9  2 2 1 4 9    1   0
9  2 3 2 1 10   0   1
9  2 5 4 1 9    1   0
9  3 3 1 4 10   0   1
9  3 6 4 2 10   0   1
9  5 5 1 2 9    1   0
9  6 5 2 2 10   0   1
10 1 1 1 2 27   0   1
10 1 2 1 1 53   1   0
10 1 3 2 1 27   0   1
10 2 2 1 4 53   1   0
10 2 5 4 1 53   1   0
10 3 3 1 4 27   0   1
10 3 6 4 2 27   0   1
10 5 5 1 2 53   1   0
10 6 5 2 2 27   0   1
11 1 1 1 3 69   1   0
11 1 2 1 1 17   0   1
11 1 3 3 3 69   1   0
11 2 2 1 4 17   0   1
11 2 5 4 1 17   0   1
11 3 3 3 4 69   1   0
11 3 6 4 2 69   1   0
11 5 5 1 2 17   0   1
11 5 6 2 2 17   0   1
12 1 3 2 1 27   0   1
12 3 3 1 4 27   0   1
12 3 3 3 4 0    1   0
12 4 1 1 2 27   0   1
12 4 3 2 3 0    1   0
12 4 4 2 1 27   0   1
13 2 5 4 1 0    0   1
13 3 2 3 4 0    0   1
13 3 3 4 3 0    0   1
13 5 5 1 2 0    0   1
13 6 3 2 4 0    0   1
13 6 5 2 2 7    1   0
14 3 3 4 3 65   0   1
14 3 4 3 2 65   0   1
14 4 4 2 3 65   0   1
14 4 4 4 3 24   1   0
14 5 4 3 4 24   1   0
14 5 5 4 3 24   1   0
14 6 3 2 4 65   0   1
14 6 5 3 4 24   1   0
14 6 6 3 2 65   0   1
15 1 1 3 1 19   0   1
15 2 1 1 1 0    1   0
15 2 2 2 1 0    1   0
15 2 3 2 1 19   0   1
15 3 3 1 3 19   0   1
15 3 4 3 2 19   0   1
15 4 1 3 3 19   0   1
15 4 4 2 3 19   0   1
;

