Index = 306
_solve_time = 480.98

:              xp  xb    :=
1  1 2 2 3 2    0   1
1  2 2 3 4 2    0   1
1  2 5 4 1 2    0   1
1  4 1 1 2 2    0   1
1  4 4 1 4 0    1   0
1  4 5 4 3 0    1   0
1  5 5 1 3 2    0   1
2  2 5 4 1 0    0   1
2  3 2 3 4 0    0   1
2  3 3 4 3 0    0   1
2  3 6 4 2 2    1   0
2  5 5 1 4 0    0   1
2  5 6 4 3 0    0   1
2  6 6 2 3 2    1   0
3  2 5 4 1 0    0   1
3  3 2 3 4 0    0   1
3  3 3 1 2 60   1   0
3  3 3 1 3 0    0   1
3  3 6 2 1 60   1   0
3  5 5 1 2 0    0   1
3  5 6 2 2 0    0   1
3  6 6 2 1 0    0   1
4  3 3 3 4 17   0   1
4  4 3 2 3 17   0   1
4  5 4 1 2 17   0   1
4  5 5 1 2 2    1   0
4  5 6 2 2 2    1   0
4  6 3 2 4 2    1   0
5  1 1 1 3 0    1   0
5  1 2 1 1 57   0   1
5  1 3 3 3 0    1   0
5  2 2 1 2 57   0   1
5  2 3 2 1 57   0   1
5  3 3 1 4 57   0   1
5  3 3 3 4 0    1   0
6  2 3 4 3 0    0   1
6  2 5 4 1 0    1   0
6  3 3 3 4 0    0   1
6  3 6 4 2 0    0   1
6  5 5 1 2 0    1   0
6  6 5 2 2 0    0   1
7  2 2 3 2 0    1   0
7  2 2 3 4 0    0   1
7  2 3 2 1 0    1   0
7  2 5 4 1 0    0   1
7  3 3 1 2 0    1   0
7  3 6 2 1 0    1   0
7  5 5 1 2 0    0   1
7  5 6 2 2 0    0   1
7  6 6 2 1 0    0   1
8  2 1 3 2 61   1   0
8  2 2 4 3 61   1   0
8  4 1 1 2 1    0   1
8  4 4 4 1 1    0   1
8  5 2 1 4 61   1   0
8  5 4 3 4 1    0   1
8  5 5 2 1 61   1   0
8  5 5 2 3 1    0   1
9  1 1 3 1 62   1   0
9  1 2 1 1 62   1   0
9  1 3 3 3 36   0   1
9  2 2 1 2 62   1   0
9  3 2 1 2 36   0   1
9  3 3 3 1 36   0   1
10 2 5 4 1 4    0   1
10 3 2 3 4 4    0   1
10 4 3 2 3 4    0   1
10 4 5 2 1 43   1   0
11 1 1 3 1 0    0   1
11 1 1 3 2 4    1   0
11 1 2 1 1 0    0   1
11 1 3 2 1 4    1   0
11 2 2 1 2 0    0   1
11 2 3 2 1 0    0   1
12 1 3 2 1 44   0   1
12 3 3 3 1 59   1   0
12 4 1 1 2 44   0   1
12 4 3 2 3 59   1   0
12 4 4 2 1 44   0   1
13 1 1 2 1 0    0   1
13 2 1 1 1 28   1   0
13 2 2 4 1 28   1   0
13 4 1 1 2 0    0   1
13 4 4 4 1 0    0   1
13 5 2 1 4 28   1   0
13 5 4 3 4 0    0   1
13 5 5 3 1 28   1   0
14 1 1 2 1 1    0   1
14 2 1 1 1 3    1   0
14 2 2 2 1 3    1   0
14 3 2 1 2 3    1   0
14 3 3 1 3 1    0   1
14 3 4 3 2 1    0   1
14 4 1 1 2 1    0   1
14 4 4 2 1 1    0   1
15 1 3 2 1 13   0   1
15 3 3 1 2 13   0   1
15 3 3 3 2 15   1   0
15 4 1 1 2 13   0   1
15 4 3 2 3 15   1   0
15 4 4 1 2 15   1   0
;

