Index = 319
_solve_time = 524.52

:              xp  xb    :=
1  1 2 2 3 23   0   1
1  2 2 3 4 23   0   1
1  2 5 4 1 23   0   1
1  4 1 1 2 23   0   1
1  4 4 1 4 0    1   0
1  4 5 4 3 0    1   0
1  5 5 1 3 23   0   1
2  2 2 4 2 5    0   1
2  3 2 1 2 1    1   0
2  3 3 3 1 1    1   0
2  4 3 2 3 1    1   0
2  4 5 2 1 5    0   1
2  5 2 1 4 5    0   1
3  1 1 3 1 1    0   1
3  1 2 1 1 1    0   1
3  1 3 3 3 0    1   0
3  2 2 1 2 1    0   1
3  2 3 2 1 1    0   1
3  3 3 1 4 1    0   1
3  3 3 3 4 0    1   0
4  3 2 3 4 0    0   1
4  4 3 2 3 0    0   1
4  4 4 4 2 0    0   1
4  4 5 4 3 5    1   0
4  5 2 1 4 5    1   0
4  5 5 3 1 5    1   0
5  1 1 3 2 0    0   1
5  1 2 2 3 0    0   1
5  1 3 3 3 10   1   0
5  2 2 3 4 0    0   1
5  2 5 4 1 0    0   1
5  3 3 3 4 10   1   0
5  3 6 4 2 10   1   0
5  5 5 1 4 0    0   1
5  5 6 4 3 0    0   1
5  6 6 2 3 10   1   0
6  1 1 3 1 0    0   1
6  2 1 1 1 65   1   0
6  2 2 2 1 65   1   0
6  2 2 2 4 0    0   1
6  2 3 4 3 0    0   1
6  3 4 3 2 0    0   1
6  4 1 3 3 0    0   1
6  4 4 2 3 0    0   1
7  1 3 3 3 68   0   1
7  4 1 3 3 68   0   1
7  4 3 2 3 38   1   0
7  4 4 4 2 38   1   0
7  4 4 4 3 68   0   1
8  3 3 1 2 0    1   0
8  3 3 1 4 23   0   1
8  3 3 4 2 23   0   1
9  2 2 1 2 31   1   0
9  2 2 1 3 22   0   1
9  2 2 3 2 22   0   1
10 3 3 1 3 2    0   1
10 3 3 1 4 9    1   0
10 3 4 3 2 2    0   1
10 3 6 4 2 9    1   0
10 4 5 2 1 2    0   1
10 5 5 1 2 2    0   1
10 5 6 2 2 2    0   1
11 2 2 1 2 42   1   0
11 2 2 1 4 2    0   1
11 2 3 2 1 42   1   0
11 2 5 4 1 2    0   1
11 3 3 1 2 42   1   0
11 3 6 2 1 42   1   0
11 5 5 1 2 2    0   1
11 5 6 2 2 2    0   1
11 6 6 2 1 2    0   1
12 1 1 3 2 15   0   1
12 1 2 2 3 15   0   1
12 1 3 3 3 23   1   0
12 2 2 3 2 15   0   1
12 2 3 2 1 15   0   1
12 3 3 3 1 23   1   0
13 2 5 4 1 64   0   1
13 3 2 3 4 64   0   1
13 3 3 4 3 64   0   1
13 5 5 1 2 64   0   1
13 6 3 2 4 64   0   1
13 6 5 2 2 28   1   0
14 1 1 2 1 66   0   1
14 2 1 1 1 6    1   0
14 2 2 4 1 6    1   0
14 4 1 1 2 66   0   1
14 4 4 4 1 66   0   1
14 5 2 1 4 6    1   0
14 5 4 3 4 66   0   1
14 5 5 3 1 6    1   0
15 1 1 2 3 40   0   1
15 2 1 3 2 40   0   1
15 2 2 4 3 40   0   1
15 3 2 3 4 40   0   1
15 3 4 3 2 10   1   0
15 4 1 3 3 10   1   0
15 4 4 2 3 10   1   0
;

