Index = 317
_solve_time = 620.02

:              xp  xb    :=
1  2 5 4 1 32   0   1
1  3 2 3 4 32   0   1
1  4 3 2 3 32   0   1
1  4 4 2 4 0    1   0
1  4 5 4 3 0    1   0
1  5 5 1 3 32   0   1
2  3 3 3 2 0    0   1
2  3 6 2 1 0    0   1
2  4 3 2 3 0    0   1
2  5 4 1 2 0    0   1
2  5 5 1 4 0    1   0
2  5 6 4 3 0    1   0
2  6 6 1 3 0    0   1
3  1 1 1 3 59   1   0
3  1 2 1 1 2    0   1
3  1 3 3 3 59   1   0
3  2 2 1 4 2    0   1
3  2 5 4 1 2    0   1
3  3 4 3 2 59   1   0
3  4 4 2 4 59   1   0
3  5 4 3 4 2    0   1
3  5 5 1 3 2    0   1
4  3 3 4 3 0    0   1
4  3 4 3 2 0    0   1
4  4 5 2 1 0    0   1
4  5 5 1 2 0    0   1
4  6 3 2 4 0    0   1
4  6 5 2 2 0    1   0
5  2 3 4 3 23   0   1
5  3 3 3 2 23   0   1
5  5 2 1 4 23   0   1
5  5 5 4 1 23   0   1
5  5 6 4 3 1    1   0
5  6 3 1 2 1    1   0
5  6 6 3 1 1    1   0
6  1 1 1 3 66   0   1
6  1 2 1 1 0    1   0
6  1 3 3 3 66   0   1
6  2 2 1 4 0    1   0
6  2 5 4 1 0    1   0
6  3 4 3 2 66   0   1
6  4 5 2 1 66   0   1
7  3 3 3 2 21   0   1
7  4 3 2 3 21   0   1
7  5 4 1 2 21   0   1
7  5 5 4 1 21   0   1
7  6 3 1 2 1    1   0
7  6 5 3 4 21   0   1
7  6 6 3 1 1    1   0
8  2 2 1 2 0    0   1
8  2 2 1 4 0    1   0
8  2 2 2 4 0    0   1
8  2 3 4 3 0    0   1
8  2 5 4 1 0    1   0
8  3 4 3 2 0    0   1
8  4 4 2 4 0    0   1
8  4 5 4 3 0    0   1
8  5 5 1 3 0    1   0
9  3 3 3 2 1    0   1
9  3 6 2 1 1    0   1
9  4 3 2 3 1    0   1
9  5 4 1 2 1    0   1
9  5 5 4 1 1    0   1
9  5 6 4 3 38   1   0
9  6 6 1 3 1    0   1
10 3 2 3 4 51   0   1
10 3 3 2 3 51   0   1
10 5 2 1 4 30   1   0
10 5 5 4 1 30   1   0
10 6 3 1 2 51   0   1
10 6 5 3 4 30   1   0
10 6 6 3 1 51   0   1
11 2 1 3 2 46   1   0
11 2 2 2 3 46   1   0
11 3 2 1 2 46   1   0
11 3 3 1 3 0    0   1
11 3 4 3 2 0    0   1
11 4 1 1 2 0    0   1
11 4 4 2 1 0    0   1
12 3 3 2 1 15   0   1
12 3 3 4 1 4    1   0
12 3 3 4 2 15   0   1
13 2 2 2 4 24   0   1
13 2 5 4 1 24   0   1
13 3 2 1 2 24   0   1
13 3 3 1 3 9    1   0
13 3 4 3 2 9    1   0
13 4 5 2 1 9    1   0
14 6 6 1 3 24   0   1
14 6 6 2 1 24   0   1
14 6 6 2 3 2    1   0
15 2 2 4 2 0    0   1
15 3 2 1 2 49   1   0
15 3 3 2 1 49   1   0
15 5 2 1 4 0    0   1
15 5 5 4 1 0    0   1
15 6 3 1 2 49   1   0
15 6 5 3 4 0    0   1
15 6 6 1 3 0    0   1
;

