Index = 449
_solve_time = 1281.32

:              xp  xb    :=
1  2 3 4 3 0    0   1
1  3 3 3 2 0    0   1
1  3 6 2 1 0    0   1
1  5 2 1 4 0    0   1
1  5 5 3 1 0    0   1
1  5 5 3 4 0    1   0
1  5 6 4 3 0    1   0
1  6 6 3 1 0    1   0
2  1 2 2 3 0    0   1
2  2 2 4 3 13   1   0
2  3 2 3 4 13   1   0
2  3 4 3 2 0    0   1
2  4 1 1 2 0    0   1
2  4 4 2 1 0    0   1
3  1 1 2 3 13   0   1
3  2 1 3 2 13   0   1
3  2 2 4 3 13   0   1
3  4 1 3 3 0    1   0
3  4 4 4 3 0    1   0
3  5 2 1 4 13   0   1
3  5 4 3 4 0    1   0
3  5 5 4 1 13   0   1
3  5 5 4 3 0    1   0
4  1 3 2 1 32   0   1
4  3 3 1 2 32   0   1
4  3 3 3 2 7    1   0
4  4 1 1 2 32   0   1
4  4 3 2 3 7    1   0
4  4 4 4 1 32   0   1
4  4 4 4 2 7    1   0
5  1 1 1 3 35   0   1
5  2 1 1 1 35   0   1
5  2 2 4 1 35   0   1
5  4 1 3 3 32   1   0
5  4 4 2 3 32   1   0
5  5 2 1 4 35   0   1
5  5 4 1 2 32   1   0
6  1 1 2 1 6    0   1
6  2 1 1 1 5    1   0
6  2 2 4 1 5    1   0
6  3 3 2 3 6    0   1
6  3 4 3 2 6    0   1
6  4 1 1 2 6    0   1
6  4 4 2 1 6    0   1
6  5 2 1 4 5    1   0
6  5 5 2 1 5    1   0
6  6 3 1 2 6    0   1
6  6 5 2 2 5    1   0
6  6 6 1 2 5    1   0
7  1 3 2 1 69   0   1
7  2 1 3 2 69   0   1
7  2 2 4 2 4    1   0
7  2 2 4 3 69   0   1
7  2 3 2 1 4    1   0
8  2 3 4 3 39   0   1
8  3 3 3 2 39   0   1
8  5 2 1 4 39   0   1
8  5 5 4 1 39   0   1
8  5 6 4 3 5    1   0
8  6 3 1 2 5    1   0
8  6 6 3 1 5    1   0
9  1 1 2 3 0    1   0
9  1 3 3 3 0    1   0
9  2 1 3 2 0    1   0
9  2 2 3 4 1    0   1
9  2 5 4 1 1    0   1
9  3 4 3 2 0    1   0
9  4 4 2 3 0    1   0
9  4 4 2 4 1    0   1
9  4 4 4 3 1    0   1
9  5 4 1 2 1    0   1
10 1 2 2 3 14   0   1
10 2 2 2 3 12   1   0
10 3 2 1 2 12   1   0
10 3 3 4 1 12   1   0
10 3 3 4 3 14   0   1
10 3 4 3 2 14   0   1
10 4 1 1 2 14   0   1
10 4 4 2 1 14   0   1
11 1 1 1 3 0    1   0
11 1 2 1 1 71   0   1
11 1 3 3 3 0    1   0
11 2 2 1 4 71   0   1
11 2 5 4 1 71   0   1
11 3 3 3 4 0    1   0
11 3 6 4 2 0    1   0
11 5 5 1 2 71   0   1
11 5 6 2 2 71   0   1
12 2 3 4 3 3    0   1
12 3 4 3 2 3    0   1
12 4 4 2 1 61   1   0
12 4 4 2 3 3    0   1
12 4 4 3 1 3    0   1
12 5 2 1 4 3    0   1
12 5 4 1 2 61   1   0
13 1 3 3 3 15   0   1
13 3 3 3 4 15   0   1
13 3 6 4 2 15   0   1
13 4 1 3 3 15   0   1
13 4 4 3 4 40   1   0
13 4 5 4 3 40   1   0
13 5 5 3 2 40   1   0
13 6 5 2 2 15   0   1
14 2 3 4 3 15   0   1
14 3 4 3 2 15   0   1
14 4 4 2 3 32   1   0
14 4 4 2 4 15   0   1
14 4 4 4 3 15   0   1
14 5 2 1 4 15   0   1
14 5 4 1 2 32   1   0
15 2 3 4 3 58   0   1
15 3 3 3 4 58   0   1
15 3 6 4 2 58   0   1
15 5 2 1 4 58   0   1
15 5 5 4 1 58   0   1
15 5 6 4 3 37   1   0
15 6 6 3 2 37   1   0
;

