Index = 321
_solve_time = 611.348

:              xp  xb    :=
1  5 5 1 3 0    0   1
1  5 5 2 1 0    0   1
1  5 5 2 3 0    1   0
2  1 3 2 1 56   1   0
2  3 3 3 1 1    0   1
2  4 1 1 2 56   1   0
2  4 3 2 3 1    0   1
2  4 4 1 2 1    0   1
3  1 1 1 3 69   0   1
3  1 1 2 1 69   0   1
3  1 1 2 3 0    1   0
4  1 1 3 1 0    0   1
4  1 2 1 1 0    0   1
4  1 3 3 3 7    1   0
4  2 2 1 4 0    0   1
4  2 5 4 1 0    0   1
4  3 4 3 2 7    1   0
4  4 4 2 4 7    1   0
4  5 4 3 4 0    0   1
4  5 5 1 3 0    0   1
5  1 2 2 3 34   0   1
5  2 2 4 3 10   1   0
5  4 1 1 2 34   0   1
5  4 4 4 1 34   0   1
5  5 2 1 4 10   1   0
5  5 4 3 4 34   0   1
5  5 5 2 1 10   1   0
5  5 5 2 3 34   0   1
6  2 2 3 2 1    0   1
6  2 2 3 4 1    1   0
6  2 3 2 1 1    0   1
6  2 5 4 1 1    1   0
6  3 3 1 3 1    0   1
6  3 4 3 2 1    0   1
6  4 4 2 4 1    0   1
6  4 5 4 3 1    0   1
6  5 5 1 3 1    1   0
7  2 2 2 4 0    0   1
7  2 3 2 1 69   1   0
7  2 5 4 1 0    0   1
7  3 3 1 2 69   1   0
7  3 6 2 1 69   1   0
7  5 5 1 4 0    0   1
7  5 6 4 3 0    0   1
7  6 6 3 1 0    0   1
8  3 2 3 4 46   0   1
8  4 3 2 3 46   0   1
8  5 2 1 4 7    1   0
8  5 4 1 2 46   0   1
9  1 1 1 3 27   1   0
9  2 1 1 1 27   1   0
9  2 2 4 1 27   1   0
9  2 5 4 1 45   0   1
9  4 1 3 3 45   0   1
9  4 4 2 3 45   0   1
9  5 4 1 2 45   0   1
10 2 2 1 4 27   0   1
10 2 2 3 1 27   0   1
10 2 2 3 4 5    1   0
10 2 3 4 3 27   0   1
10 2 5 4 1 5    1   0
10 3 4 3 2 27   0   1
10 4 5 2 1 27   0   1
11 3 3 2 3 1    0   1
11 3 4 3 2 1    0   1
11 4 4 2 3 1    0   1
11 4 4 4 3 16   1   0
11 5 4 3 4 16   1   0
11 5 5 4 3 16   1   0
11 6 3 1 2 1    0   1
11 6 5 3 4 16   1   0
11 6 6 3 1 1    0   1
12 2 1 3 2 4    1   0
12 2 2 4 3 4    1   0
12 4 1 1 2 9    0   1
12 4 4 4 1 9    0   1
12 5 2 1 4 4    1   0
12 5 4 3 4 9    0   1
12 5 5 2 1 4    1   0
12 5 5 2 3 9    0   1
13 1 1 3 1 0    0   1
13 2 1 1 1 31   1   0
13 2 2 4 1 31   1   0
13 3 2 3 4 31   1   0
13 3 4 3 2 0    0   1
13 4 1 3 3 0    0   1
13 4 4 2 3 0    0   1
14 1 3 2 1 0    0   1
14 3 3 1 4 0    0   1
14 3 3 3 4 34   1   0
14 4 1 1 2 0    0   1
14 4 3 2 3 34   1   0
14 4 4 2 1 0    0   1
15 1 3 3 3 0    0   1
15 2 5 4 1 0    0   1
15 3 2 3 4 0    0   1
15 4 1 3 3 0    0   1
15 4 4 3 2 12   1   0
15 4 5 2 1 12   1   0
;

