Index = 326
_solve_time = 1320.44

:              xp  xb    :=
1  2 3 4 3 18   0   1
1  2 5 4 1 0    1   0
1  3 3 3 4 18   0   1
1  3 6 4 2 18   0   1
1  5 5 1 2 0    1   0
1  5 6 2 2 0    1   0
2  1 2 2 3 15   0   1
2  2 2 3 4 15   0   1
2  4 1 1 2 15   0   1
2  4 4 1 2 0    1   0
2  4 5 2 1 0    1   0
2  5 2 1 4 0    1   0
3  6 6 1 2 0    1   0
3  6 6 1 3 62   0   1
3  6 6 3 2 62   0   1
4  1 1 2 1 0    0   1
4  2 1 1 1 0    1   0
4  2 2 4 1 0    1   0
4  3 2 3 4 0    1   0
4  3 3 2 3 0    1   0
4  4 1 1 2 0    0   1
4  4 4 2 1 0    0   1
4  5 4 1 2 0    0   1
4  5 5 4 1 0    0   1
4  6 3 1 2 0    1   0
4  6 5 3 4 0    0   1
4  6 6 1 3 0    0   1
5  3 3 3 2 70   0   1
5  4 3 2 3 70   0   1
5  5 4 1 2 70   0   1
5  5 5 4 1 70   0   1
5  5 6 4 3 17   1   0
5  6 3 1 2 17   1   0
5  6 6 3 1 17   1   0
6  1 1 3 2 1    0   1
6  1 2 2 3 1    0   1
6  1 3 3 3 1    1   0
6  2 2 3 4 1    0   1
6  2 5 4 1 1    0   1
6  3 4 3 2 1    1   0
6  4 4 2 4 1    1   0
6  4 5 4 3 1    1   0
6  5 5 1 3 1    0   1
7  3 2 3 4 59   0   1
7  4 3 2 3 59   0   1
7  4 4 4 2 59   0   1
7  4 5 4 3 32   1   0
7  5 2 1 4 32   1   0
7  5 5 3 1 32   1   0
8  2 3 4 3 18   0   1
8  2 5 4 1 20   1   0
8  3 4 3 2 18   0   1
8  4 5 2 1 18   0   1
9  1 1 1 3 0    0   1
9  1 3 3 3 0    0   1
9  2 1 1 1 0    0   1
9  2 2 1 2 8    1   0
9  2 3 2 1 8    1   0
9  3 3 1 4 8    1   0
9  3 3 3 4 0    0   1
10 2 5 4 1 0    1   0
10 3 2 3 4 0    1   0
10 3 4 3 2 65   0   1
10 4 4 2 4 65   0   1
10 4 5 4 3 65   0   1
10 5 5 1 3 0    1   0
11 4 4 2 1 4    1   0
11 4 4 2 3 55   0   1
11 4 4 3 1 55   0   1
12 4 4 1 3 7    0   1
12 4 4 1 4 10   1   0
12 4 4 3 4 7    0   1
13 1 1 1 3 1    0   1
13 1 3 3 3 1    0   1
13 2 1 1 1 1    0   1
13 2 2 1 4 5    1   0
13 2 5 4 1 5    1   0
13 3 4 3 2 1    0   1
13 4 4 2 4 1    0   1
13 5 4 3 4 5    1   0
13 5 5 1 3 5    1   0
14 3 3 4 3 37   1   0
14 3 4 3 2 37   1   0
14 3 6 4 2 71   0   1
14 4 4 2 3 37   1   0
14 4 4 4 3 71   0   1
14 5 4 3 4 71   0   1
14 5 5 2 3 71   0   1
14 6 5 2 2 71   0   1
15 1 3 2 1 11   0   1
15 2 1 3 2 11   0   1
15 2 2 2 3 11   0   1
15 2 3 2 1 46   1   0
;

