Index = 312
_solve_time = 668.892

:              xp  xb    :=
1  2 2 4 2 33   0   1
1  2 3 2 1 33   0   1
1  3 3 3 1 60   1   0
1  4 3 2 3 60   1   0
1  5 2 1 4 33   0   1
1  5 4 1 2 60   1   0
2  2 3 4 3 0    0   1
2  3 4 3 2 0    0   1
2  4 4 4 2 3    1   0
2  5 2 1 4 0    0   1
2  5 4 3 4 3    1   0
2  5 5 3 1 0    0   1
3  2 2 2 4 69   0   1
3  2 5 4 1 69   0   1
3  3 2 1 2 69   0   1
3  3 3 1 3 17   1   0
3  3 4 3 2 17   1   0
3  5 4 1 2 69   0   1
4  5 5 2 4 4    0   1
4  5 5 3 2 4    0   1
4  5 5 3 4 3    1   0
5  2 3 4 3 24   1   0
5  2 5 4 1 3    0   1
5  3 3 3 2 24   1   0
5  3 6 2 1 24   1   0
5  5 5 1 2 3    0   1
5  5 6 2 2 3    0   1
5  6 6 2 1 3    0   1
6  1 3 2 1 5    0   1
6  3 3 1 2 5    0   1
6  3 3 3 2 0    1   0
6  4 1 1 2 5    0   1
6  4 3 2 3 0    1   0
6  4 4 4 1 5    0   1
6  4 4 4 2 0    1   0
7  2 2 4 2 0    1   0
7  3 2 1 2 2    0   1
7  3 3 2 1 2    0   1
7  5 2 1 4 0    1   0
7  5 5 4 1 0    1   0
7  5 6 4 3 2    0   1
7  6 3 1 2 2    0   1
7  6 6 3 1 2    0   1
8  1 1 3 1 60   0   1
8  1 2 1 1 60   0   1
8  1 3 3 3 0    1   0
8  2 2 1 2 60   0   1
8  2 3 2 1 60   0   1
8  3 3 3 1 0    1   0
9  1 3 3 3 0    0   1
9  4 1 3 3 0    0   1
9  4 3 2 3 39   1   0
9  4 4 2 3 0    0   1
10 2 5 4 1 0    0   1
10 3 2 3 4 0    0   1
10 4 3 2 3 0    0   1
10 4 4 4 2 0    0   1
10 4 5 4 3 49   1   0
10 5 5 1 3 0    0   1
11 1 3 2 1 9    0   1
11 2 1 3 2 9    0   1
11 2 2 3 4 2    1   0
11 2 5 4 1 2    1   0
11 3 3 1 3 9    0   1
11 3 4 3 2 9    0   1
11 4 4 2 4 9    0   1
11 4 5 4 3 9    0   1
11 5 5 1 3 2    1   0
12 1 1 3 1 70   0   1
12 1 2 1 1 70   0   1
12 1 3 3 3 1    1   0
12 2 2 1 4 70   0   1
12 2 5 4 1 70   0   1
12 3 4 3 2 1    1   0
12 4 4 2 1 70   0   1
12 4 4 2 4 1    1   0
12 4 4 4 1 1    1   0
12 5 4 1 2 70   0   1
13 3 3 4 3 1    0   1
13 3 4 3 2 1    0   1
13 5 4 1 2 42   1   0
13 5 5 2 1 42   1   0
13 5 6 2 2 1    0   1
13 6 3 2 4 1    0   1
14 2 2 4 2 9    1   0
14 3 2 1 2 56   0   1
14 3 3 3 1 56   0   1
14 4 3 2 3 56   0   1
14 4 5 2 1 9    1   0
14 5 2 1 4 9    1   0
15 5 5 1 2 0    1   0
15 5 5 1 4 3    0   1
15 5 5 4 2 3    0   1
;

