Index = 293
_solve_time = 1094.2

:              xp  xb    :=
1  1 1 1 3 0    0   1
1  1 3 3 3 0    0   1
1  2 1 1 1 0    0   1
1  2 2 1 4 0    1   0
1  2 5 4 1 0    1   0
1  3 4 3 2 0    0   1
1  4 4 2 1 0    0   1
1  4 4 2 3 0    1   0
1  4 4 3 1 0    1   0
1  5 4 1 2 0    1   0
2  3 3 2 3 49   0   1
2  3 3 2 4 0    1   0
2  3 3 3 4 49   0   1
3  2 2 1 2 0    0   1
3  2 2 1 4 0    1   0
3  2 3 2 1 0    0   1
3  2 5 4 1 0    1   0
3  3 3 1 2 0    0   1
3  3 6 2 1 0    0   1
3  5 5 1 4 0    1   0
3  5 6 4 3 0    1   0
3  6 6 1 3 0    0   1
4  2 5 4 1 48   0   1
4  3 2 3 4 48   0   1
4  3 3 2 3 48   0   1
4  3 6 2 1 50   1   0
4  5 5 1 4 48   0   1
4  5 6 4 3 48   0   1
4  6 6 1 3 50   1   0
5  1 1 3 1 0    0   1
5  1 2 1 1 0    0   1
5  1 3 3 3 0    1   0
5  2 2 1 4 0    0   1
5  2 5 4 1 0    0   1
5  3 4 3 2 0    1   0
5  4 4 2 3 0    1   0
5  4 4 2 4 0    0   1
5  4 4 4 3 0    0   1
5  5 4 1 2 0    0   1
6  1 3 3 3 47   0   1
6  2 5 4 1 47   0   1
6  3 2 3 4 47   0   1
6  4 1 3 3 47   0   1
6  4 4 3 4 4    1   0
6  4 5 4 3 4    1   0
6  5 5 1 4 47   0   1
6  5 5 3 4 4    1   0
7  2 3 4 3 0    0   1
7  3 3 3 4 0    0   1
7  3 6 4 2 0    0   1
7  5 2 1 4 0    0   1
7  5 5 4 1 0    0   1
7  5 5 4 2 0    1   0
7  5 6 2 2 0    1   0
8  5 5 2 4 0    0   1
8  5 5 3 2 0    0   1
8  5 5 3 4 4    1   0
9  2 1 3 2 46   0   1
9  2 2 4 3 46   0   1
9  4 1 1 2 0    1   0
9  4 4 3 1 0    1   0
9  4 4 3 2 46   0   1
9  4 5 2 1 46   0   1
9  5 2 1 4 46   0   1
10 2 2 1 2 22   1   0
10 2 2 1 4 24   0   1
10 2 3 2 1 22   1   0
10 2 5 4 1 24   0   1
10 3 3 1 2 22   1   0
10 3 6 2 1 22   1   0
10 5 5 1 2 24   0   1
10 5 6 2 2 24   0   1
10 6 6 2 1 24   0   1
11 3 3 4 3 0    0   1
11 3 4 3 2 0    0   1
11 4 4 2 1 0    0   1
11 4 4 4 1 0    1   0
11 5 4 3 4 0    1   0
11 5 5 2 3 0    1   0
11 6 3 2 4 0    0   1
11 6 5 2 2 0    1   0
12 5 5 3 1 9    1   0
12 5 5 3 4 0    0   1
12 5 5 4 1 0    0   1
13 2 3 4 3 41   0   1
13 3 4 3 2 41   0   1
13 4 4 4 2 44   1   0
13 5 2 1 4 41   0   1
13 5 4 3 4 44   1   0
13 5 5 3 1 41   0   1
14 2 2 1 2 47   1   0
14 2 2 1 4 0    0   1
14 2 2 4 2 0    0   1
15 1 2 2 3 46   0   1
15 2 2 2 3 15   1   0
15 3 2 1 2 15   1   0
15 3 3 1 3 46   0   1
15 3 4 3 2 46   0   1
15 4 1 1 2 46   0   1
15 4 4 2 1 46   0   1
;

