Index = 239
_solve_time = 710.632

:              xp  xb    :=
1  2 2 2 1 0    1   0
1  2 2 4 1 0    0   1
1  3 2 1 2 0    1   0
1  3 3 2 1 0    1   0
1  3 3 2 3 0    0   1
1  3 4 3 2 0    0   1
1  4 5 2 1 0    0   1
1  5 2 1 4 0    0   1
2  1 3 3 3 0    0   1
2  2 5 4 1 0    0   1
2  3 2 3 4 0    0   1
2  4 1 3 3 0    0   1
2  4 4 3 4 0    1   0
2  4 5 4 3 0    1   0
2  5 5 1 4 0    0   1
2  5 5 3 4 0    1   0
3  2 3 4 3 4    0   1
3  2 5 4 1 23   1   0
3  3 4 3 2 4    0   1
3  4 4 2 1 23   1   0
3  4 4 2 3 4    0   1
3  4 4 3 1 4    0   1
3  5 4 1 2 23   1   0
4  4 4 1 3 9    1   0
4  4 4 1 4 1    0   1
4  4 4 4 3 1    0   1
5  3 3 1 2 0    1   0
5  3 3 1 4 25   0   1
5  3 3 4 2 25   0   1
6  1 1 1 2 3    0   1
6  1 2 1 1 0    1   0
6  1 3 2 1 3    0   1
6  2 2 1 2 0    1   0
6  3 2 1 2 3    0   1
7  3 3 2 3 25   1   0
7  3 4 3 2 25   1   0
7  3 6 2 1 7    0   1
7  4 4 2 3 25   1   0
7  4 4 4 3 7    0   1
7  5 4 3 4 7    0   1
7  5 5 2 3 7    0   1
7  6 5 2 2 7    0   1
7  6 6 1 2 7    0   1
8  2 2 2 1 23   0   1
8  2 2 4 1 0    1   0
8  2 2 4 2 23   0   1
9  2 2 1 2 15   0   1
9  2 2 1 4 39   1   0
9  2 3 2 1 15   0   1
9  2 5 4 1 39   1   0
9  3 3 1 4 15   0   1
9  3 6 4 2 15   0   1
9  5 5 1 2 39   1   0
9  5 6 2 2 39   1   0
10 2 3 4 3 4    0   1
10 3 4 3 2 4    0   1
10 4 4 2 1 4    0   1
10 4 4 4 1 63   1   0
10 5 2 1 4 4    0   1
10 5 4 3 4 63   1   0
10 5 5 3 1 4    0   1
11 2 1 3 2 1    0   1
11 2 2 4 3 1    0   1
11 3 2 3 4 1    0   1
11 4 1 1 2 4    1   0
11 4 3 2 3 1    0   1
11 4 4 2 1 4    1   0
12 1 1 2 1 18   1   0
12 2 1 1 1 67   0   1
12 2 2 4 1 67   0   1
12 3 2 3 4 67   0   1
12 4 1 1 2 18   1   0
12 4 3 2 3 67   0   1
12 4 4 2 1 18   1   0
13 3 2 3 4 2    0   1
13 3 3 4 3 2    0   1
13 5 2 1 4 38   1   0
13 5 5 4 1 38   1   0
13 6 3 2 4 2    0   1
13 6 5 3 4 38   1   0
13 6 6 3 2 2    0   1
14 1 1 2 1 0    0   1
14 2 1 1 1 1    1   0
14 2 2 4 1 1    1   0
14 4 1 1 2 0    0   1
14 4 4 4 1 0    0   1
14 5 2 1 4 1    1   0
14 5 4 3 4 0    0   1
14 5 5 2 1 1    1   0
14 5 5 2 3 0    0   1
15 1 2 2 3 2    1   0
15 1 3 2 1 6    0   1
15 2 2 3 4 2    1   0
15 2 5 4 1 2    1   0
15 3 3 1 4 6    0   1
15 3 6 4 2 6    0   1
15 5 5 1 4 2    1   0
15 6 5 3 4 6    0   1
15 6 6 2 3 6    0   1
;

