Index = 413
_solve_time = 638.908

:              xp  xb    :=
1  1 3 2 1 2    0   1
1  2 1 3 2 2    0   1
1  2 2 3 4 3    1   0
1  2 5 4 1 3    1   0
1  3 3 1 4 2    0   1
1  3 6 4 2 2    0   1
1  5 5 1 4 3    1   0
1  6 5 3 4 2    0   1
1  6 6 2 3 2    0   1
2  1 1 3 2 21   0   1
2  1 3 2 1 21   0   1
2  3 3 1 4 21   0   1
2  3 3 3 4 3    1   0
2  4 1 3 3 21   0   1
2  4 3 2 3 3    1   0
2  4 4 3 2 3    1   0
3  2 2 4 2 33   0   1
3  3 2 1 2 58   1   0
3  3 3 3 1 58   1   0
3  3 4 3 2 33   0   1
3  4 5 2 1 33   0   1
3  5 2 1 4 33   0   1
4  1 1 3 2 56   0   1
4  1 2 2 3 56   0   1
4  1 3 3 3 27   1   0
4  2 2 3 4 56   0   1
4  2 5 4 1 56   0   1
4  3 3 3 4 27   1   0
4  3 6 4 2 27   1   0
4  5 5 1 2 56   0   1
4  6 5 2 2 27   1   0
5  1 1 1 2 1    1   0
5  1 1 1 3 27   0   1
5  1 1 3 2 27   0   1
6  1 1 3 1 0    0   1
6  1 2 1 1 0    0   1
6  1 3 3 3 1    1   0
6  2 2 1 4 0    0   1
6  2 5 4 1 0    0   1
6  3 3 3 2 1    1   0
6  3 6 2 1 1    1   0
6  5 5 1 4 0    0   1
6  5 6 4 3 0    0   1
6  6 6 3 1 0    0   1
7  2 3 4 3 0    0   1
7  3 4 3 2 0    0   1
7  4 4 2 1 0    0   1
7  4 4 2 3 0    1   0
7  4 4 3 1 0    1   0
7  5 2 1 4 0    0   1
7  5 4 1 2 0    1   0
8  2 3 4 3 0    0   1
8  3 3 3 4 0    0   1
8  3 6 4 2 0    0   1
8  5 2 1 4 0    0   1
8  5 5 2 1 0    0   1
8  5 6 2 2 0    1   0
9  2 2 2 4 0    0   1
9  2 5 4 1 0    0   1
9  3 2 1 2 0    0   1
9  3 3 1 3 14   1   0
9  3 4 3 2 14   1   0
9  4 4 2 4 14   1   0
9  5 4 3 4 0    0   1
9  5 5 1 3 0    0   1
10 1 1 1 3 24   1   0
10 2 1 1 1 24   1   0
10 2 2 2 1 24   1   0
10 2 2 2 4 1    0   1
10 2 5 4 1 1    0   1
10 4 1 3 3 1    0   1
10 4 4 2 3 1    0   1
10 5 4 1 2 1    0   1
11 2 2 2 1 1    1   0
11 2 2 4 1 3    0   1
11 3 2 1 2 1    1   0
11 3 3 2 1 1    1   0
11 5 2 1 4 3    0   1
11 5 5 2 1 3    0   1
11 6 3 1 2 1    1   0
11 6 5 2 2 3    0   1
11 6 6 1 2 3    0   1
12 1 1 1 2 17   1   0
12 1 2 1 1 6    0   1
12 1 3 2 1 17   1   0
12 2 2 1 2 6    0   1
12 2 3 2 1 6    0   1
13 1 2 2 3 0    1   0
13 2 2 3 2 0    1   0
13 2 2 4 2 12   0   1
13 3 2 3 4 12   0   1
13 4 1 1 2 0    1   0
13 4 3 2 3 12   0   1
13 4 4 1 2 12   0   1
14 1 1 1 2 33   0   1
14 1 3 2 1 33   0   1
14 2 1 1 1 33   0   1
14 2 2 1 2 19   1   0
14 2 3 2 1 19   1   0
15 3 3 2 3 33   0   1
15 3 4 3 2 33   0   1
15 4 5 2 1 33   0   1
15 5 5 2 1 37   1   0
15 6 3 1 2 33   0   1
15 6 5 2 2 37   1   0
15 6 6 1 2 37   1   0
;

