Index = 242
_solve_time = 796.508

:              xp  xb    :=
1  2 2 2 3 3    0   1
1  2 2 4 3 47   1   0
1  3 2 1 2 3    0   1
1  3 3 4 1 3    0   1
1  5 2 1 4 47   1   0
1  5 5 4 1 47   1   0
1  6 3 2 4 3    0   1
1  6 5 3 4 47   1   0
1  6 6 3 2 3    0   1
2  2 3 4 3 5    1   0
2  3 3 3 2 5    1   0
2  3 3 4 2 1    0   1
2  5 2 1 4 5    1   0
2  5 5 3 1 5    1   0
2  5 5 3 2 1    0   1
2  5 6 2 2 1    0   1
2  6 3 2 4 1    0   1
3  2 2 1 2 70   0   1
3  2 2 4 1 70   0   1
3  2 2 4 2 23   1   0
4  2 5 4 1 2    0   1
4  3 2 3 4 2    0   1
4  4 3 2 3 2    0   1
4  4 4 4 2 2    0   1
4  4 5 4 3 49   1   0
4  5 5 1 4 2    0   1
4  5 5 3 4 49   1   0
5  1 1 2 1 14   0   1
5  1 1 3 1 0    1   0
5  1 1 3 2 14   0   1
6  2 5 4 1 0    0   1
6  3 2 3 4 0    0   1
6  3 4 3 2 0    1   0
6  4 4 2 4 0    1   0
6  5 4 3 4 0    0   1
6  5 5 1 3 0    0   1
7  2 5 4 1 9    0   1
7  3 2 3 4 9    0   1
7  4 3 2 3 9    0   1
7  4 4 2 4 0    1   0
7  4 5 4 3 0    1   0
7  5 5 1 3 9    0   1
8  3 3 3 2 35   0   1
8  3 6 2 1 35   0   1
8  4 3 2 3 35   0   1
8  5 4 1 2 35   0   1
8  5 5 4 1 35   0   1
8  5 6 4 3 50   1   0
8  6 6 3 1 50   1   0
9  3 2 3 4 0    1   0
9  3 3 2 3 0    1   0
9  5 2 1 4 10   0   1
9  5 5 2 1 10   0   1
9  6 3 1 2 0    1   0
9  6 5 2 2 10   0   1
9  6 6 1 2 10   0   1
10 3 3 3 2 15   0   1
10 3 6 2 1 15   0   1
10 4 3 2 3 15   0   1
10 5 4 1 2 15   0   1
10 5 5 1 4 47   1   0
10 5 6 4 3 47   1   0
10 6 6 3 1 47   1   0
11 3 3 2 3 20   0   1
11 3 4 3 2 20   0   1
11 4 5 2 1 20   0   1
11 5 5 4 1 49   1   0
11 6 3 1 2 20   0   1
11 6 5 3 4 49   1   0
11 6 6 3 1 20   0   1
12 1 3 3 3 22   1   0
12 4 1 3 3 22   1   0
12 4 3 2 3 48   0   1
12 4 4 3 2 48   0   1
13 2 2 2 4 0    0   1
13 2 5 4 1 0    0   1
13 3 2 1 2 0    0   1
13 3 3 1 3 4    1   0
13 3 4 3 2 4    1   0
13 4 5 2 1 4    1   0
14 2 5 4 1 0    0   1
14 3 2 3 4 0    0   1
14 3 3 3 4 4    1   0
14 3 6 4 2 4    1   0
14 5 5 1 2 0    0   1
14 6 5 2 2 4    1   0
15 2 5 4 1 39   0   1
15 3 2 3 4 39   0   1
15 3 3 4 3 39   0   1
15 5 5 1 3 39   0   1
15 5 5 2 3 68   1   0
15 6 3 2 4 39   0   1
15 6 5 2 2 68   1   0
;

