Index = 377
_solve_time = 562

:              xp  xb    :=
1  3 3 2 3 70   0   1
1  3 4 3 2 70   0   1
1  4 4 2 4 70   0   1
1  4 5 4 3 70   0   1
1  5 5 2 3 1    1   0
1  6 3 1 2 70   0   1
1  6 5 2 2 1    1   0
1  6 6 1 2 1    1   0
2  2 3 4 3 45   0   1
2  3 3 3 4 45   0   1
2  5 2 1 4 45   0   1
2  5 5 1 2 12   1   0
2  5 6 2 2 12   1   0
2  6 3 2 4 12   1   0
3  2 1 3 2 18   1   0
3  2 2 2 3 18   1   0
3  3 2 1 2 18   1   0
3  3 3 4 1 18   1   0
3  4 1 1 2 0    0   1
3  4 4 4 1 0    0   1
3  5 4 3 4 0    0   1
3  5 5 2 3 0    0   1
3  6 3 2 4 18   1   0
3  6 5 2 2 0    0   1
4  1 1 3 1 28   1   0
4  2 1 1 1 16   0   1
4  2 2 4 1 16   0   1
4  3 2 3 4 16   0   1
4  4 1 3 3 28   1   0
4  4 3 2 3 16   0   1
4  4 4 3 2 16   0   1
5  2 1 3 2 5    1   0
5  2 2 3 4 2    0   1
5  2 5 4 1 2    0   1
5  4 1 1 2 2    0   1
5  4 4 2 1 2    0   1
5  5 4 1 2 2    0   1
6  1 1 3 1 37   0   1
6  1 2 1 1 37   0   1
6  1 3 3 3 0    1   0
6  2 2 1 4 37   0   1
6  2 5 4 1 37   0   1
6  3 4 3 2 0    1   0
6  4 5 2 1 0    1   0
7  1 1 2 3 0    1   0
7  1 2 2 3 20   0   1
7  1 3 3 3 0    1   0
7  2 2 3 4 20   0   1
7  2 5 4 1 20   0   1
7  3 4 3 2 0    1   0
7  4 4 2 4 0    1   0
7  5 4 3 4 20   0   1
7  5 5 1 3 20   0   1
8  5 5 2 3 51   1   0
8  5 5 2 4 65   0   1
8  5 5 4 3 65   0   1
9  1 1 3 2 4    0   1
9  1 2 2 3 4    0   1
9  1 3 3 3 0    1   0
9  2 2 3 4 4    0   1
9  2 5 4 1 4    0   1
9  3 3 3 2 0    1   0
9  3 6 2 1 0    1   0
9  5 5 1 4 4    0   1
9  5 6 4 3 4    0   1
9  6 6 3 1 4    0   1
10 3 3 1 2 1    1   0
10 3 3 1 3 1    0   1
10 3 3 3 2 1    0   1
11 3 2 3 4 3    0   1
11 3 3 4 3 3    0   1
11 5 2 1 4 20   1   0
11 5 5 2 1 20   1   0
11 5 6 2 2 3    0   1
11 6 3 2 4 3    0   1
12 1 3 2 1 36   0   1
12 3 3 3 1 63   1   0
12 4 1 1 2 36   0   1
12 4 3 2 3 63   1   0
12 4 4 2 1 36   0   1
13 3 3 1 3 0    0   1
13 3 3 1 4 0    1   0
13 3 4 3 2 0    0   1
13 3 6 4 2 0    1   0
13 4 5 2 1 0    0   1
13 5 5 1 2 0    0   1
13 5 6 2 2 0    0   1
14 1 3 3 3 59   0   1
14 3 2 3 4 59   0   1
14 4 1 3 3 59   0   1
14 4 4 3 2 0    1   0
14 4 5 2 1 0    1   0
14 5 2 1 4 0    1   0
15 1 1 2 1 11   1   0
15 1 2 1 1 11   1   0
15 1 3 2 1 9    0   1
15 2 2 2 1 9    0   1
15 3 2 1 2 9    0   1
;

