Index = 294
_solve_time = 538.06

:              xp  xb    :=
1  3 3 3 4 0    0   1
1  4 3 2 3 0    0   1
1  5 4 1 2 0    0   1
1  5 5 1 2 0    1   0
1  5 6 2 2 0    1   0
1  6 3 2 4 0    1   0
2  2 1 3 2 0    0   1
2  2 2 2 3 0    0   1
2  3 2 1 2 0    0   1
2  3 3 2 1 0    0   1
2  3 3 2 3 47   1   0
2  3 4 3 2 47   1   0
2  4 1 1 2 47   1   0
2  4 4 2 1 47   1   0
3  3 3 2 3 43   1   0
3  3 3 2 4 4    0   1
3  3 4 3 2 43   1   0
3  3 6 4 2 4    0   1
3  4 4 2 4 43   1   0
3  5 4 3 4 4    0   1
3  5 5 2 3 4    0   1
3  6 5 2 2 4    0   1
4  2 5 4 1 37   0   1
4  3 2 3 4 37   0   1
4  3 3 2 3 37   0   1
4  5 5 1 4 37   0   1
4  6 3 1 2 37   0   1
4  6 5 3 4 1    1   0
4  6 6 1 3 1    1   0
5  2 1 3 2 0    1   0
5  2 2 2 3 0    1   0
5  3 2 1 2 0    1   0
5  3 3 2 1 0    1   0
5  4 1 1 2 0    0   1
5  4 4 2 1 0    0   1
5  5 4 1 2 0    0   1
5  5 5 4 1 0    0   1
5  6 3 1 2 0    1   0
5  6 5 3 4 0    0   1
5  6 6 1 3 0    0   1
6  1 1 3 1 0    0   1
6  1 2 1 1 0    0   1
6  1 3 3 3 10   1   0
6  2 2 1 4 0    0   1
6  2 5 4 1 0    0   1
6  3 4 3 2 10   1   0
6  4 5 2 1 10   1   0
7  2 3 4 3 45   0   1
7  2 5 4 1 1    1   0
7  3 3 3 4 45   0   1
7  3 6 4 2 45   0   1
7  5 5 1 4 1    1   0
7  5 6 4 3 1    1   0
7  6 6 2 3 45   0   1
8  1 1 1 2 10   0   1
8  1 1 3 1 10   0   1
8  1 1 3 2 4    1   0
9  2 1 3 2 0    0   1
9  2 2 4 3 0    0   1
9  3 2 3 4 0    0   1
9  4 1 1 2 43   1   0
9  4 3 2 3 0    0   1
9  4 4 3 1 43   1   0
9  4 4 3 2 0    0   1
10 2 3 4 3 8    0   1
10 3 4 3 2 8    0   1
10 4 4 2 4 8    0   1
10 5 2 1 4 8    0   1
10 5 4 3 4 52   1   0
10 5 5 2 1 8    0   1
10 5 5 2 3 52   1   0
11 1 1 1 3 0    0   1
11 1 3 3 3 0    0   1
11 2 1 1 1 0    0   1
11 2 2 1 2 10   1   0
11 2 3 2 1 10   1   0
11 3 3 1 2 10   1   0
11 3 3 3 2 0    0   1
12 1 1 2 1 28   0   1
12 2 1 1 1 65   1   0
12 2 2 3 1 65   1   0
12 2 2 3 4 28   0   1
12 2 5 4 1 28   0   1
12 4 1 1 2 28   0   1
12 4 4 2 1 28   0   1
12 5 4 1 2 28   0   1
13 2 2 4 2 7    1   0
13 3 2 1 2 19   0   1
13 3 3 3 1 19   0   1
13 4 3 2 3 19   0   1
13 5 2 1 4 7    1   0
13 5 4 1 2 19   0   1
14 1 1 2 1 15   1   0
14 1 2 1 1 15   1   0
14 1 3 2 1 0    0   1
14 2 2 2 1 0    0   1
14 3 2 1 2 0    0   1
15 2 3 4 3 2    0   1
15 3 4 3 2 2    0   1
15 4 4 2 4 2    0   1
15 5 2 1 4 2    0   1
15 5 4 3 4 33   1   0
15 5 5 3 1 2    0   1
;

