Index = 284
_solve_time = 705.88

:              xp  xb    :=
1  1 1 2 1 0    0   1
1  2 1 1 1 19   1   0
1  2 2 4 1 19   1   0
1  4 1 1 2 0    0   1
1  4 4 4 1 0    0   1
1  5 2 1 4 19   1   0
1  5 4 3 4 0    0   1
1  5 5 2 1 19   1   0
1  5 5 2 3 0    0   1
2  2 1 3 2 20   1   0
2  2 2 4 3 20   1   0
2  4 1 1 2 3    0   1
2  4 4 4 1 3    0   1
2  5 2 1 4 20   1   0
2  5 4 3 4 3    0   1
2  5 5 4 1 20   1   0
2  5 5 4 3 3    0   1
3  4 4 1 2 16   0   1
3  4 4 1 4 2    1   0
3  4 4 2 4 16   0   1
4  2 3 4 3 1    0   1
4  3 3 3 1 1    0   1
4  3 3 4 1 72   1   0
4  5 2 1 4 1    0   1
4  5 5 2 1 1    0   1
4  6 3 2 4 72   1   0
4  6 5 2 2 1    0   1
5  1 2 2 3 2    0   1
5  1 3 2 1 0    1   0
5  2 2 3 2 2    0   1
5  3 2 1 2 0    1   0
6  4 4 2 3 15   0   1
6  4 4 2 4 0    1   0
6  4 4 3 4 15   0   1
7  2 2 2 4 15   0   1
7  2 5 4 1 15   0   1
7  3 2 1 2 15   0   1
7  3 3 1 2 2    1   0
7  3 6 2 1 2    1   0
7  5 5 1 4 15   0   1
7  6 5 3 4 2    1   0
7  6 6 1 3 2    1   0
8  3 3 1 4 13   0   1
8  3 3 2 1 13   0   1
8  3 3 2 4 27   1   0
9  1 1 2 3 1    0   1
9  1 2 2 3 6    1   0
9  1 3 3 3 1    0   1
9  2 2 3 4 6    1   0
9  2 5 4 1 6    1   0
9  3 4 3 2 1    0   1
9  4 4 2 4 1    0   1
9  4 5 4 3 1    0   1
9  5 5 1 3 6    1   0
10 4 4 2 3 35   0   1
10 4 4 4 2 35   0   1
10 4 4 4 3 39   1   0
11 1 1 1 2 0    0   1
11 1 2 1 1 49   1   0
11 1 3 2 1 0    0   1
11 2 2 1 2 49   1   0
11 3 2 1 2 0    0   1
12 2 3 4 3 28   0   1
12 3 3 3 4 28   0   1
12 5 2 1 4 28   0   1
12 5 5 4 1 28   0   1
12 5 5 4 2 0    1   0
12 5 6 2 2 0    1   0
12 6 3 2 4 0    1   0
13 1 1 1 2 4    0   1
13 1 2 1 1 38   1   0
13 1 3 2 1 4    0   1
13 2 2 1 2 38   1   0
13 3 2 1 2 4    0   1
14 1 3 2 1 0    0   1
14 3 3 3 1 0    1   0
14 4 1 1 2 0    0   1
14 4 3 2 3 0    1   0
14 4 4 3 1 0    0   1
14 4 4 3 2 0    1   0
15 1 1 1 3 1    0   1
15 2 1 1 1 1    0   1
15 2 2 4 1 1    0   1
15 4 1 3 3 55   1   0
15 4 4 4 3 55   1   0
15 5 2 1 4 1    0   1
15 5 4 3 4 55   1   0
15 5 5 4 1 1    0   1
15 5 5 4 3 55   1   0
;

