Index = 305
_solve_time = 950.416

:              xp  xb    :=
1  1 1 3 1 6    1   0
1  2 1 1 1 3    0   1
1  2 2 4 1 3    0   1
1  4 1 3 3 6    1   0
1  4 4 4 3 6    1   0
1  4 5 4 3 3    0   1
1  5 2 1 4 3    0   1
1  5 5 3 1 3    0   1
2  1 1 2 3 67   0   1
2  1 3 3 3 67   0   1
2  2 1 3 2 67   0   1
2  2 2 3 4 0    1   0
2  2 3 4 3 0    1   0
3  3 3 4 3 61   0   1
3  4 3 2 3 6    1   0
3  5 4 1 2 6    1   0
3  5 5 2 1 6    1   0
3  5 6 2 2 61   0   1
3  6 3 2 4 61   0   1
4  1 1 2 1 21   1   0
4  2 1 1 1 3    0   1
4  2 2 4 1 3    0   1
4  4 1 1 2 21   1   0
4  4 4 4 1 21   1   0
4  4 5 4 3 3    0   1
4  5 2 1 4 3    0   1
4  5 5 3 1 3    0   1
5  2 5 4 1 5    0   1
5  3 2 3 4 5    0   1
5  3 3 2 3 5    0   1
5  3 6 2 1 0    1   0
5  5 5 1 2 5    0   1
5  5 6 2 2 5    0   1
5  6 6 1 2 0    1   0
6  1 1 3 1 2    0   1
6  1 2 1 1 2    0   1
6  1 3 3 3 0    1   0
6  2 2 1 2 2    0   1
6  2 3 2 1 2    0   1
6  3 3 1 4 2    0   1
6  3 3 3 4 0    1   0
7  2 1 3 2 0    1   0
7  2 2 2 3 0    1   0
7  3 2 1 2 0    1   0
7  3 3 2 1 0    1   0
7  3 3 2 3 60   0   1
7  3 4 3 2 60   0   1
7  4 1 1 2 60   0   1
7  4 4 2 1 60   0   1
8  2 5 4 1 17   1   0
8  3 2 3 4 17   1   0
8  3 3 3 4 10   0   1
8  3 6 4 2 10   0   1
8  5 5 1 2 17   1   0
8  6 5 2 2 10   0   1
9  1 1 2 3 9    0   1
9  2 1 3 2 9    0   1
9  2 2 4 3 9    0   1
9  4 1 3 3 0    1   0
9  4 4 4 2 9    0   1
9  4 4 4 3 0    1   0
9  4 5 2 1 9    0   1
9  5 2 1 4 9    0   1
10 3 3 2 3 9    1   0
10 3 4 3 2 9    1   0
10 3 6 2 1 29   0   1
10 4 4 2 1 9    1   0
10 4 4 4 1 29   0   1
10 5 4 3 4 29   0   1
10 5 5 2 3 29   0   1
10 6 5 2 2 29   0   1
10 6 6 1 2 29   0   1
11 2 3 4 3 0    0   1
11 3 3 3 2 0    0   1
11 5 2 1 4 0    0   1
11 5 5 3 1 0    0   1
11 5 5 3 2 18   1   0
11 5 6 2 2 18   1   0
11 6 3 1 2 18   1   0
11 6 6 2 1 18   1   0
12 2 3 4 3 0    0   1
12 3 3 3 4 0    0   1
12 5 2 1 4 0    0   1
12 5 5 4 1 0    0   1
12 6 3 2 4 6    1   0
12 6 5 3 4 0    0   1
12 6 6 3 2 6    1   0
13 3 3 3 2 72   0   1
13 3 6 2 1 72   0   1
13 4 3 2 3 72   0   1
13 5 4 1 2 72   0   1
13 5 5 1 4 52   1   0
13 5 6 4 3 52   1   0
13 6 6 3 1 52   1   0
14 1 1 3 2 35   0   1
14 1 2 2 3 35   0   1
14 1 3 3 3 11   1   0
14 2 2 3 2 35   0   1
14 2 3 2 1 35   0   1
14 3 3 1 2 35   0   1
14 3 3 3 2 11   1   0
15 2 3 4 3 49   1   0
15 2 5 4 1 5    0   1
15 4 3 2 3 5    0   1
15 5 4 1 2 5    0   1
;

