Index = 257
_solve_time = 580.656

:              xp  xb    :=
1  2 2 1 2 3    0   1
1  2 2 1 4 0    1   0
1  2 3 2 1 3    0   1
1  2 5 4 1 0    1   0
1  3 3 1 4 3    0   1
1  3 6 4 2 3    0   1
1  5 5 1 2 0    1   0
1  5 6 2 2 0    1   0
2  2 2 2 4 0    0   1
2  2 3 2 1 2    1   0
2  2 5 4 1 0    0   1
2  3 3 1 4 2    1   0
2  3 6 4 2 2    1   0
2  5 5 1 2 0    0   1
2  5 6 2 2 0    0   1
3  5 5 2 3 1    1   0
3  5 5 2 4 24   0   1
3  5 5 4 3 24   0   1
4  2 1 3 2 0    0   1
4  2 2 4 3 0    0   1
4  3 3 2 3 4    1   0
4  3 4 3 2 4    1   0
4  4 1 1 2 4    1   0
4  4 4 2 1 4    1   0
4  5 2 1 4 0    0   1
4  5 5 2 1 0    0   1
4  6 3 1 2 4    1   0
4  6 5 2 2 0    0   1
4  6 6 1 2 0    0   1
5  2 3 4 3 2    0   1
5  4 3 2 3 1    1   0
5  4 4 4 2 1    1   0
5  5 2 1 4 2    0   1
5  5 4 3 4 1    1   0
5  5 5 3 1 2    0   1
6  1 3 2 1 58   0   1
6  2 1 3 2 58   0   1
6  2 2 4 3 58   0   1
6  2 3 4 3 1    1   0
6  3 3 1 4 58   0   1
6  3 3 3 4 1    1   0
7  3 2 3 4 2    1   0
7  3 3 2 3 2    1   0
7  5 2 1 4 25   0   1
7  5 5 2 1 25   0   1
7  6 3 1 2 2    1   0
7  6 5 2 2 25   0   1
7  6 6 1 2 25   0   1
8  1 1 1 3 31   0   1
8  1 3 3 3 31   0   1
8  2 1 1 1 31   0   1
8  2 2 1 4 0    1   0
8  2 3 4 3 0    1   0
9  3 3 3 4 45   0   1
9  3 4 3 2 19   1   0
9  3 6 4 2 45   0   1
9  4 5 2 1 19   1   0
9  5 5 1 2 19   1   0
9  6 5 2 2 45   0   1
10 2 3 4 3 10   0   1
10 3 4 3 2 10   0   1
10 4 4 2 4 10   0   1
10 5 2 1 4 10   0   1
10 5 4 3 4 57   1   0
10 5 5 2 1 10   0   1
10 5 5 2 3 57   1   0
11 1 3 3 3 0    0   1
11 2 5 4 1 0    0   1
11 3 2 3 4 0    0   1
11 4 1 3 3 0    0   1
11 4 4 3 4 62   1   0
11 4 5 4 3 62   1   0
11 5 5 1 4 0    0   1
11 5 5 3 4 62   1   0
12 2 2 2 3 32   1   0
12 2 2 4 3 65   0   1
12 3 2 1 2 32   1   0
12 3 3 2 1 32   1   0
12 3 3 2 3 65   0   1
12 3 4 3 2 65   0   1
12 4 5 2 1 65   0   1
12 5 2 1 4 65   0   1
13 1 3 2 1 10   0   1
13 2 1 3 2 10   0   1
13 2 2 4 2 38   1   0
13 2 2 4 3 10   0   1
13 2 3 2 1 38   1   0
14 1 1 1 3 38   1   0
14 1 2 1 1 46   0   1
14 1 3 3 3 38   1   0
14 2 2 1 4 46   0   1
14 2 5 4 1 46   0   1
14 3 4 3 2 38   1   0
14 4 4 2 1 38   1   0
14 4 4 2 3 46   0   1
14 4 4 3 1 46   0   1
14 5 4 1 2 46   0   1
15 4 4 3 2 1    1   0
15 4 4 3 4 7    0   1
15 4 4 4 2 7    0   1
;

