Index = 293
_solve_time = 783.636

:              xp  xb    :=
1  1 1 3 2 5    1   0
1  1 2 2 3 5    1   0
1  1 3 3 3 58   0   1
1  2 2 4 3 58   0   1
1  3 2 3 4 58   0   1
2  2 5 4 1 7    0   1
2  3 2 3 4 7    0   1
2  3 3 4 3 7    0   1
2  3 6 4 2 50   1   0
2  5 5 1 2 7    0   1
2  6 5 2 2 50   1   0
3  2 2 1 3 62   0   1
3  2 2 2 1 62   0   1
3  2 2 2 3 1    1   0
4  1 2 2 3 16   1   0
4  2 2 4 3 2    0   1
4  3 2 3 4 2    0   1
4  4 1 1 2 16   1   0
4  4 3 2 3 2    0   1
4  4 4 4 1 16   1   0
4  4 4 4 2 2    0   1
5  1 1 2 3 48   0   1
5  2 1 3 2 48   0   1
5  2 2 2 3 48   0   1
5  3 2 1 2 48   0   1
5  3 3 4 1 48   0   1
5  3 3 4 3 0    1   0
5  3 4 3 2 0    1   0
5  4 1 3 3 0    1   0
5  4 4 2 3 0    1   0
6  2 1 3 2 1    1   0
6  2 2 3 4 19   0   1
6  2 3 4 3 19   0   1
6  3 4 3 2 19   0   1
6  4 1 1 2 19   0   1
6  4 4 2 1 19   0   1
7  1 1 1 3 0    0   1
7  2 1 1 1 0    0   1
7  2 2 4 1 0    0   1
7  3 2 3 4 0    0   1
7  3 4 3 2 74   1   0
7  4 1 3 3 74   1   0
7  4 4 2 3 74   1   0
8  1 2 2 3 8    1   0
8  1 3 2 1 50   0   1
8  2 2 3 2 8    1   0
8  3 2 1 2 50   0   1
9  1 1 2 3 32   1   0
9  1 2 2 3 9    0   1
9  1 3 3 3 32   1   0
9  2 2 3 4 9    0   1
9  2 5 4 1 9    0   1
9  3 4 3 2 32   1   0
9  4 4 2 3 32   1   0
9  4 4 4 3 9    0   1
9  5 4 3 4 9    0   1
9  5 5 1 3 9    0   1
10 2 5 4 1 41   0   1
10 3 2 3 4 41   0   1
10 3 3 2 3 41   0   1
10 5 5 1 2 41   0   1
10 6 3 1 2 41   0   1
10 6 5 2 2 2    1   0
10 6 6 1 2 2    1   0
11 4 4 2 1 0    1   0
11 4 4 2 4 7    0   1
11 4 4 4 1 7    0   1
12 3 3 3 4 0    0   1
12 3 6 4 2 0    0   1
12 4 3 2 3 0    0   1
12 4 4 1 2 0    0   1
12 4 4 1 4 66   1   0
12 4 5 4 3 66   1   0
12 5 5 3 4 66   1   0
12 5 6 4 3 66   1   0
12 6 6 2 3 0    0   1
13 2 5 4 1 29   0   1
13 3 2 3 4 29   0   1
13 3 3 3 4 18   1   0
13 3 6 4 2 18   1   0
13 5 5 1 4 29   0   1
13 5 6 4 3 29   0   1
13 6 6 2 3 18   1   0
14 1 3 2 1 28   1   0
14 2 2 4 2 13   0   1
14 3 2 1 2 28   1   0
14 4 1 1 2 28   1   0
14 4 4 4 1 28   1   0
14 4 5 4 3 13   0   1
14 5 2 1 4 13   0   1
14 5 5 3 1 13   0   1
15 1 1 3 1 1    0   1
15 2 1 1 1 14   1   0
15 2 2 1 4 1    0   1
15 2 5 4 1 1    0   1
15 4 1 3 3 1    0   1
15 4 4 2 3 1    0   1
15 5 4 1 2 1    0   1
;

