Index = 313
_solve_time = 844.8

:              xp  xb    :=
1  3 3 3 2 8    1   0
1  3 4 3 2 72   0   1
1  3 6 2 1 8    1   0
1  4 5 2 1 72   0   1
1  5 5 1 4 72   0   1
1  5 6 4 3 72   0   1
1  6 6 3 1 72   0   1
2  2 3 4 3 3    0   1
2  3 4 3 2 3    0   1
2  4 4 2 1 3    0   1
2  4 4 4 1 38   1   0
2  5 2 1 4 3    0   1
2  5 4 3 4 38   1   0
2  5 5 4 1 3    0   1
2  5 5 4 3 38   1   0
3  1 1 1 3 8    0   1
3  2 1 1 1 8    0   1
3  2 2 4 1 8    0   1
3  4 1 3 3 0    1   0
3  4 4 4 3 0    1   0
3  4 5 4 3 8    0   1
3  5 2 1 4 8    0   1
3  5 5 3 1 8    0   1
4  2 2 2 3 4    0   1
4  2 2 4 2 4    0   1
4  2 2 4 3 51   1   0
5  1 2 2 3 0    1   0
5  2 2 3 4 0    1   0
5  3 2 3 4 0    0   1
5  4 1 1 2 0    1   0
5  4 3 2 3 0    0   1
5  4 4 1 2 0    0   1
6  1 3 3 3 0    0   1
6  3 3 3 4 0    0   1
6  3 6 4 2 0    0   1
6  4 1 3 3 0    0   1
6  4 4 3 4 0    1   0
6  4 5 4 3 0    1   0
6  5 5 3 2 0    1   0
6  5 6 2 2 0    1   0
7  2 2 2 4 0    1   0
7  2 3 2 1 27   0   1
7  2 5 4 1 0    1   0
7  3 3 1 2 27   0   1
7  3 6 2 1 27   0   1
7  5 5 1 4 0    1   0
7  5 6 4 3 0    1   0
7  6 6 1 3 27   0   1
8  2 2 2 1 0    1   0
8  2 2 4 1 0    0   1
8  3 2 1 2 0    1   0
8  3 3 1 3 0    0   1
8  3 4 3 2 0    0   1
8  4 5 2 1 0    0   1
8  5 2 1 4 0    0   1
9  2 1 3 2 0    0   1
9  2 2 4 3 0    0   1
9  4 1 1 2 2    1   0
9  4 4 4 1 2    1   0
9  5 2 1 4 0    0   1
9  5 4 3 4 2    1   0
9  5 5 3 1 0    0   1
10 2 1 3 2 52   1   0
10 2 2 4 3 52   1   0
10 3 2 3 4 52   1   0
10 3 4 3 2 55   0   1
10 4 1 1 2 55   0   1
10 4 4 2 1 55   0   1
11 3 3 2 1 0    0   1
11 3 3 3 1 71   1   0
11 4 3 2 3 71   1   0
11 5 4 1 2 71   1   0
11 5 5 4 1 71   1   0
11 5 6 4 3 0    0   1
11 6 3 1 2 0    0   1
11 6 6 3 1 0    0   1
12 1 1 3 1 0    0   1
12 2 1 1 1 15   1   0
12 2 2 3 1 15   1   0
12 2 2 3 4 0    0   1
12 2 3 4 3 0    0   1
12 3 4 3 2 0    0   1
12 4 1 3 3 0    0   1
12 4 4 2 3 0    0   1
13 2 3 4 3 37   0   1
13 3 3 3 4 37   0   1
13 3 6 4 2 37   0   1
13 5 2 1 4 37   0   1
13 5 5 2 1 37   0   1
13 5 6 2 2 13   1   0
14 1 1 2 1 8    1   0
14 1 2 1 1 8    1   0
14 1 3 2 1 0    0   1
14 2 2 2 1 0    0   1
14 3 2 1 2 0    0   1
15 3 3 4 3 13   0   1
15 3 4 3 2 13   0   1
15 4 5 2 1 13   0   1
15 5 5 1 4 13   0   1
15 6 3 2 4 13   0   1
15 6 5 3 4 15   1   0
15 6 6 2 3 15   1   0
;

