Index = 210
_solve_time = 470.092

:              xp  xb    :=
1  3 3 3 4 47   0   1
1  3 6 4 2 47   0   1
1  4 3 2 3 47   0   1
1  4 4 4 2 47   0   1
1  4 5 4 3 1    1   0
1  5 5 3 2 1    1   0
1  5 6 2 2 1    1   0
2  2 5 4 1 72   0   1
2  3 2 3 4 72   0   1
2  4 3 2 3 72   0   1
2  4 4 4 2 72   0   1
2  4 5 4 3 0    1   0
2  5 5 1 4 72   0   1
2  5 5 3 4 0    1   0
3  2 5 4 1 52   1   0
3  3 2 3 4 52   1   0
3  3 4 3 2 49   0   1
3  4 5 2 1 49   0   1
4  2 3 4 3 48   0   1
4  3 3 3 4 48   0   1
4  5 2 1 4 48   0   1
4  5 5 2 1 48   0   1
4  5 6 2 2 25   1   0
4  6 3 2 4 25   1   0
5  4 4 2 1 48   1   0
5  4 4 2 3 32   0   1
5  4 4 3 1 32   0   1
6  2 3 4 3 0    0   1
6  3 4 3 2 0    0   1
6  4 4 2 1 0    0   1
6  4 4 4 1 0    1   0
6  5 2 1 4 0    0   1
6  5 4 3 4 0    1   0
6  5 5 2 1 0    0   1
6  5 5 2 3 0    1   0
7  4 4 3 1 56   1   0
7  4 4 3 4 0    0   1
7  4 4 4 1 0    0   1
8  2 3 4 3 69   0   1
8  3 3 3 4 69   0   1
8  3 6 4 2 69   0   1
8  5 2 1 4 69   0   1
8  5 5 1 2 0    1   0
8  5 6 2 2 0    1   0
9  3 3 4 3 23   0   1
9  3 4 3 2 23   0   1
9  4 5 2 1 23   0   1
9  5 5 1 4 23   0   1
9  6 3 2 4 23   0   1
9  6 5 3 4 47   1   0
9  6 6 2 3 47   1   0
10 2 5 4 1 47   0   1
10 3 2 3 4 47   0   1
10 3 3 4 3 47   0   1
10 5 5 1 2 47   0   1
10 6 3 2 4 47   0   1
10 6 5 2 2 46   1   0
11 1 1 2 1 21   0   1
11 1 1 3 1 24   1   0
11 1 1 3 2 21   0   1
12 1 3 3 3 52   1   0
12 3 3 1 4 5    0   1
12 3 3 3 1 5    0   1
12 3 3 3 4 52   1   0
12 4 1 3 3 52   1   0
12 4 3 2 3 5    0   1
12 4 4 3 2 5    0   1
13 2 3 4 3 15   0   1
13 3 3 3 2 15   0   1
13 3 6 2 1 15   0   1
13 5 2 1 4 15   0   1
13 5 5 1 2 56   1   0
13 5 6 2 2 56   1   0
13 6 6 2 1 56   1   0
14 2 2 1 3 0    0   1
14 2 2 1 4 69   1   0
14 2 2 3 4 0    0   1
15 3 3 2 4 23   0   1
15 3 3 3 2 23   0   1
15 3 3 3 4 70   1   0
;

