Index = 377
_solve_time = 2733.58

:              xp  xb    :=
1  2 3 4 3 63   0   1
1  3 3 3 2 63   0   1
1  5 2 1 4 63   0   1
1  5 5 4 1 63   0   1
1  5 6 4 3 0    1   0
1  6 3 1 2 0    1   0
1  6 6 3 1 0    1   0
2  3 3 3 2 0    1   0
2  3 6 2 1 0    1   0
2  4 3 2 3 0    1   0
2  4 5 2 1 0    0   1
2  5 5 1 4 0    0   1
2  5 6 4 3 0    0   1
2  6 6 3 1 0    0   1
3  3 3 4 3 55   0   1
3  3 4 3 2 55   0   1
3  3 6 4 2 54   1   0
3  4 5 2 1 55   0   1
3  5 5 1 4 55   0   1
3  5 6 4 3 55   0   1
3  6 6 2 3 54   1   0
4  1 2 2 3 0    0   1
4  1 3 2 1 22   1   0
4  2 2 3 4 0    0   1
4  2 5 4 1 0    0   1
4  3 3 1 2 22   1   0
4  3 6 2 1 22   1   0
4  5 5 1 4 0    0   1
4  5 6 4 3 0    0   1
4  6 6 1 3 22   1   0
5  3 3 3 2 59   0   1
5  3 6 2 1 59   0   1
5  4 3 2 3 59   0   1
5  5 4 1 2 59   0   1
5  5 5 1 4 46   1   0
5  5 6 4 3 46   1   0
5  6 6 1 3 59   0   1
6  2 3 4 3 25   0   1
6  4 3 2 3 22   1   0
6  4 5 2 1 25   0   1
6  5 2 1 4 25   0   1
7  3 3 1 2 0    0   1
7  3 3 3 1 0    0   1
7  3 3 3 2 0    1   0
8  1 1 2 3 46   0   1
8  2 1 3 2 46   0   1
8  2 2 4 3 46   0   1
8  4 1 3 3 23   1   0
8  4 4 4 3 23   1   0
8  5 2 1 4 46   0   1
8  5 4 3 4 23   1   0
8  5 5 4 1 46   0   1
8  5 5 4 3 23   1   0
9  2 5 4 1 30   0   1
9  3 2 3 4 30   0   1
9  4 3 2 3 30   0   1
9  4 4 4 2 30   0   1
9  4 5 4 3 0    1   0
9  5 5 1 3 30   0   1
10 2 5 4 1 32   0   1
10 3 2 3 4 32   0   1
10 3 3 4 3 32   0   1
10 3 6 4 2 0    1   0
10 5 5 1 2 32   0   1
10 5 6 2 2 32   0   1
11 1 1 2 1 47   0   1
11 2 1 1 1 0    1   0
11 2 2 2 1 0    1   0
11 3 2 1 2 0    1   0
11 3 3 2 1 0    1   0
11 3 3 2 3 47   0   1
11 3 4 3 2 47   0   1
11 4 1 1 2 47   0   1
11 4 4 2 1 47   0   1
12 4 4 2 1 8    0   1
12 4 4 3 1 23   1   0
12 4 4 3 2 8    0   1
13 1 1 1 3 20   0   1
13 2 1 1 1 20   0   1
13 2 2 2 1 20   0   1
13 3 2 1 2 20   0   1
13 3 3 4 1 20   0   1
13 3 3 4 3 0    1   0
13 3 4 3 2 0    1   0
13 4 1 3 3 0    1   0
13 4 4 2 3 0    1   0
14 2 2 3 1 49   0   1
14 2 2 4 1 0    1   0
14 2 2 4 3 49   0   1
14 3 2 3 4 0    1   0
14 3 4 3 2 49   0   1
14 4 5 2 1 49   0   1
14 5 2 1 4 49   0   1
15 1 1 3 1 44   0   1
15 1 2 1 1 44   0   1
15 1 3 3 3 0    1   0
15 2 2 1 4 44   0   1
15 2 5 4 1 44   0   1
15 3 4 3 2 0    1   0
15 4 4 2 1 0    1   0
15 4 4 2 4 44   0   1
15 4 4 4 1 44   0   1
15 5 4 1 2 44   0   1
;

