Index = 278
_solve_time = 426.576

:              xp  xb    :=
1  3 2 3 4 16   0   1
1  3 3 4 3 16   0   1
1  5 2 1 4 0    1   0
1  5 5 2 1 0    1   0
1  6 3 2 4 16   0   1
1  6 5 2 2 0    1   0
2  1 1 1 3 18   0   1
2  1 2 1 1 0    1   0
2  1 3 3 3 18   0   1
2  2 2 1 4 0    1   0
2  2 5 4 1 0    1   0
2  3 4 3 2 18   0   1
2  4 4 2 4 18   0   1
2  4 5 4 3 18   0   1
2  5 5 1 3 0    1   0
3  1 3 2 1 0    0   1
3  2 1 3 2 0    0   1
3  2 2 3 4 10   1   0
3  2 5 4 1 10   1   0
3  3 3 1 4 0    0   1
3  3 6 4 2 0    0   1
3  5 5 1 2 10   1   0
3  6 5 2 2 0    0   1
4  2 2 2 1 0    0   1
4  2 2 4 1 0    1   0
4  3 2 1 2 0    0   1
4  3 3 4 1 0    0   1
4  5 2 1 4 0    1   0
4  5 5 2 1 0    1   0
4  5 6 2 2 0    0   1
4  6 3 2 4 0    0   1
5  2 2 1 2 25   0   1
5  2 2 1 4 4    1   0
5  2 3 2 1 25   0   1
5  2 5 4 1 4    1   0
5  3 3 1 4 25   0   1
5  3 6 4 2 25   0   1
5  5 5 1 2 4    1   0
5  5 6 2 2 4    1   0
6  1 1 3 2 53   0   1
6  1 3 2 1 53   0   1
6  3 3 3 1 0    1   0
6  4 1 3 3 53   0   1
6  4 3 2 3 0    1   0
6  4 4 3 2 0    1   0
7  2 2 4 2 42   0   1
7  3 2 1 2 0    1   0
7  3 3 2 1 0    1   0
7  5 2 1 4 42   0   1
7  5 5 4 1 42   0   1
7  6 3 1 2 0    1   0
7  6 5 3 4 42   0   1
7  6 6 3 1 0    1   0
8  5 5 1 2 14   0   1
8  5 5 1 3 0    1   0
8  5 5 2 3 14   0   1
9  2 2 1 4 27   0   1
9  2 2 3 1 27   0   1
9  2 2 3 4 52   1   0
9  2 3 4 3 52   1   0
9  2 5 4 1 27   0   1
9  3 4 3 2 52   1   0
9  5 4 1 2 27   0   1
10 1 3 2 1 6    0   1
10 2 2 4 2 4    1   0
10 3 2 1 2 6    0   1
10 4 1 1 2 6    0   1
10 4 4 4 1 6    0   1
10 5 2 1 4 4    1   0
10 5 4 3 4 6    0   1
10 5 5 3 1 4    1   0
11 1 1 3 1 0    0   1
11 2 1 1 1 0    1   0
11 2 2 4 1 0    1   0
11 2 5 4 1 0    0   1
11 4 1 3 3 0    0   1
11 4 4 2 3 0    0   1
11 5 4 1 2 0    0   1
12 1 1 2 1 3    0   1
12 1 1 3 1 6    1   0
12 1 1 3 2 3    0   1
13 3 3 4 3 14   0   1
13 3 4 3 2 14   0   1
13 5 4 1 2 48   1   0
13 5 5 4 1 48   1   0
13 6 3 2 4 14   0   1
13 6 5 3 4 48   1   0
13 6 6 3 2 14   0   1
14 2 3 4 3 2    0   1
14 3 4 3 2 2    0   1
14 4 4 2 3 2    0   1
14 4 4 4 3 48   1   0
14 5 2 1 4 2    0   1
14 5 4 3 4 48   1   0
14 5 5 3 1 2    0   1
15 2 5 4 1 0    0   1
15 3 2 3 4 0    0   1
15 4 3 2 3 0    0   1
15 4 5 2 1 8    1   0
;

