Index = 370
_solve_time = 534.18

:              xp  xb    :=
1  2 2 1 2 7    0   1
1  2 2 1 4 16   1   0
1  2 3 2 1 7    0   1
1  2 5 4 1 16   1   0
1  3 3 1 3 7    0   1
1  3 4 3 2 7    0   1
1  4 4 2 4 7    0   1
1  4 5 4 3 7    0   1
1  5 5 1 3 16   1   0
2  2 2 2 3 5    1   0
2  2 2 4 3 0    0   1
2  3 2 1 2 5    1   0
2  3 3 4 1 5    1   0
2  3 6 4 2 0    0   1
2  5 2 1 4 0    0   1
2  5 5 2 1 0    0   1
2  6 5 2 2 0    0   1
3  2 3 4 3 2    0   1
3  3 3 3 4 2    0   1
3  5 2 1 4 2    0   1
3  5 5 2 1 2    0   1
3  5 6 2 2 42   1   0
3  6 3 2 4 42   1   0
4  2 1 3 2 63   0   1
4  2 2 4 3 63   0   1
4  4 1 1 2 0    1   0
4  4 4 4 1 0    1   0
4  5 2 1 4 63   0   1
4  5 4 3 4 0    1   0
4  5 5 4 1 63   0   1
4  5 5 4 3 0    1   0
5  2 2 2 1 63   1   0
5  2 2 4 1 5    0   1
5  3 2 1 2 63   1   0
5  3 3 1 3 5    0   1
5  3 4 3 2 5    0   1
5  4 5 2 1 5    0   1
5  5 2 1 4 5    0   1
6  1 2 2 3 19   0   1
6  2 2 3 1 19   0   1
6  2 2 4 1 23   1   0
6  3 2 3 4 23   1   0
6  3 4 3 2 19   0   1
6  4 1 1 2 19   0   1
6  4 4 2 1 19   0   1
7  1 1 1 3 23   1   0
7  2 1 1 1 23   1   0
7  2 2 4 1 23   1   0
7  2 5 4 1 58   0   1
7  4 1 3 3 58   0   1
7  4 4 2 3 58   0   1
7  5 4 1 2 58   0   1
8  1 2 2 3 0    0   1
8  2 2 4 3 52   1   0
8  4 1 1 2 0    0   1
8  4 4 4 1 0    0   1
8  5 2 1 4 52   1   0
8  5 4 3 4 0    0   1
8  5 5 4 1 52   1   0
8  5 5 4 3 0    0   1
9  2 3 4 3 17   0   1
9  2 5 4 1 4    1   0
9  3 4 3 2 17   0   1
9  5 4 1 2 4    1   0
10 2 2 2 3 21   0   1
10 2 2 4 3 0    1   0
10 3 2 1 2 21   0   1
10 3 3 2 1 21   0   1
10 5 2 1 4 0    1   0
10 5 5 4 1 0    1   0
10 6 3 1 2 21   0   1
10 6 5 3 4 0    1   0
10 6 6 3 1 21   0   1
11 1 2 2 3 64   0   1
11 2 2 3 2 64   0   1
11 2 2 4 2 3    1   0
11 4 1 1 2 64   0   1
11 4 4 4 1 64   0   1
11 4 5 4 3 3    1   0
11 5 2 1 4 3    1   0
11 5 5 3 1 3    1   0
12 1 1 2 1 58   1   0
12 1 1 3 1 15   0   1
12 2 1 3 2 58   1   0
12 2 2 3 4 15   0   1
12 2 5 4 1 15   0   1
12 4 1 3 3 15   0   1
12 4 4 2 3 15   0   1
12 5 4 1 2 15   0   1
13 2 5 4 1 11   0   1
13 3 2 3 4 11   0   1
13 4 3 2 3 11   0   1
13 4 4 1 2 11   0   1
13 4 4 1 4 26   1   0
13 4 5 4 3 26   1   0
13 5 5 1 3 11   0   1
14 4 4 2 1 0    0   1
14 4 4 3 1 0    1   0
14 4 4 3 2 0    0   1
15 2 1 3 2 28   0   1
15 2 2 2 3 28   0   1
15 3 2 1 2 28   0   1
15 3 3 4 1 28   0   1
15 3 3 4 3 20   1   0
15 3 4 3 2 20   1   0
15 4 1 1 2 20   1   0
15 4 4 2 1 20   1   0
;

