Index = 376
_solve_time = 812.744

:              xp  xb    :=
1  3 3 2 1 9    1   0
1  3 3 2 4 30   0   1
1  3 3 4 1 30   0   1
2  1 1 1 2 58   0   1
2  1 2 1 1 22   1   0
2  1 3 2 1 58   0   1
2  2 2 2 1 58   0   1
2  3 2 1 2 58   0   1
3  2 2 2 1 2    0   1
3  2 2 4 1 0    1   0
3  3 2 1 2 2    0   1
3  3 3 4 1 2    0   1
3  5 2 1 4 0    1   0
3  5 5 2 1 0    1   0
3  5 6 2 2 2    0   1
3  6 3 2 4 2    0   1
4  2 2 4 2 26   0   1
4  2 3 2 1 26   0   1
4  3 3 2 1 18   1   0
4  5 2 1 4 26   0   1
4  5 5 4 1 26   0   1
4  6 3 1 2 18   1   0
4  6 5 3 4 26   0   1
4  6 6 1 3 26   0   1
5  1 1 1 3 28   0   1
5  1 2 1 1 2    1   0
5  1 3 3 3 28   0   1
5  2 2 1 4 2    1   0
5  2 5 4 1 2    1   0
5  3 3 3 4 28   0   1
5  3 6 4 2 28   0   1
5  5 5 1 2 2    1   0
5  6 5 2 2 28   0   1
6  2 3 4 3 18   1   0
6  4 3 2 3 16   0   1
6  4 4 4 2 16   0   1
6  5 2 1 4 18   1   0
6  5 4 3 4 16   0   1
6  5 5 3 1 18   1   0
7  2 2 2 4 41   0   1
7  2 5 4 1 41   0   1
7  3 2 1 2 41   0   1
7  3 3 1 4 0    1   0
7  3 6 4 2 0    1   0
7  5 5 1 2 41   0   1
7  6 5 2 2 0    1   0
8  1 1 2 3 0    0   1
8  2 1 3 2 0    0   1
8  2 2 4 3 0    0   1
8  4 1 3 3 0    1   0
8  4 4 4 3 0    1   0
8  5 2 1 4 0    0   1
8  5 4 3 4 0    1   0
8  5 5 3 1 0    0   1
9  2 1 3 2 30   0   1
9  2 2 4 3 30   0   1
9  3 2 3 4 30   0   1
9  3 3 2 3 30   0   1
9  4 1 1 2 51   1   0
9  4 4 2 1 51   1   0
9  5 4 1 2 51   1   0
9  5 5 4 1 51   1   0
9  6 3 1 2 30   0   1
9  6 5 3 4 51   1   0
9  6 6 3 1 30   0   1
10 2 1 3 2 0    0   1
10 2 2 4 3 0    0   1
10 4 1 1 2 0    1   0
10 4 4 4 1 0    1   0
10 5 2 1 4 0    0   1
10 5 4 3 4 0    1   0
10 5 5 2 1 0    0   1
10 5 5 2 3 0    1   0
11 1 3 2 1 38   0   1
11 3 3 1 2 38   0   1
11 3 3 3 2 1    1   0
11 4 1 1 2 38   0   1
11 4 3 2 3 1    1   0
11 4 4 1 2 1    1   0
12 1 1 1 3 2    0   1
12 2 1 1 1 2    0   1
12 2 2 4 1 2    0   1
12 4 1 3 3 42   1   0
12 4 4 4 3 42   1   0
12 5 2 1 4 2    0   1
12 5 4 3 4 42   1   0
12 5 5 3 1 2    0   1
13 3 3 4 3 34   0   1
13 3 4 3 2 34   0   1
13 4 4 2 4 34   0   1
13 5 4 3 4 5    1   0
13 5 5 2 3 5    1   0
13 5 6 2 2 34   0   1
13 6 3 2 4 34   0   1
14 3 3 3 2 1    1   0
14 3 6 2 1 1    1   0
14 4 3 2 3 1    1   0
14 4 5 2 1 0    0   1
14 5 5 1 2 0    0   1
14 5 6 2 2 0    0   1
14 6 6 2 1 0    0   1
15 1 3 3 3 0    1   0
15 3 3 3 4 0    1   0
15 3 6 4 2 0    1   0
15 4 1 3 3 0    1   0
15 4 4 3 4 0    0   1
15 4 5 4 3 0    0   1
15 5 5 3 2 0    0   1
15 5 6 2 2 0    0   1
;

