Index = 346
_solve_time = 512.04

:              xp  xb    :=
1  5 5 2 1 2    1   0
1  5 5 2 3 17   0   1
1  5 5 3 1 17   0   1
2  2 5 4 1 1    0   1
2  3 2 3 4 1    0   1
2  4 3 2 3 1    0   1
2  4 4 4 2 1    0   1
2  4 5 4 3 9    1   0
2  5 5 1 4 1    0   1
2  5 5 3 4 9    1   0
3  1 1 3 1 3    1   0
3  1 2 1 1 3    1   0
3  2 2 4 1 4    0   1
3  3 2 3 4 4    0   1
3  4 1 3 3 3    1   0
3  4 3 2 3 4    0   1
3  4 4 3 2 4    0   1
4  3 3 1 3 0    0   1
4  3 3 1 4 0    1   0
4  3 4 3 2 0    0   1
4  3 6 4 2 0    1   0
4  4 5 2 1 0    0   1
4  5 5 1 4 0    0   1
4  5 5 2 4 0    1   0
4  6 5 2 2 0    1   0
5  1 1 2 1 33   0   1
5  2 1 1 1 0    1   0
5  2 2 2 1 0    1   0
5  3 2 1 2 0    1   0
5  3 3 2 1 0    1   0
5  3 3 2 3 33   0   1
5  3 4 3 2 33   0   1
5  4 1 1 2 33   0   1
5  4 4 2 1 33   0   1
6  1 3 2 1 37   0   1
6  3 3 1 4 37   0   1
6  3 6 4 2 37   0   1
6  4 1 1 2 37   0   1
6  4 4 1 2 0    1   0
6  4 5 2 1 0    1   0
6  5 5 1 2 0    1   0
6  5 6 2 2 0    1   0
7  1 1 3 1 26   0   1
7  1 2 1 1 26   0   1
7  1 3 3 3 0    1   0
7  2 2 1 4 26   0   1
7  2 5 4 1 26   0   1
7  3 3 3 2 0    1   0
7  3 6 2 1 0    1   0
7  5 5 1 4 26   0   1
7  5 6 4 3 26   0   1
7  6 6 1 3 0    1   0
8  2 5 4 1 2    0   1
8  3 2 3 4 2    0   1
8  3 3 2 3 2    0   1
8  3 6 2 1 57   1   0
8  5 5 1 2 2    0   1
8  5 6 2 2 2    0   1
8  6 6 2 1 2    0   1
9  2 2 1 3 9    0   1
9  2 2 1 4 10   1   0
9  2 2 3 4 9    0   1
9  2 3 4 3 9    0   1
9  2 5 4 1 10   1   0
9  3 4 3 2 9    0   1
9  4 4 2 4 9    0   1
9  4 5 4 3 9    0   1
9  5 5 1 3 10   1   0
10 2 2 2 3 28   1   0
10 2 2 4 3 3    0   1
10 3 2 1 2 28   1   0
10 3 3 2 1 28   1   0
10 5 2 1 4 3    0   1
10 5 5 2 1 3    0   1
10 6 3 1 2 28   1   0
10 6 5 2 2 3    0   1
10 6 6 1 2 3    0   1
11 3 3 3 2 0    0   1
11 3 6 2 1 0    0   1
11 4 3 2 3 0    0   1
11 4 5 2 1 43   1   0
11 5 5 1 4 43   1   0
11 5 6 4 3 43   1   0
11 6 6 1 3 0    0   1
12 1 3 2 1 17   0   1
12 3 3 1 2 17   0   1
12 3 3 3 2 32   1   0
12 4 1 1 2 17   0   1
12 4 3 2 3 32   1   0
12 4 4 4 1 17   0   1
12 4 4 4 2 32   1   0
13 3 2 3 4 65   0   1
13 4 3 2 3 65   0   1
13 4 4 4 2 65   0   1
13 4 5 4 3 0    1   0
13 5 2 1 4 0    1   0
13 5 5 3 1 0    1   0
14 2 2 2 1 31   0   1
14 2 2 4 1 1    1   0
14 3 2 1 2 31   0   1
14 3 3 4 1 31   0   1
14 5 2 1 4 1    1   0
14 5 5 4 1 1    1   0
14 6 3 2 4 31   0   1
14 6 5 3 4 1    1   0
14 6 6 3 2 31   0   1
15 1 1 1 3 0    0   1
15 1 3 3 3 0    0   1
15 2 1 1 1 0    0   1
15 2 2 1 4 0    1   0
15 2 3 4 3 0    1   0
;

