Index = 314
_solve_time = 543.096

:              xp  xb    :=
1  3 3 4 3 0    0   1
1  3 4 3 2 0    0   1
1  3 6 4 2 0    1   0
1  4 5 2 1 0    0   1
1  5 5 1 4 0    0   1
1  5 6 4 3 0    0   1
1  6 6 2 3 0    1   0
2  1 3 3 3 4    0   1
2  2 5 4 1 4    0   1
2  3 2 3 4 4    0   1
2  4 1 3 3 4    0   1
2  4 4 3 2 1    1   0
2  4 5 2 1 1    1   0
3  3 3 3 2 0    0   1
3  3 6 2 1 0    0   1
3  4 3 2 3 0    0   1
3  4 4 4 2 0    0   1
3  4 5 4 3 0    1   0
3  5 5 3 2 0    1   0
3  5 6 2 2 0    1   0
3  6 6 2 1 0    1   0
4  1 2 2 3 1    0   1
4  2 2 4 3 43   1   0
4  4 1 1 2 1    0   1
4  4 4 2 1 1    0   1
4  4 5 2 1 43   1   0
4  5 2 1 4 43   1   0
5  1 1 3 1 22   0   1
5  2 1 1 1 67   1   0
5  2 2 4 1 67   1   0
5  3 2 3 4 67   1   0
5  3 4 3 2 22   0   1
5  4 1 3 3 22   0   1
5  4 4 2 3 22   0   1
6  3 3 3 1 42   0   1
6  3 3 4 1 6    1   0
6  3 3 4 3 42   0   1
7  1 1 1 3 0    1   0
7  1 3 3 3 0    1   0
7  2 1 1 1 0    1   0
7  2 2 1 4 0    0   1
7  2 5 4 1 0    0   1
7  3 4 3 2 0    1   0
7  4 4 2 3 0    1   0
7  4 4 4 3 0    0   1
7  5 4 3 4 0    0   1
7  5 5 1 3 0    0   1
8  3 3 3 4 0    1   0
8  4 3 2 3 0    1   0
8  4 5 2 1 4    0   1
8  5 5 1 2 4    0   1
8  5 6 2 2 4    0   1
8  6 3 2 4 4    0   1
9  1 3 3 3 9    0   1
9  2 5 4 1 9    0   1
9  3 2 3 4 9    0   1
9  4 1 3 3 9    0   1
9  4 4 3 2 0    1   0
9  4 5 2 1 0    1   0
10 1 1 3 1 25   1   0
10 1 2 1 1 25   1   0
10 1 3 3 3 0    0   1
10 2 2 1 4 25   1   0
10 2 5 4 1 25   1   0
10 3 3 3 2 0    0   1
10 3 6 2 1 0    0   1
10 5 5 1 4 25   1   0
10 6 5 3 4 0    0   1
10 6 6 1 3 0    0   1
11 3 3 3 4 28   0   1
11 3 6 4 2 28   0   1
11 4 3 2 3 28   0   1
11 4 5 2 1 0    1   0
11 5 5 1 2 0    1   0
11 5 6 2 2 0    1   0
12 1 2 2 3 0    0   1
12 1 3 2 1 0    1   0
12 2 2 3 4 0    0   1
12 2 5 4 1 0    0   1
12 3 3 1 3 0    1   0
12 3 4 3 2 0    1   0
12 4 4 2 3 0    1   0
12 4 4 4 3 0    0   1
12 5 4 3 4 0    0   1
12 5 5 1 3 0    0   1
13 2 3 4 3 69   1   0
13 2 5 4 1 22   0   1
13 3 4 3 2 69   1   0
13 4 4 2 4 69   1   0
13 5 4 3 4 22   0   1
13 5 5 1 3 22   0   1
14 1 1 2 1 18   0   1
14 1 1 3 1 2    1   0
14 1 1 3 2 18   0   1
15 1 1 1 3 7    1   0
15 1 3 3 3 7    1   0
15 2 1 1 1 7    1   0
15 2 2 1 4 0    0   1
15 2 5 4 1 0    0   1
15 3 4 3 2 7    1   0
15 4 4 1 3 0    0   1
15 4 4 2 1 0    0   1
15 4 4 2 3 7    1   0
15 5 4 1 2 0    0   1
;

