Index = 327
_solve_time = 500.228

:              xp  xb    :=
1  2 3 4 3 1    1   0
1  4 3 2 3 27   0   1
1  5 2 1 4 1    1   0
1  5 4 1 2 27   0   1
2  1 1 3 1 0    1   0
2  1 2 1 1 0    1   0
2  1 3 3 3 0    0   1
2  2 2 4 1 0    0   1
2  3 2 3 4 0    0   1
3  3 3 4 3 1    1   0
3  3 4 3 2 1    1   0
3  3 6 4 2 52   0   1
3  4 4 2 4 1    1   0
3  5 4 3 4 52   0   1
3  5 5 2 3 52   0   1
3  6 5 2 2 52   0   1
4  3 3 2 3 46   0   1
4  3 4 3 2 46   0   1
4  3 6 2 1 17   1   0
4  4 5 2 1 46   0   1
4  5 5 1 4 46   0   1
4  6 5 3 4 17   1   0
4  6 6 1 3 17   1   0
5  2 3 4 3 28   0   1
5  2 5 4 1 0    1   0
5  3 3 3 4 28   0   1
5  3 6 4 2 28   0   1
5  5 5 1 2 0    1   0
5  6 5 2 2 28   0   1
6  1 1 2 3 54   0   1
6  1 3 3 3 54   0   1
6  2 1 3 2 54   0   1
6  2 2 3 4 0    1   0
6  2 5 4 1 0    1   0
6  3 4 3 2 54   0   1
6  4 4 2 1 0    1   0
6  4 4 2 3 54   0   1
6  4 4 3 1 54   0   1
6  5 4 1 2 0    1   0
7  1 1 1 3 70   1   0
7  2 1 1 1 70   1   0
7  2 2 2 1 70   1   0
7  3 2 1 2 70   1   0
7  3 3 2 1 70   1   0
7  4 1 3 3 0    0   1
7  4 4 2 3 0    0   1
7  5 4 1 2 0    0   1
7  5 5 4 1 0    0   1
7  6 3 1 2 70   1   0
7  6 5 3 4 0    0   1
7  6 6 1 3 0    0   1
8  1 1 1 2 5    0   1
8  1 3 2 1 5    0   1
8  2 1 1 1 5    0   1
8  2 2 1 4 47   1   0
8  2 3 4 3 47   1   0
8  3 3 1 4 5    0   1
8  3 3 3 4 47   1   0
9  2 5 4 1 52   1   0
9  3 2 3 4 52   1   0
9  3 4 3 2 22   0   1
9  4 5 2 1 22   0   1
9  5 5 1 2 22   0   1
9  5 5 1 4 52   1   0
9  5 5 2 4 22   0   1
10 2 3 4 3 25   0   1
10 3 4 3 2 25   0   1
10 4 4 2 1 25   0   1
10 4 4 4 1 70   1   0
10 5 2 1 4 25   0   1
10 5 4 3 4 70   1   0
10 5 5 3 1 25   0   1
11 3 3 4 3 3    1   0
11 3 4 3 2 3    1   0
11 3 6 4 2 0    0   1
11 4 4 2 3 3    1   0
11 4 4 4 3 0    0   1
11 5 4 3 4 0    0   1
11 5 5 2 3 0    0   1
11 6 5 2 2 0    0   1
12 2 1 3 2 33   1   0
12 2 2 3 4 0    0   1
12 2 5 4 1 0    0   1
12 4 1 1 2 0    0   1
12 4 4 2 1 0    0   1
12 5 4 1 2 0    0   1
13 1 2 2 3 17   0   1
13 1 3 2 1 16   1   0
13 2 2 3 4 17   0   1
13 2 5 4 1 17   0   1
13 3 3 1 2 16   1   0
13 3 6 2 1 16   1   0
13 5 5 1 2 17   0   1
13 5 6 2 2 17   0   1
13 6 6 2 1 17   0   1
14 3 3 2 3 9    0   1
14 3 3 2 4 9    1   0
14 3 4 3 2 9    0   1
14 3 6 4 2 9    1   0
14 4 5 2 1 9    0   1
14 5 5 1 2 9    0   1
14 6 5 2 2 9    1   0
15 3 2 3 4 63   1   0
15 3 3 2 3 63   1   0
15 5 2 1 4 68   0   1
15 5 5 2 1 68   0   1
15 6 3 1 2 63   1   0
15 6 5 2 2 68   0   1
15 6 6 1 2 68   0   1
;

