Index = 336
_solve_time = 923.264

:              xp  xb    :=
1  1 1 2 1 44   1   0
1  2 1 1 1 3    0   1
1  2 2 4 1 3    0   1
1  3 2 3 4 3    0   1
1  4 1 1 2 44   1   0
1  4 3 2 3 3    0   1
1  4 4 4 1 44   1   0
1  4 4 4 2 3    0   1
2  2 3 4 3 0    1   0
2  4 3 2 3 0    0   1
2  5 2 1 4 0    1   0
2  5 4 1 2 0    0   1
3  1 1 1 3 21   0   1
3  1 3 3 3 21   0   1
3  2 1 1 1 21   0   1
3  2 2 2 1 21   0   1
3  2 3 2 1 73   1   0
3  3 3 1 2 73   1   0
3  3 3 3 2 21   0   1
4  1 1 2 3 57   0   1
4  1 3 3 3 57   0   1
4  4 1 1 2 57   0   1
4  4 3 2 3 0    1   0
4  4 4 1 2 0    1   0
5  3 3 4 3 69   0   1
5  3 4 3 2 69   0   1
5  3 6 4 2 1    1   0
5  4 5 2 1 69   0   1
5  5 5 1 4 69   0   1
5  5 6 4 3 69   0   1
5  6 6 2 3 1    1   0
6  1 2 2 3 29   0   1
6  1 3 2 1 35   1   0
6  2 2 3 4 29   0   1
6  2 5 4 1 29   0   1
6  3 3 1 4 35   1   0
6  3 6 4 2 35   1   0
6  5 5 1 2 29   0   1
6  6 5 2 2 35   1   0
7  2 2 3 2 3    1   0
7  2 2 3 4 9    0   1
7  2 2 4 2 9    0   1
8  1 1 1 2 55   0   1
8  1 2 1 1 0    1   0
8  1 3 2 1 55   0   1
8  2 2 1 4 0    1   0
8  2 5 4 1 0    1   0
8  3 3 1 4 55   0   1
8  3 6 4 2 55   0   1
8  5 5 1 2 0    1   0
8  6 5 2 2 55   0   1
9  1 3 2 1 29   1   0
9  2 1 3 2 29   1   0
9  2 2 3 4 59   0   1
9  2 5 4 1 59   0   1
9  3 3 1 2 29   1   0
9  3 6 2 1 29   1   0
9  5 5 1 4 59   0   1
9  5 6 4 3 59   0   1
9  6 6 3 1 59   0   1
10 1 1 1 2 1    0   1
10 1 2 1 1 31   1   0
10 1 3 2 1 1    0   1
10 2 2 1 3 31   1   0
10 2 2 2 3 1    0   1
10 3 2 1 2 1    0   1
11 2 3 4 3 63   0   1
11 2 5 4 1 37   1   0
11 3 4 3 2 63   0   1
11 4 4 2 3 37   1   0
11 4 4 2 4 63   0   1
11 4 4 4 3 63   0   1
11 5 4 1 2 37   1   0
12 2 5 4 1 30   0   1
12 3 2 3 4 30   0   1
12 4 3 2 3 30   0   1
12 4 5 2 1 5    1   0
12 5 5 1 2 5    1   0
12 5 5 1 4 30   0   1
12 5 5 2 4 5    1   0
13 3 3 3 4 1    0   1
13 3 6 4 2 1    0   1
13 4 3 2 3 1    0   1
13 4 5 2 1 5    1   0
13 5 5 1 2 5    1   0
13 5 6 2 2 5    1   0
14 1 1 1 2 27   0   1
14 1 2 1 1 53   1   0
14 1 3 2 1 27   0   1
14 2 2 1 2 53   1   0
14 3 2 1 2 27   0   1
15 1 1 3 1 20   0   1
15 1 2 1 1 20   0   1
15 1 3 3 3 0    1   0
15 2 2 1 4 20   0   1
15 2 5 4 1 20   0   1
15 3 3 3 4 0    1   0
15 3 6 4 2 0    1   0
15 5 5 1 2 20   0   1
15 6 5 2 2 0    1   0
;

