Index = 382
_solve_time = 733.032

:              xp  xb    :=
1  1 3 3 3 0    1   0
1  4 1 3 3 0    1   0
1  4 3 2 3 8    0   1
1  4 4 3 2 8    0   1
2  2 2 4 2 12   0   1
2  2 3 2 1 12   0   1
2  3 3 3 1 19   1   0
2  4 3 2 3 19   1   0
2  5 2 1 4 12   0   1
2  5 4 1 2 19   1   0
3  1 3 2 1 62   0   1
3  2 1 3 2 62   0   1
3  2 2 4 3 62   0   1
3  2 3 4 3 56   1   0
3  3 3 1 2 62   0   1
3  3 3 3 2 56   1   0
4  1 1 1 3 0    0   1
4  2 1 1 1 0    0   1
4  2 2 4 1 0    0   1
4  4 1 3 3 2    1   0
4  4 4 2 3 2    1   0
4  4 5 2 1 0    0   1
4  5 2 1 4 0    0   1
5  3 3 1 3 23   1   0
5  3 3 1 4 1    0   1
5  3 4 3 2 23   1   0
5  3 6 4 2 1    0   1
5  4 4 2 1 23   1   0
5  4 4 4 1 1    0   1
5  5 4 3 4 1    0   1
5  5 5 2 3 1    0   1
5  6 5 2 2 1    0   1
6  2 3 4 3 0    1   0
6  2 5 4 1 55   0   1
6  3 4 3 2 0    1   0
6  4 4 1 3 55   0   1
6  4 4 2 1 55   0   1
6  4 4 2 3 0    1   0
6  5 4 1 2 55   0   1
7  2 3 4 3 36   0   1
7  3 3 2 3 0    1   0
7  5 2 1 4 36   0   1
7  5 5 4 1 36   0   1
7  6 3 1 2 0    1   0
7  6 5 3 4 36   0   1
7  6 6 3 1 0    1   0
8  3 3 2 3 1    1   0
8  3 3 2 4 0    0   1
8  3 4 3 2 1    1   0
8  3 6 4 2 0    0   1
8  4 4 2 3 1    1   0
8  4 4 4 3 0    0   1
8  5 4 3 4 0    0   1
8  5 5 2 3 0    0   1
8  6 5 2 2 0    0   1
9  1 1 1 3 8    0   1
9  2 1 1 1 8    0   1
9  2 2 4 1 8    0   1
9  3 2 3 4 8    0   1
9  4 1 3 3 3    1   0
9  4 3 2 3 8    0   1
9  4 4 2 3 3    1   0
10 2 1 3 2 24   1   0
10 2 2 2 3 24   1   0
10 3 2 1 2 24   1   0
10 3 3 4 1 24   1   0
10 4 1 1 2 0    0   1
10 4 4 2 1 0    0   1
10 5 4 1 2 0    0   1
10 5 5 2 1 0    0   1
10 6 3 2 4 24   1   0
10 6 5 2 2 0    0   1
11 6 6 2 1 0    0   1
11 6 6 3 1 55   1   0
11 6 6 3 2 0    0   1
12 1 1 2 3 33   0   1
12 2 1 3 2 33   0   1
12 2 2 4 3 33   0   1
12 4 1 3 3 17   1   0
12 4 4 1 2 33   0   1
12 4 4 1 3 17   1   0
12 4 5 2 1 33   0   1
12 5 2 1 4 33   0   1
13 1 2 2 3 7    1   0
13 2 2 4 3 8    0   1
13 3 2 3 4 8    0   1
13 4 1 1 2 7    1   0
13 4 3 2 3 8    0   1
13 4 4 3 1 7    1   0
13 4 4 3 2 8    0   1
14 2 2 1 2 0    1   0
14 2 2 1 4 0    0   1
14 2 2 2 4 0    1   0
14 2 3 4 3 0    0   1
14 2 5 4 1 0    1   0
14 3 4 3 2 0    0   1
14 4 4 2 4 0    0   1
14 4 5 4 3 0    0   1
14 5 5 1 3 0    1   0
15 2 2 2 3 38   1   0
15 2 2 2 4 22   0   1
15 2 2 4 3 22   0   1
;

