Index = 293
_solve_time = 515.652

:              xp  xb    :=
1  3 3 4 3 20   0   1
1  3 4 3 2 20   0   1
1  4 5 2 1 20   0   1
1  5 5 1 4 20   0   1
1  5 5 2 4 40   1   0
1  6 3 2 4 20   0   1
1  6 5 2 2 40   1   0
2  3 3 3 4 5    0   1
2  3 6 4 2 5    0   1
2  4 3 2 3 5    0   1
2  4 4 4 2 5    0   1
2  4 5 4 3 0    1   0
2  5 5 3 2 0    1   0
2  5 6 2 2 0    1   0
3  3 3 4 3 0    1   0
3  3 4 3 2 0    1   0
3  3 6 4 2 0    0   1
3  4 4 2 1 0    1   0
3  4 4 4 1 0    0   1
3  5 4 3 4 0    0   1
3  5 5 2 3 0    0   1
3  6 5 2 2 0    0   1
4  2 2 4 2 0    0   1
4  3 2 1 2 16   1   0
4  3 3 4 1 16   1   0
4  3 3 4 3 0    0   1
4  3 4 3 2 0    0   1
4  4 5 2 1 0    0   1
4  5 2 1 4 0    0   1
5  1 1 2 1 3    0   1
5  1 2 1 1 3    0   1
5  2 2 4 1 50   1   0
5  4 1 1 2 3    0   1
5  4 4 4 1 3    0   1
5  5 2 1 4 50   1   0
5  5 4 3 4 3    0   1
5  5 5 3 1 50   1   0
6  2 5 4 1 72   0   1
6  3 2 3 4 72   0   1
6  3 4 3 2 0    1   0
6  4 5 2 1 0    1   0
6  5 5 1 3 72   0   1
6  5 5 1 4 0    1   0
6  5 5 3 4 72   0   1
7  6 6 1 2 13   1   0
7  6 6 1 3 68   0   1
7  6 6 3 2 68   0   1
8  3 3 2 3 4    0   1
8  3 4 3 2 4    0   1
8  3 6 2 1 0    1   0
8  4 5 2 1 4    0   1
8  5 5 1 4 4    0   1
8  5 6 4 3 4    0   1
8  6 6 3 1 4    0   1
9  1 1 2 1 0    1   0
9  2 1 1 1 0    0   1
9  2 2 4 1 0    0   1
9  4 1 1 2 0    1   0
9  4 4 1 2 0    0   1
9  4 5 2 1 0    0   1
9  5 2 1 4 0    0   1
10 1 1 2 1 46   1   0
10 2 1 1 1 1    0   1
10 2 2 4 1 1    0   1
10 3 2 3 4 1    0   1
10 4 1 1 2 46   1   0
10 4 3 2 3 1    0   1
10 4 4 1 2 1    0   1
11 2 2 2 3 0    0   1
11 2 2 4 3 0    1   0
11 3 2 1 2 0    0   1
11 3 3 2 1 0    0   1
11 5 2 1 4 0    1   0
11 5 5 4 1 0    1   0
11 6 3 1 2 0    0   1
11 6 5 3 4 0    1   0
11 6 6 3 1 0    0   1
12 5 5 3 2 7    1   0
12 5 5 3 4 57   0   1
12 5 5 4 2 57   0   1
13 2 5 4 1 0    0   1
13 3 2 3 4 0    0   1
13 4 3 2 3 0    0   1
13 4 4 4 2 0    0   1
13 4 5 4 3 14   1   0
13 5 5 3 1 14   1   0
14 3 3 3 4 1    0   1
14 3 6 4 2 1    0   1
14 4 3 2 3 1    0   1
14 4 4 4 2 1    0   1
14 4 5 4 3 1    1   0
14 5 5 3 2 1    1   0
14 5 6 2 2 1    1   0
15 1 1 3 1 0    1   0
15 1 2 1 1 0    1   0
15 2 2 4 1 2    0   1
15 4 1 3 3 0    1   0
15 4 4 3 2 2    0   1
15 4 5 2 1 2    0   1
15 5 2 1 4 2    0   1
;

