Index = 315
_solve_time = 522.984

:              xp  xb    :=
1  1 1 1 3 0    0   1
1  1 3 3 3 0    0   1
1  2 1 1 1 0    0   1
1  2 2 1 2 54   1   0
1  2 3 2 1 54   1   0
1  3 3 1 2 54   1   0
1  3 3 3 2 0    0   1
2  1 1 3 2 4    0   1
2  1 3 2 1 4    0   1
2  3 3 1 2 4    0   1
2  3 3 3 2 0    1   0
2  4 1 3 3 4    0   1
2  4 3 2 3 0    1   0
2  4 4 3 2 0    1   0
3  2 3 4 3 0    0   1
3  3 4 3 2 0    0   1
3  4 4 2 3 0    0   1
3  4 4 4 3 3    1   0
3  5 2 1 4 0    0   1
3  5 4 3 4 3    1   0
3  5 5 4 1 0    0   1
3  5 5 4 3 3    1   0
4  1 3 2 1 44   1   0
4  2 1 3 2 44   1   0
4  2 2 3 4 48   0   1
4  2 3 4 3 48   0   1
4  3 3 1 4 44   1   0
4  3 3 3 4 48   0   1
5  2 3 4 3 28   0   1
5  3 4 3 2 28   0   1
5  4 4 2 4 28   0   1
5  5 2 1 4 28   0   1
5  5 4 3 4 0    1   0
5  5 5 2 1 28   0   1
5  5 5 2 3 0    1   0
6  2 2 2 3 0    0   1
6  2 2 4 3 57   1   0
6  3 2 1 2 0    0   1
6  3 3 2 1 0    0   1
6  5 2 1 4 57   1   0
6  5 5 4 1 57   1   0
6  6 3 1 2 0    0   1
6  6 5 3 4 57   1   0
6  6 6 3 1 0    0   1
7  1 3 3 3 20   0   1
7  2 5 4 1 20   0   1
7  3 2 3 4 20   0   1
7  4 1 3 3 20   0   1
7  4 4 3 4 0    1   0
7  4 5 4 3 0    1   0
7  5 5 1 4 20   0   1
7  5 5 3 4 0    1   0
8  4 4 1 4 41   0   1
8  4 4 2 1 41   0   1
8  4 4 2 4 26   1   0
9  3 3 2 3 40   1   0
9  3 4 3 2 40   1   0
9  5 4 1 2 0    0   1
9  5 5 2 1 0    0   1
9  6 3 1 2 40   1   0
9  6 5 2 2 0    0   1
9  6 6 1 2 0    0   1
10 2 1 3 2 64   1   0
10 2 2 4 3 64   1   0
10 3 2 3 4 64   1   0
10 3 4 3 2 50   0   1
10 4 1 1 2 50   0   1
10 4 4 2 1 50   0   1
11 1 1 1 2 0    1   0
11 1 2 1 1 65   0   1
11 1 3 2 1 0    1   0
11 2 2 1 4 65   0   1
11 2 5 4 1 65   0   1
11 3 3 1 2 0    1   0
11 3 6 2 1 0    1   0
11 5 5 1 4 65   0   1
11 5 6 4 3 65   0   1
11 6 6 1 3 0    1   0
12 3 3 1 2 0    1   0
12 3 3 1 3 0    0   1
12 3 3 3 2 0    0   1
13 3 3 4 3 0    0   1
13 3 4 3 2 0    0   1
13 5 4 1 2 9    1   0
13 5 5 2 1 9    1   0
13 6 3 2 4 0    0   1
13 6 5 2 2 9    1   0
14 2 3 4 3 0    0   1
14 2 5 4 1 37   1   0
14 3 3 3 4 0    0   1
14 3 6 4 2 0    0   1
14 5 5 1 2 37   1   0
14 5 6 2 2 37   1   0
15 1 1 1 3 51   0   1
15 1 2 1 1 4    1   0
15 1 3 3 3 51   0   1
15 2 2 1 4 4    1   0
15 2 5 4 1 4    1   0
15 3 4 3 2 51   0   1
15 4 5 2 1 51   0   1
;

