Index = 317
_solve_time = 791.768

:              xp  xb    :=
1  2 2 2 1 0    1   0
1  2 2 4 1 4    0   1
1  3 2 1 2 0    1   0
1  3 3 1 3 4    0   1
1  3 4 3 2 4    0   1
1  4 5 2 1 4    0   1
1  5 2 1 4 4    0   1
2  2 2 2 3 34   1   0
2  2 2 4 3 26   0   1
2  3 2 1 2 34   1   0
2  3 3 2 1 34   1   0
2  5 2 1 4 26   0   1
2  5 5 2 1 26   0   1
2  6 3 1 2 34   1   0
2  6 5 2 2 26   0   1
2  6 6 1 2 26   0   1
3  1 1 2 1 28   1   0
3  1 1 2 3 3    0   1
3  1 1 3 1 3    0   1
4  2 2 1 2 18   0   1
4  2 2 1 4 42   1   0
4  2 2 2 4 18   0   1
4  2 3 4 3 18   0   1
4  2 5 4 1 42   1   0
4  3 4 3 2 18   0   1
4  4 4 2 1 42   1   0
4  4 4 2 3 18   0   1
4  4 4 3 1 18   0   1
4  5 4 1 2 42   1   0
5  2 5 4 1 4    0   1
5  3 2 3 4 4    0   1
5  3 3 1 3 4    0   1
5  3 3 1 4 0    1   0
5  3 6 4 2 0    1   0
5  5 5 1 2 4    0   1
5  5 6 2 2 4    0   1
6  2 2 3 2 0    0   1
6  2 2 3 4 0    1   0
6  2 3 2 1 0    0   1
6  2 5 4 1 0    1   0
6  3 3 1 3 0    0   1
6  3 4 3 2 0    0   1
6  4 5 2 1 0    0   1
7  2 2 1 2 58   0   1
7  2 2 1 4 0    1   0
7  2 2 2 4 58   0   1
7  2 3 4 3 58   0   1
7  2 5 4 1 0    1   0
7  3 4 3 2 58   0   1
7  5 4 1 2 0    1   0
8  1 1 1 2 19   0   1
8  1 3 2 1 19   0   1
8  2 1 1 1 19   0   1
8  2 2 1 4 36   1   0
8  2 3 4 3 36   1   0
8  3 3 1 4 19   0   1
8  3 3 3 4 36   1   0
9  2 3 4 3 48   1   0
9  2 5 4 1 48   0   1
9  4 3 2 3 48   0   1
9  5 4 1 2 48   0   1
10 2 1 3 2 17   0   1
10 2 2 4 3 17   0   1
10 4 1 1 2 59   1   0
10 4 4 2 1 59   1   0
10 5 2 1 4 17   0   1
10 5 4 1 2 59   1   0
11 2 3 4 3 72   0   1
11 3 4 3 2 72   0   1
11 4 4 2 4 72   0   1
11 5 2 1 4 72   0   1
11 5 4 3 4 3    1   0
11 5 5 3 1 72   0   1
12 1 1 3 1 23   0   1
12 2 1 1 1 48   1   0
12 2 2 4 1 48   1   0
12 4 1 3 3 23   0   1
12 4 4 2 3 23   0   1
12 5 2 1 4 48   1   0
12 5 4 1 2 23   0   1
13 3 3 2 3 31   1   0
13 3 4 3 2 31   1   0
13 3 6 2 1 0    0   1
13 5 4 1 2 0    0   1
13 5 5 4 1 0    0   1
13 6 5 3 4 0    0   1
13 6 6 1 3 0    0   1
14 5 5 1 2 70   0   1
14 5 5 3 1 70   0   1
14 5 5 3 2 9    1   0
15 2 1 3 2 37   0   1
15 2 2 4 3 37   0   1
15 4 1 1 2 40   1   0
15 4 4 2 1 40   1   0
15 5 2 1 4 37   0   1
15 5 4 1 2 40   1   0
;

