Index = 325
_solve_time = 860.368

:              xp  xb    :=
1  2 1 3 2 0    0   1
1  2 2 4 3 0    0   1
1  3 2 3 4 0    0   1
1  4 1 1 2 2    1   0
1  4 3 2 3 0    0   1
1  4 4 2 1 2    1   0
2  2 2 4 2 3    0   1
2  3 2 1 2 1    1   0
2  3 3 2 1 1    1   0
2  5 2 1 4 3    0   1
2  5 5 4 1 3    0   1
2  6 3 1 2 1    1   0
2  6 5 3 4 3    0   1
2  6 6 1 3 3    0   1
3  1 1 2 3 0    0   1
3  2 1 3 2 0    0   1
3  2 2 4 3 0    0   1
3  3 2 3 4 0    0   1
3  4 1 3 3 4    1   0
3  4 3 2 3 0    0   1
3  4 4 2 3 4    1   0
4  2 2 2 1 69   0   1
4  2 2 3 1 48   1   0
4  2 2 3 2 69   0   1
5  3 3 3 2 72   0   1
5  3 6 2 1 72   0   1
5  4 3 2 3 72   0   1
5  4 4 4 2 72   0   1
5  4 5 4 3 62   1   0
5  5 5 3 4 62   1   0
5  5 6 4 3 62   1   0
5  6 6 1 3 72   0   1
6  1 2 2 3 20   0   1
6  2 2 4 3 6    1   0
6  4 1 1 2 20   0   1
6  4 4 2 1 20   0   1
6  5 2 1 4 6    1   0
6  5 4 1 2 20   0   1
7  1 1 2 3 12   0   1
7  1 3 3 3 12   0   1
7  2 1 3 2 12   0   1
7  2 2 3 4 12   1   0
7  2 5 4 1 12   1   0
7  3 4 3 2 12   0   1
7  4 4 2 4 12   0   1
7  4 5 4 3 12   0   1
7  5 5 1 3 12   1   0
8  3 3 2 1 10   1   0
8  3 3 2 3 28   0   1
8  3 3 3 1 28   0   1
9  3 3 3 1 27   0   1
9  3 3 4 1 10   1   0
9  4 3 2 3 27   0   1
9  5 4 1 2 27   0   1
9  5 5 2 1 27   0   1
9  6 3 2 4 10   1   0
9  6 5 2 2 27   0   1
10 4 4 1 3 65   0   1
10 4 4 2 1 65   0   1
10 4 4 2 3 33   1   0
11 2 2 2 3 19   0   1
11 2 2 4 3 0    1   0
11 3 2 1 2 19   0   1
11 3 3 4 1 19   0   1
11 5 2 1 4 0    1   0
11 5 5 4 1 0    1   0
11 6 3 2 4 19   0   1
11 6 5 3 4 0    1   0
11 6 6 3 2 19   0   1
12 3 3 4 3 0    0   1
12 3 4 3 2 0    0   1
12 4 5 2 1 0    0   1
12 5 5 1 2 0    0   1
12 6 3 2 4 0    0   1
12 6 5 2 2 27   1   0
13 3 3 1 2 70   0   1
13 3 3 1 4 29   1   0
13 3 3 2 4 70   0   1
14 2 2 2 4 29   0   1
14 2 5 4 1 29   0   1
14 3 2 1 2 29   0   1
14 3 3 1 3 1    1   0
14 3 4 3 2 1    1   0
14 4 4 2 1 1    1   0
14 4 4 2 4 29   0   1
14 4 4 4 1 29   0   1
14 5 4 1 2 29   0   1
15 2 2 1 3 21   1   0
15 2 2 1 4 38   0   1
15 2 2 4 3 38   0   1
;

