Index = 291
_solve_time = 564.664

:              xp  xb    :=
1  3 3 1 3 68   0   1
1  3 3 2 1 68   0   1
1  3 3 2 3 20   1   0
2  2 3 4 3 64   0   1
2  3 3 2 3 31   1   0
2  5 2 1 4 64   0   1
2  5 5 4 1 64   0   1
2  6 3 1 2 31   1   0
2  6 5 3 4 64   0   1
2  6 6 3 1 31   1   0
3  1 1 1 2 71   0   1
3  1 3 2 1 71   0   1
3  2 1 1 1 71   0   1
3  2 2 1 4 18   1   0
3  2 3 4 3 18   1   0
3  3 3 1 4 71   0   1
3  3 3 3 4 18   1   0
4  1 1 3 1 0    0   1
4  2 1 1 1 0    1   0
4  2 2 4 1 0    1   0
4  3 3 4 3 0    0   1
4  3 4 3 2 0    0   1
4  4 1 3 3 0    0   1
4  4 4 2 3 0    0   1
4  5 2 1 4 0    1   0
4  5 5 2 1 0    1   0
4  6 3 2 4 0    0   1
4  6 5 2 2 0    1   0
5  1 1 1 3 58   0   1
5  2 1 1 1 58   0   1
5  2 2 2 1 58   0   1
5  3 2 1 2 58   0   1
5  3 3 2 1 58   0   1
5  3 3 2 3 38   1   0
5  3 4 3 2 38   1   0
5  4 1 3 3 38   1   0
5  4 4 2 3 38   1   0
6  2 2 1 2 0    1   0
6  2 2 1 4 23   0   1
6  2 3 2 1 0    1   0
6  2 5 4 1 23   0   1
6  3 3 1 2 0    1   0
6  3 6 2 1 0    1   0
6  5 5 1 4 23   0   1
6  5 6 4 3 23   0   1
6  6 6 3 1 23   0   1
7  2 5 4 1 0    0   1
7  3 2 3 4 0    0   1
7  3 3 4 3 0    0   1
7  3 6 4 2 0    1   0
7  5 5 1 2 0    0   1
7  5 6 2 2 0    0   1
8  2 3 4 3 15   0   1
8  3 3 3 2 15   0   1
8  5 2 1 4 15   0   1
8  5 5 4 1 15   0   1
8  6 3 1 2 2    1   0
8  6 5 3 4 15   0   1
8  6 6 3 1 2    1   0
9  3 3 4 3 0    0   1
9  3 4 3 2 0    0   1
9  4 4 2 4 0    0   1
9  4 5 4 3 0    0   1
9  5 5 2 3 4    1   0
9  6 3 2 4 0    0   1
9  6 5 2 2 4    1   0
10 2 3 4 3 0    0   1
10 2 5 4 1 30   1   0
10 3 3 3 4 0    0   1
10 3 6 4 2 0    0   1
10 5 5 1 2 30   1   0
10 5 6 2 2 30   1   0
11 2 5 4 1 60   0   1
11 3 2 3 4 60   0   1
11 3 3 4 3 60   0   1
11 5 5 1 3 60   0   1
11 5 5 4 3 13   1   0
11 6 3 2 4 60   0   1
11 6 5 3 4 13   1   0
11 6 6 3 2 60   0   1
12 1 1 1 3 9    0   1
12 2 1 1 1 9    0   1
12 2 2 2 1 9    0   1
12 3 2 1 2 9    0   1
12 3 3 1 3 7    1   0
12 3 4 3 2 7    1   0
12 4 1 3 3 7    1   0
12 4 4 2 3 7    1   0
13 2 3 4 3 5    0   1
13 3 3 3 4 5    0   1
13 5 2 1 4 5    0   1
13 5 5 4 1 5    0   1
13 5 6 4 3 16   1   0
13 6 3 2 4 16   1   0
13 6 6 3 2 16   1   0
14 1 2 2 3 2    0   1
14 2 2 4 3 17   1   0
14 3 2 3 4 17   1   0
14 3 4 3 2 2    0   1
14 4 1 1 2 2    0   1
14 4 4 2 1 2    0   1
15 1 3 3 3 1    1   0
15 3 3 3 2 1    1   0
15 3 6 2 1 1    1   0
15 4 1 3 3 1    1   0
15 4 4 3 4 53   0   1
15 4 5 4 3 53   0   1
15 5 5 3 4 53   0   1
15 5 6 4 3 53   0   1
15 6 6 3 1 53   0   1
;

