Index = 238
_solve_time = 757.208

:              xp  xb    :=
1  3 3 2 3 2    1   0
1  4 3 2 3 1    0   1
1  5 4 1 2 1    0   1
1  5 5 4 1 1    0   1
1  6 3 1 2 2    1   0
1  6 5 3 4 1    0   1
1  6 6 1 3 1    0   1
2  2 2 4 2 0    1   0
2  3 2 1 2 1    0   1
2  3 3 3 1 1    0   1
2  4 3 2 3 1    0   1
2  4 5 2 1 0    1   0
2  5 2 1 4 0    1   0
3  1 1 2 1 1    1   0
3  2 1 1 1 6    0   1
3  2 2 4 1 6    0   1
3  3 3 2 3 1    1   0
3  3 4 3 2 1    1   0
3  4 1 1 2 1    1   0
3  4 4 2 1 1    1   0
3  5 2 1 4 6    0   1
3  5 5 4 1 6    0   1
3  6 3 1 2 1    1   0
3  6 5 3 4 6    0   1
3  6 6 1 3 6    0   1
4  3 3 2 1 0    1   0
4  3 3 2 3 68   0   1
4  3 3 3 1 68   0   1
5  1 1 1 3 12   0   1
5  2 1 1 1 12   0   1
5  2 2 4 1 12   0   1
5  4 1 3 3 0    1   0
5  4 4 2 3 0    1   0
5  5 2 1 4 12   0   1
5  5 4 1 2 0    1   0
6  1 3 2 1 0    0   1
6  3 3 1 2 0    0   1
6  3 3 3 2 0    1   0
6  4 1 1 2 0    0   1
6  4 3 2 3 0    1   0
6  4 4 4 1 0    0   1
6  4 4 4 2 0    1   0
7  1 3 3 3 0    1   0
7  3 3 3 4 0    1   0
7  3 6 4 2 0    1   0
7  4 1 3 3 0    1   0
7  4 4 3 2 16   0   1
7  4 5 2 1 16   0   1
7  5 5 1 2 16   0   1
7  5 6 2 2 16   0   1
8  2 2 3 2 8    0   1
8  2 2 4 2 11   1   0
8  2 2 4 3 8    0   1
9  2 3 4 3 30   1   0
9  2 5 4 1 7    0   1
9  3 3 3 4 30   1   0
9  5 5 1 2 7    0   1
9  5 6 2 2 7    0   1
9  6 3 2 4 7    0   1
10 2 2 2 3 39   1   0
10 2 2 4 3 1    0   1
10 3 2 1 2 39   1   0
10 3 3 1 3 1    0   1
10 3 4 3 2 1    0   1
10 4 5 2 1 1    0   1
10 5 2 1 4 1    0   1
11 3 3 4 3 0    0   1
11 3 4 3 2 0    0   1
11 4 5 2 1 0    0   1
11 5 5 4 1 49   1   0
11 6 3 2 4 0    0   1
11 6 5 3 4 49   1   0
11 6 6 3 2 0    0   1
12 1 1 1 2 48   0   1
12 1 3 2 1 48   0   1
12 2 1 1 1 48   0   1
12 2 2 1 2 27   1   0
12 2 3 2 1 27   1   0
13 1 1 1 3 0    0   1
13 1 2 1 1 32   1   0
13 1 3 3 3 0    0   1
13 2 2 1 3 32   1   0
13 2 2 4 3 0    0   1
13 3 2 3 4 0    0   1
14 3 3 1 3 0    0   1
14 3 3 2 1 0    0   1
14 3 3 2 3 12   1   0
15 2 2 1 2 68   1   0
15 2 2 1 4 73   0   1
15 2 3 2 1 68   1   0
15 2 5 4 1 73   0   1
15 3 3 1 2 68   1   0
15 3 6 2 1 68   1   0
15 5 5 1 4 73   0   1
15 5 6 4 3 73   0   1
15 6 6 3 1 73   0   1
;

