Index = 358
_solve_time = 549.776

:              xp  xb    :=
1  3 3 3 4 59   0   1
1  4 3 2 3 59   0   1
1  5 4 1 2 59   0   1
1  5 5 1 2 1    1   0
1  5 6 2 2 1    1   0
1  6 3 2 4 1    1   0
2  1 1 1 2 0    0   1
2  1 2 1 1 0    1   0
2  1 3 2 1 0    0   1
2  2 2 1 4 0    1   0
2  2 5 4 1 0    1   0
2  3 3 1 2 0    0   1
2  3 6 2 1 0    0   1
2  5 5 1 4 0    1   0
2  5 6 4 3 0    1   0
2  6 6 1 3 0    0   1
3  1 1 3 2 8    1   0
3  2 1 3 2 0    0   1
3  2 2 4 3 0    0   1
3  4 1 3 3 8    1   0
3  4 4 3 2 0    0   1
3  4 5 2 1 0    0   1
3  5 2 1 4 0    0   1
4  1 3 2 1 0    0   1
4  2 1 3 2 0    0   1
4  2 2 2 3 0    0   1
4  2 3 2 1 7    1   0
5  1 1 1 2 50   0   1
5  1 2 1 1 0    1   0
5  1 3 2 1 50   0   1
5  2 2 2 1 50   0   1
5  3 2 1 2 50   0   1
6  2 2 2 1 0    0   1
6  2 2 4 1 0    1   0
6  3 2 1 2 0    0   1
6  3 3 4 1 0    0   1
6  5 2 1 4 0    1   0
6  5 5 4 1 0    1   0
6  6 3 2 4 0    0   1
6  6 5 3 4 0    1   0
6  6 6 3 2 0    0   1
7  1 2 2 3 55   0   1
7  1 3 2 1 0    1   0
7  2 2 3 2 55   0   1
7  3 2 1 2 0    1   0
8  2 1 3 2 32   1   0
8  2 2 2 3 32   1   0
8  3 2 1 2 32   1   0
8  3 3 1 3 3    0   1
8  3 4 3 2 3    0   1
8  4 1 1 2 3    0   1
8  4 4 2 1 3    0   1
9  2 3 4 3 58   1   0
9  3 3 3 1 58   1   0
9  3 3 4 1 5    0   1
9  5 2 1 4 58   1   0
9  5 5 4 1 58   1   0
9  5 5 4 2 5    0   1
9  5 6 2 2 5    0   1
9  6 3 2 4 5    0   1
10 1 1 2 3 20   1   0
10 2 1 3 2 20   1   0
10 2 2 3 4 0    0   1
10 2 5 4 1 0    0   1
10 4 1 3 3 0    0   1
10 4 4 2 3 0    0   1
10 5 4 1 2 0    0   1
11 3 3 2 3 1    0   1
11 3 3 2 4 3    1   0
11 3 4 3 2 1    0   1
11 3 6 4 2 3    1   0
11 4 5 2 1 1    0   1
11 5 5 1 2 1    0   1
11 6 5 2 2 3    1   0
12 3 3 4 3 5    0   1
12 3 4 3 2 5    0   1
12 5 4 1 2 54   1   0
12 5 5 2 1 54   1   0
12 5 6 2 2 5    0   1
12 6 3 2 4 5    0   1
13 3 3 2 3 31   1   0
13 3 4 3 2 31   1   0
13 3 6 2 1 37   0   1
13 4 4 2 4 31   1   0
13 5 4 3 4 37   0   1
13 5 5 2 3 37   0   1
13 6 5 2 2 37   0   1
13 6 6 1 2 37   0   1
14 1 1 3 1 56   1   0
14 1 2 1 1 56   1   0
14 2 2 4 1 0    0   1
14 3 2 3 4 0    0   1
14 4 1 3 3 56   1   0
14 4 3 2 3 0    0   1
14 4 4 3 2 0    0   1
15 1 2 2 3 1    0   1
15 1 3 2 1 52   1   0
15 2 2 3 4 1    0   1
15 2 5 4 1 1    0   1
15 3 3 1 3 52   1   0
15 3 4 3 2 52   1   0
15 4 4 2 4 52   1   0
15 5 4 3 4 1    0   1
15 5 5 1 3 1    0   1
;

