Index = 312
_solve_time = 1023.82

:              xp  xb    :=
1  3 3 4 3 0    0   1
1  3 4 3 2 0    0   1
1  3 6 4 2 0    1   0
1  4 5 2 1 0    0   1
1  5 5 1 4 0    0   1
1  5 6 4 3 0    0   1
1  6 6 2 3 0    1   0
2  2 5 4 1 69   0   1
2  3 2 3 4 69   0   1
2  3 4 3 2 47   1   0
2  5 4 1 2 69   0   1
3  2 3 4 3 42   1   0
3  2 5 4 1 1    0   1
3  4 3 2 3 1    0   1
3  5 4 1 2 1    0   1
4  2 2 2 3 23   0   1
4  2 2 4 3 48   1   0
4  3 2 1 2 23   0   1
4  3 3 4 1 23   0   1
4  5 2 1 4 48   1   0
4  5 5 4 1 48   1   0
4  6 3 2 4 23   0   1
4  6 5 3 4 48   1   0
4  6 6 3 2 23   0   1
5  3 2 3 4 0    1   0
5  3 4 3 2 0    0   1
5  4 5 2 1 0    0   1
5  5 2 1 4 0    0   1
6  1 1 3 1 0    1   0
6  2 1 1 1 8    0   1
6  2 2 4 1 8    0   1
6  4 1 3 3 0    1   0
6  4 4 3 2 8    0   1
6  4 5 2 1 8    0   1
6  5 2 1 4 8    0   1
7  1 2 2 3 0    0   1
7  2 2 4 3 49   1   0
7  3 2 3 4 49   1   0
7  3 4 3 2 0    0   1
7  4 1 1 2 0    0   1
7  4 4 2 1 0    0   1
8  1 2 2 3 31   1   0
8  1 3 2 1 25   0   1
8  2 2 3 4 31   1   0
8  2 5 4 1 31   1   0
8  3 3 1 4 25   0   1
8  3 6 4 2 25   0   1
8  5 5 1 4 31   1   0
8  5 5 2 4 25   0   1
8  6 5 2 2 25   0   1
9  2 5 4 1 0    0   1
9  3 2 3 4 0    0   1
9  3 3 4 3 0    0   1
9  5 5 1 2 0    0   1
9  5 5 4 2 46   1   0
9  6 3 2 4 0    0   1
9  6 5 3 4 46   1   0
9  6 6 3 2 0    0   1
10 1 1 2 1 0    0   1
10 2 1 1 1 1    1   0
10 2 2 2 1 1    1   0
10 3 2 1 2 1    1   0
10 3 3 4 1 1    1   0
10 3 3 4 3 0    0   1
10 3 4 3 2 0    0   1
10 4 1 1 2 0    0   1
10 4 4 2 1 0    0   1
11 3 3 4 3 2    0   1
11 3 4 3 2 2    0   1
11 5 4 1 2 72   1   0
11 5 5 2 1 72   1   0
11 5 6 2 2 2    0   1
11 6 3 2 4 2    0   1
12 3 3 3 4 0    0   1
12 3 6 4 2 0    0   1
12 4 3 2 3 0    0   1
12 4 4 4 2 0    0   1
12 5 4 3 4 0    0   1
12 5 5 3 2 39   1   0
12 5 6 2 2 39   1   0
13 3 2 3 4 64   1   0
13 4 3 2 3 64   1   0
13 4 4 4 2 64   1   0
13 4 5 4 3 22   0   1
13 5 2 1 4 22   0   1
13 5 5 3 1 22   0   1
14 3 3 3 4 0    0   1
14 4 3 2 3 0    0   1
14 4 4 4 2 0    0   1
14 5 4 3 4 0    0   1
14 5 5 3 2 0    1   0
14 5 6 2 2 0    1   0
14 6 3 2 4 0    1   0
15 2 2 3 1 72   1   0
15 2 2 4 1 10   0   1
15 2 2 4 3 72   1   0
15 3 2 3 4 10   0   1
15 4 3 2 3 10   0   1
15 5 2 1 4 72   1   0
15 5 4 1 2 10   0   1
;

