Index = 299
_solve_time = 560.156

:              xp  xb    :=
1  1 1 3 1 8    0   1
1  1 2 1 1 8    0   1
1  1 3 3 3 2    1   0
1  2 2 1 2 8    0   1
1  2 3 2 1 8    0   1
1  3 3 1 2 8    0   1
1  3 3 3 2 2    1   0
2  3 3 2 3 1    0   1
2  3 4 3 2 1    0   1
2  3 6 2 1 2    1   0
2  4 5 2 1 1    0   1
2  5 5 1 2 1    0   1
2  6 5 2 2 2    1   0
2  6 6 1 2 2    1   0
3  1 3 2 1 31   1   0
3  3 3 3 1 69   0   1
3  4 1 1 2 31   1   0
3  4 3 2 3 69   0   1
3  4 4 1 2 69   0   1
4  1 3 2 1 6    0   1
4  2 1 3 2 6    0   1
4  2 2 2 3 6    0   1
4  2 2 2 4 36   1   0
4  2 3 4 3 36   1   0
4  3 3 1 3 6    0   1
5  2 2 2 4 8    0   1
5  2 5 4 1 8    0   1
5  3 2 1 2 8    0   1
5  3 3 1 3 70   1   0
5  3 4 3 2 70   1   0
5  4 4 2 3 70   1   0
5  4 4 4 3 8    0   1
5  5 4 3 4 8    0   1
5  5 5 1 3 8    0   1
6  1 3 2 1 20   0   1
6  2 1 3 2 20   0   1
6  2 2 2 3 20   0   1
6  2 3 2 1 5    1   0
6  3 3 1 2 5    1   0
6  3 3 1 4 20   0   1
6  3 3 4 2 20   0   1
7  5 5 2 1 0    1   0
7  5 5 2 3 7    0   1
7  5 5 3 1 7    0   1
8  1 1 1 3 0    1   0
8  1 2 1 1 13   0   1
8  1 3 3 3 0    1   0
8  2 2 1 2 13   0   1
8  2 3 2 1 13   0   1
8  3 3 1 2 13   0   1
8  3 3 3 2 0    1   0
9  2 2 1 2 1    0   1
9  2 2 1 4 11   1   0
9  2 3 2 1 1    0   1
9  2 5 4 1 11   1   0
9  3 3 1 2 1    0   1
9  3 6 2 1 1    0   1
9  5 5 1 4 11   1   0
9  5 6 4 3 11   1   0
9  6 6 1 3 1    0   1
10 3 3 2 3 6    0   1
10 3 3 2 4 36   1   0
10 3 3 3 4 6    0   1
11 1 1 1 3 0    1   0
11 2 1 1 1 0    1   0
11 2 2 4 1 0    1   0
11 2 3 4 3 11   0   1
11 3 4 3 2 11   0   1
11 4 1 3 3 11   0   1
11 4 4 2 3 11   0   1
12 1 1 3 1 0    1   0
12 1 2 1 1 0    1   0
12 2 2 1 2 0    1   0
12 3 2 1 2 0    0   1
12 3 3 3 1 0    0   1
12 4 1 3 3 0    1   0
12 4 3 2 3 0    0   1
12 4 4 3 2 0    0   1
13 1 1 3 2 1    0   1
13 1 2 2 3 1    0   1
13 1 3 3 3 48   1   0
13 2 2 3 4 1    0   1
13 3 2 3 4 48   1   0
14 2 2 2 3 66   1   0
14 2 2 4 3 0    0   1
14 3 2 1 2 66   1   0
14 3 3 2 1 66   1   0
14 5 2 1 4 0    0   1
14 5 5 4 1 0    0   1
14 6 3 1 2 66   1   0
14 6 5 3 4 0    0   1
14 6 6 1 3 0    0   1
15 2 5 4 1 15   0   1
15 3 2 3 4 15   0   1
15 3 4 3 2 62   1   0
15 4 4 2 1 15   0   1
15 4 4 2 3 62   1   0
15 4 4 3 1 62   1   0
15 5 4 1 2 15   0   1
;

