Index = 298
_solve_time = 411.664

:              xp  xb    :=
1  3 2 3 4 1    0   1
1  4 3 2 3 1    0   1
1  4 4 4 2 1    0   1
1  4 5 4 3 66   1   0
1  5 2 1 4 66   1   0
1  5 5 3 1 66   1   0
2  1 1 3 2 3    0   1
2  1 2 2 3 3    0   1
2  1 3 3 3 59   1   0
2  2 2 3 4 3    0   1
2  2 3 4 3 3    0   1
3  1 1 2 3 23   0   1
3  1 3 3 3 23   0   1
3  2 1 3 2 23   0   1
3  2 2 3 4 1    1   0
3  2 5 4 1 1    1   0
3  3 4 3 2 23   0   1
3  4 4 2 4 23   0   1
3  4 5 4 3 23   0   1
3  5 5 1 3 1    1   0
4  2 3 4 3 0    0   1
4  2 5 4 1 11   1   0
4  3 4 3 2 0    0   1
4  4 4 2 1 11   1   0
4  4 4 2 4 0    0   1
4  4 4 4 1 0    0   1
4  5 4 1 2 11   1   0
5  2 2 2 4 0    0   1
5  2 5 4 1 0    0   1
5  3 2 1 2 0    0   1
5  3 3 1 4 3    1   0
5  3 6 4 2 3    1   0
5  5 5 1 2 0    0   1
5  6 5 2 2 3    1   0
6  2 3 4 3 22   0   1
6  2 5 4 1 0    1   0
6  3 4 3 2 22   0   1
6  4 4 2 4 22   0   1
6  4 5 4 3 22   0   1
6  5 5 1 3 0    1   0
7  1 2 2 3 0    1   0
7  1 3 2 1 27   0   1
7  2 2 3 4 0    1   0
7  2 5 4 1 0    1   0
7  3 3 1 3 27   0   1
7  3 4 3 2 27   0   1
7  4 4 1 3 27   0   1
7  4 4 2 1 27   0   1
7  4 4 2 3 0    1   0
7  5 4 1 2 0    1   0
8  1 1 2 1 7    1   0
8  2 1 1 1 2    0   1
8  2 2 4 1 2    0   1
8  4 1 1 2 7    1   0
8  4 4 4 1 7    1   0
8  4 5 4 3 2    0   1
8  5 2 1 4 2    0   1
8  5 5 3 1 2    0   1
9  4 4 1 2 70   0   1
9  4 4 3 1 70   0   1
9  4 4 3 2 30   1   0
10 3 2 3 4 43   1   0
10 4 3 2 3 43   1   0
10 4 5 2 1 12   0   1
10 5 2 1 4 12   0   1
11 1 1 3 1 6    0   1
11 1 2 1 1 6    0   1
11 1 3 3 3 28   1   0
11 2 2 1 2 6    0   1
11 2 3 2 1 6    0   1
11 3 3 1 4 6    0   1
11 3 3 3 4 28   1   0
12 1 1 3 1 0    1   0
12 1 2 1 1 0    1   0
12 2 2 1 2 0    1   0
12 3 2 1 2 3    0   1
12 3 3 3 1 3    0   1
12 4 1 3 3 0    1   0
12 4 3 2 3 3    0   1
12 4 4 3 2 3    0   1
13 1 1 2 1 2    0   1
13 2 1 1 1 14   1   0
13 2 2 2 1 14   1   0
13 3 2 1 2 14   1   0
13 3 3 4 1 14   1   0
13 4 1 1 2 2    0   1
13 4 4 2 1 2    0   1
13 5 4 1 2 2    0   1
13 5 5 2 1 2    0   1
13 6 3 2 4 14   1   0
13 6 5 2 2 2    0   1
14 2 2 2 1 1    1   0
14 2 2 2 3 1    0   1
14 2 2 3 1 1    0   1
15 2 3 4 3 9    0   1
15 3 4 3 2 9    0   1
15 4 4 2 3 9    0   1
15 4 4 4 3 70   1   0
15 5 2 1 4 9    0   1
15 5 4 3 4 70   1   0
15 5 5 4 1 9    0   1
15 5 5 4 3 70   1   0
;

