Index = 310
_solve_time = 696.296

:              xp  xb    :=
1  2 3 4 3 2    0   1
1  3 4 3 2 2    0   1
1  4 4 2 1 2    0   1
1  4 4 4 1 71   1   0
1  5 2 1 4 2    0   1
1  5 4 3 4 71   1   0
1  5 5 3 1 2    0   1
2  2 3 4 3 47   0   1
2  2 5 4 1 2    1   0
2  3 4 3 2 47   0   1
2  4 4 2 4 47   0   1
2  4 5 4 3 47   0   1
2  5 5 1 3 2    1   0
3  1 1 2 3 35   0   1
3  1 2 2 3 56   1   0
3  1 3 3 3 35   0   1
3  2 2 3 4 56   1   0
3  3 2 3 4 35   0   1
4  3 3 2 3 1    1   0
4  3 3 2 4 12   0   1
4  3 4 3 2 1    1   0
4  3 6 4 2 12   0   1
4  4 4 2 1 1    1   0
4  4 4 4 1 12   0   1
4  5 4 3 4 12   0   1
4  5 5 2 3 12   0   1
4  6 5 2 2 12   0   1
5  3 3 1 2 0    1   0
5  3 3 1 3 45   0   1
5  3 4 3 2 45   0   1
5  3 6 2 1 0    1   0
5  4 5 2 1 45   0   1
5  5 5 1 4 45   0   1
5  5 6 4 3 45   0   1
5  6 6 1 3 0    1   0
6  2 2 4 2 1    1   0
6  3 2 1 2 28   0   1
6  3 3 3 1 28   0   1
6  4 3 2 3 28   0   1
6  5 2 1 4 1    1   0
6  5 4 1 2 28   0   1
7  1 3 2 1 34   0   1
7  2 1 3 2 34   0   1
7  2 2 2 3 34   0   1
7  2 3 2 1 0    1   0
7  3 3 1 2 34   0   1
7  3 3 1 3 0    1   0
7  3 3 3 2 0    1   0
8  2 5 4 1 57   0   1
8  3 2 3 4 57   0   1
8  4 3 2 3 57   0   1
8  4 4 4 2 57   0   1
8  4 5 4 3 55   1   0
8  5 5 1 3 57   0   1
9  2 2 4 2 0    1   0
9  3 2 1 2 32   0   1
9  3 3 3 1 32   0   1
9  4 3 2 3 32   0   1
9  4 5 2 1 0    1   0
9  5 2 1 4 0    1   0
10 3 3 2 3 22   1   0
10 3 4 3 2 22   1   0
10 4 4 2 1 22   1   0
10 4 4 4 1 0    0   1
10 5 4 3 4 0    0   1
10 5 5 4 3 0    0   1
10 6 3 1 2 22   1   0
10 6 5 3 4 0    0   1
10 6 6 1 3 0    0   1
11 5 5 3 1 13   0   1
11 5 5 4 1 53   1   0
11 5 5 4 3 13   0   1
12 1 1 1 3 0    1   0
12 1 2 1 1 0    0   1
12 1 3 3 3 0    1   0
12 2 2 1 4 0    0   1
12 2 5 4 1 0    0   1
12 3 4 3 2 0    1   0
12 4 4 2 1 0    1   0
12 4 4 2 3 0    0   1
12 4 4 3 1 0    0   1
12 5 4 1 2 0    0   1
13 1 1 2 1 6    0   1
13 2 1 1 1 38   1   0
13 2 2 2 1 38   1   0
13 3 2 1 2 38   1   0
13 3 3 1 3 6    0   1
13 3 4 3 2 6    0   1
13 4 1 1 2 6    0   1
13 4 4 2 1 6    0   1
14 2 2 2 4 0    1   0
14 2 3 2 1 57   0   1
14 2 5 4 1 0    1   0
14 3 3 1 3 57   0   1
14 3 4 3 2 57   0   1
14 4 4 2 4 57   0   1
14 4 5 4 3 57   0   1
14 5 5 1 3 0    1   0
15 3 3 3 4 0    1   0
15 3 4 3 2 0    0   1
15 3 6 4 2 0    1   0
15 4 5 2 1 0    0   1
15 5 5 1 4 0    0   1
15 5 6 4 3 0    0   1
15 6 6 2 3 0    1   0
;

