Index = 230
_solve_time = 697.028

:              xp  xb    :=
1  3 3 2 1 15   1   0
1  3 3 3 1 50   0   1
1  4 3 2 3 50   0   1
1  5 4 1 2 50   0   1
1  5 5 4 1 50   0   1
1  6 3 1 2 15   1   0
1  6 5 3 4 50   0   1
1  6 6 3 1 15   1   0
2  1 3 2 1 1    1   0
2  3 3 3 1 42   0   1
2  4 1 1 2 1    1   0
2  4 3 2 3 42   0   1
2  4 4 1 2 42   0   1
3  1 3 2 1 7    0   1
3  2 1 3 2 7    0   1
3  2 2 3 4 12   1   0
3  2 5 4 1 12   1   0
3  3 3 1 4 7    0   1
3  3 6 4 2 7    0   1
3  5 5 1 4 12   1   0
3  5 6 4 3 12   1   0
3  6 6 2 3 7    0   1
4  4 4 1 3 20   0   1
4  4 4 4 1 20   0   1
4  4 4 4 3 43   1   0
5  2 5 4 1 23   0   1
5  3 2 3 4 23   0   1
5  3 3 2 3 23   0   1
5  3 6 2 1 0    1   0
5  5 5 1 3 23   0   1
5  5 5 4 3 0    1   0
5  6 5 3 4 0    1   0
5  6 6 1 3 0    1   0
6  1 3 2 1 42   0   1
6  3 3 1 4 42   0   1
6  3 3 3 4 0    1   0
6  4 1 1 2 42   0   1
6  4 3 2 3 0    1   0
6  4 4 1 2 0    1   0
7  2 2 2 4 0    0   1
7  2 5 4 1 0    0   1
7  3 2 1 2 0    0   1
7  3 3 1 3 0    1   0
7  3 4 3 2 0    1   0
7  4 4 1 3 0    0   1
7  4 4 2 1 0    0   1
7  4 4 2 3 0    1   0
7  5 4 1 2 0    0   1
8  2 5 4 1 0    0   1
8  3 2 3 4 0    0   1
8  3 4 3 2 0    1   0
8  4 5 2 1 0    1   0
9  1 3 2 1 34   0   1
9  3 3 1 2 34   0   1
9  3 3 3 2 62   1   0
9  4 1 1 2 34   0   1
9  4 3 2 3 62   1   0
9  4 4 4 1 34   0   1
9  4 4 4 2 62   1   0
10 2 2 1 3 1    0   1
10 2 2 2 1 1    0   1
10 2 2 2 3 7    1   0
11 2 3 4 3 0    0   1
11 3 4 3 2 0    0   1
11 4 4 2 1 12   1   0
11 4 4 2 3 0    0   1
11 4 4 3 1 0    0   1
11 5 2 1 4 0    0   1
11 5 4 1 2 12   1   0
12 3 3 3 4 0    0   1
12 4 3 2 3 0    0   1
12 5 4 1 2 0    0   1
12 5 5 2 1 0    0   1
12 6 3 2 4 70   1   0
12 6 5 2 2 0    0   1
13 4 4 1 2 0    0   1
13 4 4 4 1 0    0   1
13 4 4 4 2 27   1   0
14 1 2 2 3 0    1   0
14 1 3 2 1 0    0   1
14 2 2 3 4 0    1   0
14 2 5 4 1 0    1   0
14 3 3 1 3 0    0   1
14 3 4 3 2 0    0   1
14 4 4 2 4 0    0   1
14 4 5 4 3 0    0   1
14 5 5 1 3 0    1   0
15 1 2 2 3 73   0   1
15 2 2 4 3 1    1   0
15 4 1 1 2 73   0   1
15 4 4 4 1 73   0   1
15 5 2 1 4 1    1   0
15 5 4 3 4 73   0   1
15 5 5 2 1 1    1   0
15 5 5 2 3 73   0   1
;

