Index = 313
_solve_time = 727.244

:              xp  xb    :=
1  1 3 2 1 0    0   1
1  3 3 3 1 3    1   0
1  4 1 1 2 0    0   1
1  4 3 2 3 3    1   0
1  4 4 4 1 0    0   1
1  4 4 4 2 3    1   0
2  2 5 4 1 0    0   1
2  3 2 3 4 0    0   1
2  4 3 2 3 0    0   1
2  4 4 4 2 0    0   1
2  4 5 4 3 3    1   0
2  5 5 1 4 0    0   1
2  5 5 3 4 3    1   0
3  1 1 3 1 0    0   1
3  1 2 1 1 0    0   1
3  1 3 3 3 26   1   0
3  2 2 1 4 0    0   1
3  2 5 4 1 0    0   1
3  3 4 3 2 26   1   0
3  4 4 2 4 26   1   0
3  5 4 3 4 0    0   1
3  5 5 1 3 0    0   1
4  2 2 4 2 0    0   1
4  2 3 2 1 0    0   1
4  3 3 3 1 5    1   0
4  4 3 2 3 5    1   0
4  5 2 1 4 0    0   1
4  5 4 1 2 5    1   0
5  1 1 1 2 42   0   1
5  1 1 3 1 42   0   1
5  1 1 3 2 5    1   0
6  3 3 2 3 61   0   1
6  3 3 2 4 59   1   0
6  3 4 3 2 61   0   1
6  3 6 4 2 59   1   0
6  4 5 2 1 61   0   1
6  5 5 1 2 61   0   1
6  5 6 2 2 61   0   1
7  1 1 1 3 69   0   1
7  2 1 1 1 69   0   1
7  2 2 4 1 69   0   1
7  4 1 3 3 1    1   0
7  4 4 4 3 1    1   0
7  5 2 1 4 69   0   1
7  5 4 3 4 1    1   0
7  5 5 3 1 69   0   1
8  1 1 1 2 0    1   0
8  1 2 1 1 3    0   1
8  1 3 2 1 0    1   0
8  2 2 1 4 3    0   1
8  2 3 4 3 3    0   1
8  3 3 1 4 0    1   0
8  3 3 3 4 3    0   1
9  1 1 1 3 35   1   0
9  2 1 1 1 35   1   0
9  2 2 2 1 35   1   0
9  3 2 1 2 35   1   0
9  3 3 2 1 35   1   0
9  4 1 3 3 2    0   1
9  4 4 2 3 2    0   1
9  5 4 1 2 2    0   1
9  5 5 2 1 2    0   1
9  6 3 1 2 35   1   0
9  6 5 2 2 2    0   1
9  6 6 1 2 2    0   1
10 3 2 3 4 5    0   1
10 4 3 2 3 5    0   1
10 5 2 1 4 2    1   0
10 5 4 1 2 5    0   1
11 2 5 4 1 39   0   1
11 3 2 3 4 39   0   1
11 3 3 2 3 39   0   1
11 3 6 2 1 62   1   0
11 5 5 1 4 39   0   1
11 5 6 4 3 39   0   1
11 6 6 1 3 62   1   0
12 2 3 4 3 1    0   1
12 3 3 3 2 1    0   1
12 3 6 2 1 1    0   1
12 5 2 1 4 1    0   1
12 5 5 4 1 1    0   1
12 5 6 4 3 34   1   0
12 6 6 3 1 34   1   0
13 3 3 3 2 3    1   0
13 3 6 2 1 3    1   0
13 4 3 2 3 3    1   0
13 4 5 2 1 4    0   1
13 5 5 1 4 4    0   1
13 5 6 4 3 4    0   1
13 6 6 3 1 4    0   1
14 2 3 4 3 2    1   0
14 2 5 4 1 0    0   1
14 3 4 3 2 2    1   0
14 5 4 1 2 0    0   1
15 1 1 2 1 11   1   0
15 1 1 2 3 23   0   1
15 1 1 3 1 23   0   1
;

