Index = 359
_solve_time = 461.196

:              xp  xb    :=
1  1 2 2 3 12   0   1
1  2 2 3 4 12   0   1
1  2 5 4 1 12   0   1
1  4 1 1 2 12   0   1
1  4 4 1 2 0    1   0
1  4 5 2 1 0    1   0
2  2 3 4 3 2    0   1
2  3 3 2 3 12   1   0
2  5 2 1 4 2    0   1
2  5 5 2 1 2    0   1
2  6 3 1 2 12   1   0
2  6 5 2 2 2    0   1
2  6 6 1 2 2    0   1
3  3 3 4 3 0    0   1
3  3 4 3 2 0    0   1
3  4 5 2 1 0    0   1
3  5 5 1 4 0    0   1
3  5 5 2 4 0    1   0
3  6 3 2 4 0    0   1
3  6 5 2 2 0    1   0
4  2 1 3 2 6    0   1
4  2 2 4 3 6    0   1
4  4 1 1 2 17   1   0
4  4 4 1 2 6    0   1
4  4 5 2 1 6    0   1
4  5 2 1 4 6    0   1
5  3 3 3 2 17   0   1
5  3 6 2 1 17   0   1
5  4 3 2 3 17   0   1
5  4 4 4 2 17   0   1
5  4 5 4 3 0    1   0
5  5 5 3 4 0    1   0
5  5 6 4 3 0    1   0
5  6 6 3 1 0    1   0
6  1 1 2 1 7    0   1
6  2 1 1 1 0    1   0
6  2 2 2 1 0    1   0
6  3 2 1 2 0    1   0
6  3 3 2 1 0    1   0
6  3 3 2 3 7    0   1
6  3 4 3 2 7    0   1
6  4 1 1 2 7    0   1
6  4 4 2 1 7    0   1
7  1 2 2 3 0    0   1
7  1 3 2 1 0    1   0
7  2 2 3 4 0    0   1
7  2 5 4 1 0    0   1
7  3 3 1 4 0    1   0
7  3 6 4 2 0    1   0
7  5 5 1 4 0    0   1
7  5 6 4 3 0    0   1
7  6 6 2 3 0    1   0
8  1 2 2 3 0    1   0
8  2 2 3 1 0    1   0
8  2 2 4 1 65   0   1
8  3 2 3 4 65   0   1
8  4 1 1 2 0    1   0
8  4 3 2 3 65   0   1
8  4 4 1 2 65   0   1
9  1 1 2 1 41   0   1
9  2 1 1 1 6    1   0
9  2 2 4 1 6    1   0
9  4 1 1 2 41   0   1
9  4 4 2 1 41   0   1
9  5 2 1 4 6    1   0
9  5 4 1 2 41   0   1
10 2 2 2 4 0    0   1
10 2 2 3 2 0    0   1
10 2 2 3 4 54   1   0
10 2 3 4 3 0    0   1
10 2 5 4 1 54   1   0
10 3 4 3 2 0    0   1
10 4 4 2 4 0    0   1
10 5 4 3 4 54   1   0
10 5 5 1 3 54   1   0
11 3 3 2 1 50   1   0
11 3 3 2 4 1    0   1
11 3 3 4 1 1    0   1
12 1 1 3 1 16   0   1
12 2 1 1 1 11   1   0
12 2 2 2 1 11   1   0
12 3 2 1 2 11   1   0
12 3 3 4 1 11   1   0
12 4 1 3 3 16   0   1
12 4 4 2 3 16   0   1
12 5 4 1 2 16   0   1
12 5 5 2 1 16   0   1
12 6 3 2 4 11   1   0
12 6 5 2 2 16   0   1
13 2 5 4 1 25   0   1
13 3 2 3 4 25   0   1
13 4 3 2 3 25   0   1
13 4 4 2 4 1    1   0
13 4 5 4 3 1    1   0
13 5 5 1 3 25   0   1
14 2 2 2 4 0    0   1
14 2 5 4 1 0    0   1
14 3 2 1 2 0    0   1
14 3 3 1 3 28   1   0
14 3 4 3 2 28   1   0
14 4 4 2 4 28   1   0
14 5 4 3 4 0    0   1
14 5 5 1 3 0    0   1
15 2 2 4 2 12   1   0
15 3 2 1 2 3    0   1
15 3 3 3 1 3    0   1
15 4 3 2 3 3    0   1
15 5 2 1 4 12   1   0
15 5 4 1 2 3    0   1
;

