Index = 290
_solve_time = 438.676

:              xp  xb    :=
1  1 3 3 3 66   0   1
1  2 5 4 1 66   0   1
1  3 2 3 4 66   0   1
1  4 1 3 3 66   0   1
1  4 4 3 2 3    1   0
1  4 5 2 1 3    1   0
2  2 2 2 4 4    0   1
2  2 3 2 1 3    1   0
2  2 5 4 1 4    0   1
2  3 3 1 4 3    1   0
2  3 3 3 4 4    0   1
2  4 3 2 3 4    0   1
2  5 4 1 2 4    0   1
3  2 2 2 4 53   1   0
3  2 3 2 1 2    0   1
3  2 5 4 1 53   1   0
3  3 3 1 3 2    0   1
3  3 4 3 2 2    0   1
3  5 4 1 2 53   1   0
4  2 2 2 4 0    1   0
4  2 3 2 1 0    0   1
4  2 5 4 1 0    1   0
4  3 3 1 3 0    0   1
4  3 4 3 2 0    0   1
4  4 4 1 3 0    0   1
4  4 4 2 1 0    0   1
4  4 4 2 3 0    1   0
4  5 4 1 2 0    1   0
5  1 1 2 1 1    1   0
5  1 1 2 3 0    0   1
5  1 1 3 1 0    0   1
6  2 5 4 1 58   0   1
6  3 2 3 4 58   0   1
6  4 3 2 3 58   0   1
6  4 4 4 2 58   0   1
6  4 5 4 3 52   1   0
6  5 5 1 2 58   0   1
6  5 5 3 2 52   1   0
7  1 1 1 3 0    0   1
7  1 3 3 3 0    0   1
7  2 1 1 1 0    0   1
7  2 2 2 1 0    0   1
7  2 3 2 1 0    1   0
7  3 3 1 4 0    1   0
7  3 3 3 4 0    0   1
8  2 2 2 1 9    0   1
8  2 2 4 1 0    1   0
8  3 2 1 2 9    0   1
8  3 3 4 1 9    0   1
8  5 2 1 4 0    1   0
8  5 5 2 1 0    1   0
8  6 3 2 4 9    0   1
8  6 5 2 2 0    1   0
9  1 1 2 1 14   1   0
9  2 1 1 1 0    0   1
9  2 2 4 1 0    0   1
9  4 1 1 2 14   1   0
9  4 4 1 2 0    0   1
9  4 5 2 1 0    0   1
9  5 2 1 4 0    0   1
10 3 3 2 3 0    1   0
10 3 4 3 2 0    1   0
10 3 6 2 1 0    0   1
10 4 4 2 3 0    1   0
10 4 4 4 3 0    0   1
10 5 4 3 4 0    0   1
10 5 5 2 3 0    0   1
10 6 5 2 2 0    0   1
10 6 6 1 2 0    0   1
11 3 3 4 3 52   0   1
11 3 4 3 2 52   0   1
11 4 4 2 4 52   0   1
11 5 4 3 4 30   1   0
11 5 5 4 3 30   1   0
11 6 3 2 4 52   0   1
11 6 5 3 4 30   1   0
11 6 6 3 2 52   0   1
12 1 1 2 3 0    0   1
12 1 3 3 3 0    0   1
12 2 1 3 2 0    0   1
12 2 2 3 4 28   1   0
12 2 5 4 1 28   1   0
12 3 4 3 2 0    0   1
12 4 4 2 4 0    0   1
12 5 4 3 4 28   1   0
12 5 5 1 3 28   1   0
13 2 2 2 4 0    0   1
13 2 3 2 1 6    1   0
13 2 5 4 1 0    0   1
13 3 3 1 2 6    1   0
13 3 6 2 1 6    1   0
13 5 5 1 4 0    0   1
13 5 6 4 3 0    0   1
13 6 6 1 3 6    1   0
14 1 1 1 3 0    0   1
14 1 1 2 1 0    0   1
14 1 1 2 3 55   1   0
15 1 1 3 2 31   1   0
15 1 2 2 3 31   1   0
15 2 2 4 3 0    0   1
15 4 1 3 3 31   1   0
15 4 4 3 2 0    0   1
15 4 5 2 1 0    0   1
15 5 2 1 4 0    0   1
;

