Index = 247
_solve_time = 874.336

:              xp  xb    :=
1  3 3 4 3 1    1   0
1  3 4 3 2 1    1   0
1  3 6 4 2 26   0   1
1  5 4 1 2 26   0   1
1  5 5 2 1 26   0   1
1  6 5 2 2 26   0   1
2  1 1 1 2 26   0   1
2  1 1 1 3 0    1   0
2  1 1 2 3 26   0   1
3  6 6 1 2 16   0   1
3  6 6 3 1 16   0   1
3  6 6 3 2 32   1   0
4  1 2 2 3 72   1   0
4  1 3 2 1 0    0   1
4  2 2 3 4 72   1   0
4  2 5 4 1 72   1   0
4  3 3 1 3 0    0   1
4  3 4 3 2 0    0   1
4  4 5 2 1 0    0   1
5  1 2 2 3 2    0   1
5  2 2 4 3 42   1   0
5  4 1 1 2 2    0   1
5  4 4 4 1 2    0   1
5  5 2 1 4 42   1   0
5  5 4 3 4 2    0   1
5  5 5 4 1 42   1   0
5  5 5 4 3 2    0   1
6  1 1 1 3 0    0   1
6  2 1 1 1 0    0   1
6  2 2 2 1 0    0   1
6  3 2 1 2 0    0   1
6  3 3 1 3 5    1   0
6  3 4 3 2 5    1   0
6  4 1 3 3 5    1   0
6  4 4 2 3 5    1   0
7  1 3 3 3 0    1   0
7  3 3 3 2 0    1   0
7  3 3 3 4 60   0   1
7  3 3 4 2 60   0   1
7  4 1 3 3 0    1   0
7  4 3 2 3 60   0   1
7  4 4 3 2 60   0   1
8  3 2 3 4 0    0   1
8  3 3 4 3 0    0   1
8  5 2 1 4 25   1   0
8  5 5 2 1 25   1   0
8  6 3 2 4 0    0   1
8  6 5 2 2 25   1   0
9  1 1 3 1 24   0   1
9  1 2 1 1 24   0   1
9  2 2 4 1 31   1   0
9  3 2 3 4 31   1   0
9  4 1 3 3 24   0   1
9  4 3 2 3 31   1   0
9  4 4 2 3 24   0   1
10 2 3 4 3 0    0   1
10 3 4 3 2 0    0   1
10 4 4 2 3 0    0   1
10 4 4 4 3 0    1   0
10 5 2 1 4 0    0   1
10 5 4 3 4 0    1   0
10 5 5 4 1 0    0   1
10 5 5 4 3 0    1   0
11 1 3 2 1 4    0   1
11 2 2 4 2 11   1   0
11 3 2 1 2 4    0   1
11 4 1 1 2 4    0   1
11 4 4 4 1 4    0   1
11 5 2 1 4 11   1   0
11 5 4 3 4 4    0   1
11 5 5 3 1 11   1   0
12 1 3 2 1 43   0   1
12 2 1 3 2 43   0   1
12 2 2 4 2 63   1   0
12 2 2 4 3 43   0   1
12 2 3 2 1 63   1   0
13 2 5 4 1 3    0   1
13 3 2 3 4 3    0   1
13 3 3 3 4 3    1   0
13 3 6 4 2 3    1   0
13 5 5 1 2 3    0   1
13 5 6 2 2 3    0   1
14 3 3 2 3 9    1   0
14 3 4 3 2 9    1   0
14 3 6 2 1 24   0   1
14 4 4 2 3 9    1   0
14 4 4 4 3 24   0   1
14 5 4 3 4 24   0   1
14 5 5 2 3 24   0   1
14 6 5 2 2 24   0   1
14 6 6 1 2 24   0   1
15 4 4 1 4 7    0   1
15 4 4 2 1 7    0   1
15 4 4 2 4 60   1   0
;

