Index = 310
_solve_time = 668.652

:              xp  xb    :=
1  3 3 4 3 7    0   1
1  3 4 3 2 7    0   1
1  4 4 2 1 7    0   1
1  4 4 4 1 0    1   0
1  5 4 3 4 0    1   0
1  5 5 2 3 0    1   0
1  6 3 2 4 7    0   1
1  6 5 2 2 0    1   0
2  2 2 4 2 0    1   0
2  3 2 1 2 2    0   1
2  3 3 4 1 2    0   1
2  5 2 1 4 0    1   0
2  5 5 2 1 0    1   0
2  5 6 2 2 2    0   1
2  6 3 2 4 2    0   1
3  2 5 4 1 5    0   1
3  3 2 3 4 5    0   1
3  3 3 2 3 5    0   1
3  5 5 1 4 5    0   1
3  6 3 1 2 5    0   1
3  6 5 3 4 5    1   0
3  6 6 3 1 5    0   1
4  1 2 2 3 68   0   1
4  2 2 4 3 14   1   0
4  4 1 1 2 68   0   1
4  4 4 4 1 68   0   1
4  5 2 1 4 14   1   0
4  5 4 3 4 68   0   1
4  5 5 4 1 14   1   0
4  5 5 4 3 68   0   1
5  2 5 4 1 64   0   1
5  3 2 3 4 64   0   1
5  4 3 2 3 64   0   1
5  4 4 1 2 64   0   1
5  4 4 1 4 0    1   0
5  4 5 4 3 0    1   0
5  5 5 1 3 64   0   1
6  5 5 1 3 5    1   0
6  5 5 1 4 1    0   1
6  5 5 4 3 1    0   1
7  1 1 1 2 0    1   0
7  1 2 1 1 0    0   1
7  1 3 2 1 0    1   0
7  2 2 1 2 0    0   1
7  2 3 2 1 0    0   1
8  3 2 3 4 0    1   0
8  3 3 4 3 0    1   0
8  3 6 4 2 3    0   1
8  5 2 1 4 3    0   1
8  5 5 2 1 3    0   1
8  6 5 2 2 3    0   1
9  4 4 3 2 59   1   0
9  4 4 3 4 40   0   1
9  4 4 4 2 40   0   1
10 3 3 1 3 18   0   1
10 3 3 4 1 18   0   1
10 3 3 4 3 56   1   0
11 1 1 2 3 4    0   1
11 2 1 3 2 4    0   1
11 2 2 4 3 4    0   1
11 3 2 3 4 4    0   1
11 3 4 3 2 0    1   0
11 4 1 3 3 0    1   0
11 4 4 2 3 0    1   0
12 1 1 1 3 12   0   1
12 1 2 1 1 29   1   0
12 1 3 3 3 12   0   1
12 2 2 1 4 29   1   0
12 2 5 4 1 29   1   0
12 3 4 3 2 12   0   1
12 4 5 2 1 12   0   1
13 1 1 2 1 50   0   1
13 2 1 1 1 53   1   0
13 2 2 2 1 53   1   0
13 3 2 1 2 53   1   0
13 3 3 4 1 53   1   0
13 3 3 4 3 50   0   1
13 3 4 3 2 50   0   1
13 4 1 1 2 50   0   1
13 4 4 2 1 50   0   1
14 3 3 1 3 29   1   0
14 3 3 1 4 27   0   1
14 3 4 3 2 29   1   0
14 3 6 4 2 27   0   1
14 4 4 2 4 29   1   0
14 4 5 4 3 29   1   0
14 5 5 2 3 27   0   1
14 6 5 2 2 27   0   1
15 4 4 1 3 7    0   1
15 4 4 2 1 7    0   1
15 4 4 2 3 0    1   0
;

