Index = 296
_solve_time = 3535.06

:              xp  xb    :=
1  2 3 4 3 1    0   1
1  2 5 4 1 24   1   0
1  3 3 3 4 1    0   1
1  3 6 4 2 1    0   1
1  5 5 1 2 24   1   0
1  5 6 2 2 24   1   0
2  3 3 3 4 31   0   1
2  3 6 4 2 31   0   1
2  4 3 2 3 31   0   1
2  4 5 2 1 0    1   0
2  5 5 1 2 0    1   0
2  6 5 2 2 31   0   1
3  3 3 4 3 67   0   1
3  3 4 3 2 67   0   1
3  4 4 2 3 67   0   1
3  4 4 4 3 7    1   0
3  5 4 3 4 7    1   0
3  5 5 2 3 7    1   0
3  6 3 2 4 67   0   1
3  6 5 2 2 7    1   0
4  2 3 4 3 41   0   1
4  3 3 3 2 41   0   1
4  5 2 1 4 41   0   1
4  5 5 4 1 41   0   1
4  5 6 4 3 26   1   0
4  6 3 1 2 26   1   0
4  6 6 3 1 26   1   0
5  1 1 3 1 48   0   1
5  1 2 1 1 48   0   1
5  1 3 3 3 0    1   0
5  2 2 1 4 48   0   1
5  3 2 3 4 0    1   0
6  2 2 2 1 0    1   0
6  2 2 4 1 0    0   1
6  3 2 1 2 0    1   0
6  3 3 2 1 0    1   0
6  5 2 1 4 0    0   1
6  5 5 4 1 0    0   1
6  6 3 1 2 0    1   0
6  6 5 3 4 0    0   1
6  6 6 1 3 0    0   1
7  2 5 4 1 1    0   1
7  3 2 3 4 1    0   1
7  4 3 2 3 1    0   1
7  4 4 4 2 1    0   1
7  4 5 4 3 49   1   0
7  5 5 1 4 1    0   1
7  5 5 3 4 49   1   0
8  3 3 1 3 72   0   1
8  3 3 1 4 0    1   0
8  3 4 3 2 72   0   1
8  3 6 4 2 0    1   0
8  4 5 2 1 72   0   1
8  5 5 1 2 72   0   1
8  5 6 2 2 72   0   1
9  1 3 2 1 25   0   1
9  2 1 3 2 25   0   1
9  2 2 3 2 26   1   0
9  2 3 2 1 26   1   0
10 1 2 2 3 70   0   1
10 1 3 2 1 12   1   0
10 2 2 3 4 70   0   1
10 2 3 4 3 70   0   1
10 3 3 1 2 12   1   0
10 3 3 3 2 70   0   1
11 3 3 4 3 37   0   1
11 3 4 3 2 37   0   1
11 3 6 4 2 19   1   0
11 4 5 2 1 37   0   1
11 5 5 1 2 37   0   1
11 5 6 2 2 37   0   1
12 2 2 3 2 51   0   1
12 2 2 3 4 0    1   0
12 2 3 2 1 51   0   1
12 2 5 4 1 0    1   0
12 3 3 1 4 51   0   1
12 3 6 4 2 51   0   1
12 5 5 1 2 0    1   0
12 5 6 2 2 0    1   0
13 3 2 3 4 15   0   1
13 3 3 4 3 15   0   1
13 5 2 1 4 48   1   0
13 5 5 4 1 48   1   0
13 6 3 2 4 15   0   1
13 6 5 3 4 48   1   0
13 6 6 3 2 15   0   1
14 3 3 4 3 63   0   1
14 3 4 3 2 63   0   1
14 4 4 2 4 63   0   1
14 5 4 3 4 0    1   0
14 5 5 4 3 0    1   0
14 6 3 2 4 63   0   1
14 6 5 3 4 0    1   0
14 6 6 3 2 63   0   1
15 3 3 4 3 0    0   1
15 3 4 3 2 0    0   1
15 4 4 2 3 0    0   1
15 4 4 4 3 30   1   0
15 5 4 3 4 30   1   0
15 5 5 2 3 30   1   0
15 6 3 2 4 0    0   1
15 6 5 2 2 30   1   0
;

