Index = 364
_solve_time = 488.04

:              xp  xb    :=
1  1 3 2 1 59   0   1
1  3 3 1 2 59   0   1
1  3 3 3 2 0    1   0
1  4 1 1 2 59   0   1
1  4 3 2 3 0    1   0
1  4 4 1 2 0    1   0
2  2 1 3 2 3    0   1
2  2 2 2 3 3    0   1
2  3 2 1 2 3    0   1
2  3 3 4 1 3    0   1
2  3 3 4 3 0    1   0
2  3 4 3 2 0    1   0
2  4 1 1 2 0    1   0
2  4 4 2 1 0    1   0
3  1 2 2 3 19   1   0
3  1 3 2 1 69   0   1
3  2 2 2 3 69   0   1
3  3 2 1 2 69   0   1
4  3 3 4 3 20   0   1
4  3 4 3 2 20   0   1
4  4 4 2 4 20   0   1
4  5 4 3 4 0    1   0
4  5 5 2 3 0    1   0
4  6 3 2 4 20   0   1
4  6 5 2 2 0    1   0
5  2 1 3 2 13   0   1
5  2 2 4 3 13   0   1
5  4 1 1 2 28   1   0
5  4 4 4 1 28   1   0
5  5 2 1 4 13   0   1
5  5 4 3 4 28   1   0
5  5 5 2 1 13   0   1
5  5 5 2 3 28   1   0
6  2 3 4 3 2    0   1
6  3 4 3 2 2    0   1
6  4 4 2 1 2    0   1
6  4 4 4 1 2    1   0
6  5 2 1 4 2    0   1
6  5 4 3 4 2    1   0
6  5 5 4 1 2    0   1
6  5 5 4 3 2    1   0
7  1 1 2 3 9    0   1
7  2 1 3 2 9    0   1
7  2 2 2 3 9    0   1
7  3 2 1 2 9    0   1
7  3 3 2 1 9    0   1
7  3 3 2 3 5    1   0
7  3 4 3 2 5    1   0
7  4 1 3 3 5    1   0
7  4 4 2 3 5    1   0
8  3 3 3 4 45   0   1
8  4 3 2 3 45   0   1
8  4 4 4 2 45   0   1
8  5 4 3 4 45   0   1
8  5 5 3 2 38   1   0
8  5 6 2 2 38   1   0
8  6 3 2 4 38   1   0
9  1 2 2 3 1    1   0
9  2 2 4 3 0    0   1
9  4 1 1 2 1    1   0
9  4 4 4 1 1    1   0
9  4 4 4 2 0    0   1
9  4 5 2 1 0    0   1
9  5 2 1 4 0    0   1
10 1 3 2 1 46   0   1
10 2 1 3 2 46   0   1
10 2 2 4 3 46   0   1
10 2 3 4 3 0    1   0
10 3 3 1 2 46   0   1
10 3 3 3 2 0    1   0
11 4 4 2 1 3    0   1
11 4 4 4 1 0    1   0
11 4 4 4 2 3    0   1
12 2 3 4 3 1    0   1
12 3 4 3 2 1    0   1
12 4 4 2 4 1    0   1
12 5 2 1 4 1    0   1
12 5 4 3 4 11   1   0
12 5 5 3 1 1    0   1
13 2 2 2 1 13   0   1
13 2 2 4 1 69   1   0
13 3 2 1 2 13   0   1
13 3 3 4 1 13   0   1
13 5 2 1 4 69   1   0
13 5 5 4 1 69   1   0
13 5 6 4 3 13   0   1
13 6 3 2 4 13   0   1
13 6 6 3 2 13   0   1
14 2 3 4 3 52   0   1
14 3 4 3 2 52   0   1
14 4 4 4 2 54   1   0
14 5 2 1 4 52   0   1
14 5 4 3 4 54   1   0
14 5 5 3 1 52   0   1
15 1 1 2 1 0    0   1
15 2 1 1 1 14   1   0
15 2 2 4 1 14   1   0
15 4 1 1 2 0    0   1
15 4 4 4 1 0    0   1
15 5 2 1 4 14   1   0
15 5 4 3 4 0    0   1
15 5 5 4 1 14   1   0
15 5 5 4 3 0    0   1
;

