Index = 305
_solve_time = 782.4

:              xp  xb    :=
1  2 1 3 2 0    1   0
1  2 2 4 3 0    1   0
1  2 5 4 1 22   0   1
1  4 1 1 2 22   0   1
1  4 4 2 1 22   0   1
1  5 4 1 2 22   0   1
2  2 5 4 1 63   0   1
2  3 2 3 4 63   0   1
2  4 3 2 3 63   0   1
2  4 4 3 2 63   0   1
2  4 4 3 4 0    1   0
2  4 5 4 3 0    1   0
2  5 5 1 3 63   0   1
3  2 1 3 2 0    0   1
3  2 2 4 3 0    0   1
3  4 1 1 2 3    1   0
3  4 4 1 2 0    0   1
3  4 5 2 1 0    0   1
3  5 2 1 4 0    0   1
4  1 1 1 3 51   0   1
4  2 1 1 1 51   0   1
4  2 2 4 1 51   0   1
4  4 1 3 3 9    1   0
4  4 4 4 3 9    1   0
4  5 2 1 4 51   0   1
4  5 4 3 4 9    1   0
4  5 5 3 1 51   0   1
5  3 3 3 4 53   1   0
5  3 4 3 2 4    0   1
5  3 6 4 2 53   1   0
5  4 5 2 1 4    0   1
5  5 5 1 2 4    0   1
5  5 6 2 2 4    0   1
6  3 3 4 3 8    0   1
6  3 4 3 2 8    0   1
6  4 4 2 4 8    0   1
6  4 5 4 3 8    0   1
6  5 5 2 3 14   1   0
6  6 3 2 4 8    0   1
6  6 5 2 2 14   1   0
7  3 3 4 3 44   1   0
7  4 3 2 3 30   0   1
7  5 4 1 2 30   0   1
7  5 5 2 1 30   0   1
7  6 3 2 4 44   1   0
7  6 5 2 2 30   0   1
8  2 2 2 4 0    1   0
8  2 3 2 1 0    0   1
8  2 5 4 1 0    1   0
8  3 3 1 3 0    0   1
8  3 4 3 2 0    0   1
8  4 4 2 3 0    1   0
8  4 4 2 4 0    0   1
8  4 4 4 3 0    0   1
8  5 4 1 2 0    1   0
9  1 2 2 3 14   1   0
9  2 2 4 3 3    0   1
9  3 2 3 4 3    0   1
9  4 1 1 2 14   1   0
9  4 3 2 3 3    0   1
9  4 4 4 1 14   1   0
9  4 4 4 2 3    0   1
10 2 2 2 3 0    1   0
10 2 2 4 3 32   0   1
10 3 2 1 2 0    1   0
10 3 3 4 1 0    1   0
10 3 6 4 2 32   0   1
10 5 2 1 4 32   0   1
10 5 5 2 1 32   0   1
10 6 5 2 2 32   0   1
11 1 3 2 1 40   1   0
11 2 2 4 2 0    0   1
11 3 2 1 2 40   1   0
11 4 1 1 2 40   1   0
11 4 4 1 2 0    0   1
11 4 5 2 1 0    0   1
11 5 2 1 4 0    0   1
12 2 2 2 4 5    1   0
12 2 5 4 1 5    1   0
12 3 2 1 2 5    1   0
12 3 3 1 2 71   0   1
12 3 6 2 1 71   0   1
12 5 5 1 4 5    1   0
12 6 5 3 4 71   0   1
12 6 6 1 3 71   0   1
13 2 1 3 2 30   1   0
13 2 2 2 3 30   1   0
13 3 2 1 2 30   1   0
13 3 3 2 1 30   1   0
13 3 3 2 3 1    0   1
13 3 4 3 2 1    0   1
13 4 1 1 2 1    0   1
13 4 4 2 1 1    0   1
14 2 5 4 1 0    0   1
14 3 2 3 4 0    0   1
14 4 3 2 3 0    0   1
14 4 4 1 2 0    0   1
14 4 4 1 4 32   1   0
14 4 5 4 3 32   1   0
14 5 5 1 3 0    0   1
15 3 3 2 1 24   1   0
15 3 3 2 3 29   0   1
15 3 3 3 1 29   0   1
;

