Index = 210
_solve_time = 603.584

:              xp  xb    :=
1  1 1 3 1 55   0   1
1  1 2 1 1 55   0   1
1  1 3 3 3 1    1   0
1  2 2 1 2 55   0   1
1  2 3 2 1 55   0   1
1  3 3 1 2 55   0   1
1  3 3 3 2 1    1   0
2  1 1 1 3 4    0   1
2  1 1 2 1 4    0   1
2  1 1 2 3 0    1   0
3  2 3 4 3 48   0   1
3  3 4 3 2 48   0   1
3  4 4 2 4 48   0   1
3  5 2 1 4 48   0   1
3  5 4 3 4 49   1   0
3  5 5 2 1 48   0   1
3  5 5 2 3 49   1   0
4  2 5 4 1 0    0   1
4  3 2 3 4 0    0   1
4  3 3 2 3 0    0   1
4  3 6 2 1 3    1   0
4  5 5 1 4 0    0   1
4  5 6 4 3 0    0   1
4  6 6 3 1 0    0   1
5  1 2 2 3 3    0   1
5  1 3 2 1 51   1   0
5  2 2 3 2 3    0   1
5  2 3 2 1 3    0   1
6  1 1 1 2 52   0   1
6  1 2 1 1 32   1   0
6  1 3 2 1 52   0   1
6  2 2 1 4 32   1   0
6  2 5 4 1 32   1   0
6  3 3 1 4 52   0   1
6  3 6 4 2 52   0   1
6  5 5 1 2 32   1   0
6  6 5 2 2 52   0   1
7  2 5 4 1 34   0   1
7  3 2 3 4 34   0   1
7  3 4 3 2 1    1   0
7  4 4 2 4 1    1   0
7  4 5 4 3 1    1   0
7  5 5 1 3 34   0   1
8  1 3 2 1 1    1   0
8  3 3 3 1 49   0   1
8  4 1 1 2 1    1   0
8  4 3 2 3 49   0   1
8  4 4 1 2 49   0   1
9  2 2 1 2 0    0   1
9  2 2 1 4 0    1   0
9  2 2 2 4 0    0   1
9  2 3 4 3 0    1   0
9  2 5 4 1 0    0   1
9  3 4 3 2 0    1   0
9  4 4 2 4 0    1   0
9  5 4 3 4 0    0   1
9  5 5 1 3 0    0   1
10 5 5 1 4 49   0   1
10 5 5 3 1 49   0   1
10 5 5 3 4 68   1   0
11 2 1 3 2 66   0   1
11 2 2 4 3 66   0   1
11 4 1 1 2 0    1   0
11 4 4 2 1 0    1   0
11 4 5 2 1 66   0   1
11 5 2 1 4 66   0   1
12 2 3 4 3 17   0   1
12 3 4 3 2 17   0   1
12 5 2 1 4 17   0   1
12 5 4 1 2 49   1   0
12 5 5 3 1 49   1   0
12 5 5 4 1 17   0   1
12 5 5 4 3 49   1   0
13 3 3 4 3 28   1   0
13 4 3 2 3 6    0   1
13 5 4 1 2 6    0   1
13 5 5 4 1 6    0   1
13 6 3 2 4 28   1   0
13 6 5 3 4 6    0   1
13 6 6 3 2 28   1   0
14 2 2 2 4 2    0   1
14 2 5 4 1 2    0   1
14 3 2 1 2 2    0   1
14 3 3 1 3 0    1   0
14 3 4 3 2 0    1   0
14 5 4 1 2 2    0   1
15 1 2 2 3 0    0   1
15 2 2 3 4 0    0   1
15 2 5 4 1 0    0   1
15 4 1 1 2 0    0   1
15 4 4 1 4 2    1   0
15 4 5 4 3 2    1   0
15 5 5 1 2 0    0   1
15 5 5 3 2 2    1   0
;

