Index = 299
_solve_time = 670.936

:              xp  xb    :=
1  1 3 2 1 0    0   1
1  2 1 3 2 0    0   1
1  2 2 3 4 1    1   0
1  2 5 4 1 1    1   0
1  3 3 1 3 0    0   1
1  3 4 3 2 0    0   1
1  4 4 2 4 0    0   1
1  4 5 4 3 0    0   1
1  5 5 1 3 1    1   0
2  2 3 4 3 0    0   1
2  3 4 3 2 0    0   1
2  4 4 2 4 0    0   1
2  5 2 1 4 0    0   1
2  5 4 3 4 3    1   0
2  5 5 3 1 0    0   1
3  2 2 4 2 16   0   1
3  2 3 2 1 16   0   1
3  3 3 1 2 16   0   1
3  3 3 3 2 6    1   0
3  4 3 2 3 6    1   0
3  5 2 1 4 16   0   1
3  5 4 1 2 6    1   0
4  1 1 3 2 1    0   1
4  1 2 2 3 1    0   1
4  1 3 3 3 2    1   0
4  2 2 3 2 1    0   1
4  2 3 2 1 1    0   1
4  3 3 1 2 1    0   1
4  3 3 3 2 2    1   0
5  2 2 4 2 70   0   1
5  3 2 1 2 10   1   0
5  3 3 3 1 10   1   0
5  3 4 3 2 70   0   1
5  4 5 2 1 70   0   1
5  5 2 1 4 70   0   1
6  6 6 1 3 2    0   1
6  6 6 2 1 2    0   1
6  6 6 2 3 72   1   0
7  1 3 3 3 17   0   1
7  3 3 3 2 17   0   1
7  3 6 2 1 17   0   1
7  4 1 3 3 17   0   1
7  4 4 3 4 0    1   0
7  4 5 4 3 0    1   0
7  5 5 3 4 0    1   0
7  5 6 4 3 0    1   0
7  6 6 1 3 17   0   1
8  1 1 3 1 68   0   1
8  1 2 1 1 68   0   1
8  1 3 3 3 1    1   0
8  2 2 1 4 68   0   1
8  2 5 4 1 68   0   1
8  3 3 3 4 1    1   0
8  3 6 4 2 1    1   0
8  5 5 1 2 68   0   1
8  5 6 2 2 68   0   1
9  3 3 2 3 11   0   1
9  3 4 3 2 11   0   1
9  4 4 2 4 11   0   1
9  4 5 4 3 11   0   1
9  5 5 4 3 13   1   0
9  6 3 1 2 11   0   1
9  6 5 3 4 13   1   0
9  6 6 1 3 13   1   0
10 1 1 2 1 40   1   0
10 1 1 3 1 1    0   1
10 2 1 3 2 40   1   0
10 2 2 3 4 1    0   1
10 2 5 4 1 1    0   1
10 4 1 3 3 1    0   1
10 4 4 2 3 1    0   1
10 5 4 1 2 1    0   1
11 2 3 4 3 6    0   1
11 3 3 3 4 6    0   1
11 5 2 1 4 6    0   1
11 5 5 1 2 18   1   0
11 5 6 2 2 18   1   0
11 6 3 2 4 18   1   0
12 2 1 3 2 1    0   1
12 2 2 4 3 1    0   1
12 4 1 1 2 0    1   0
12 4 4 4 1 0    1   0
12 4 5 4 3 1    0   1
12 5 2 1 4 1    0   1
12 5 5 3 1 1    0   1
13 1 1 1 2 48   0   1
13 1 3 2 1 48   0   1
13 2 1 1 1 48   0   1
13 2 2 1 2 13   1   0
13 2 3 2 1 13   1   0
14 3 3 2 3 1    0   1
14 3 4 3 2 1    0   1
14 4 5 2 1 1    0   1
14 5 5 4 1 0    1   0
14 6 3 1 2 1    0   1
14 6 5 3 4 0    1   0
14 6 6 3 1 1    0   1
15 1 3 2 1 3    1   0
15 3 3 3 1 9    0   1
15 4 1 1 2 3    1   0
15 4 3 2 3 9    0   1
15 4 4 1 2 9    0   1
;

