Index = 394
_solve_time = 723.012

:              xp  xb    :=
1  3 2 3 4 26   0   1
1  4 3 2 3 26   0   1
1  5 2 1 4 2    1   0
1  5 4 1 2 26   0   1
2  3 3 2 3 10   1   0
2  3 4 3 2 10   1   0
2  4 4 2 1 10   1   0
2  4 4 4 1 0    0   1
2  5 4 3 4 0    0   1
2  5 5 2 3 0    0   1
2  6 3 1 2 10   1   0
2  6 5 2 2 0    0   1
2  6 6 1 2 0    0   1
3  1 1 3 1 0    0   1
3  2 1 1 1 5    1   0
3  2 2 2 1 5    1   0
3  3 2 1 2 5    1   0
3  3 3 4 1 5    1   0
3  3 3 4 3 0    0   1
3  3 4 3 2 0    0   1
3  4 1 3 3 0    0   1
3  4 4 2 3 0    0   1
4  3 3 3 4 0    0   1
4  3 6 4 2 0    0   1
4  4 3 2 3 0    0   1
4  4 4 4 2 0    0   1
4  4 5 4 3 72   1   0
4  5 5 3 2 72   1   0
4  6 5 2 2 0    0   1
5  2 1 3 2 37   0   1
5  2 2 4 3 37   0   1
5  4 1 1 2 63   1   0
5  4 4 2 1 63   1   0
5  4 5 2 1 37   0   1
5  5 2 1 4 37   0   1
6  1 1 1 2 63   0   1
6  1 2 1 1 55   1   0
6  1 3 2 1 63   0   1
6  2 2 1 4 55   1   0
6  2 5 4 1 55   1   0
6  3 3 1 4 63   0   1
6  3 6 4 2 63   0   1
6  5 5 1 2 55   1   0
6  6 5 2 2 63   0   1
7  1 1 3 2 2    0   1
7  1 2 2 3 2    0   1
7  1 3 3 3 2    1   0
7  2 2 3 4 2    0   1
7  2 5 4 1 2    0   1
7  3 4 3 2 2    1   0
7  4 4 2 3 2    0   1
7  4 4 2 4 2    1   0
7  4 4 4 3 2    1   0
7  5 4 1 2 2    0   1
8  2 5 4 1 3    0   1
8  3 2 3 4 3    0   1
8  4 3 2 3 3    0   1
8  4 4 2 4 10   1   0
8  4 5 4 3 10   1   0
8  5 5 1 3 3    0   1
9  2 2 1 2 62   0   1
9  2 2 1 4 3    1   0
9  2 3 2 1 62   0   1
9  2 5 4 1 3    1   0
9  3 3 1 4 62   0   1
9  3 6 4 2 62   0   1
9  5 5 1 2 3    1   0
9  6 5 2 2 62   0   1
10 2 2 2 4 30   1   0
10 2 3 2 1 0    0   1
10 2 5 4 1 30   1   0
10 3 3 1 2 0    0   1
10 3 6 2 1 0    0   1
10 5 5 1 4 30   1   0
10 6 5 3 4 0    0   1
10 6 6 1 3 0    0   1
11 2 2 1 2 65   1   0
11 2 2 1 4 40   0   1
11 2 3 2 1 65   1   0
11 2 5 4 1 40   0   1
11 3 3 1 2 65   1   0
11 3 6 2 1 65   1   0
11 5 5 1 4 40   0   1
11 5 6 4 3 40   0   1
11 6 6 3 1 40   0   1
12 2 1 3 2 12   1   0
12 2 2 3 4 3    0   1
12 2 3 4 3 3    0   1
12 3 4 3 2 3    0   1
12 4 1 1 2 3    0   1
12 4 4 2 1 3    0   1
13 2 3 4 3 1    0   1
13 3 4 3 2 1    0   1
13 4 4 2 3 1    0   1
13 4 4 4 3 5    1   0
13 5 2 1 4 1    0   1
13 5 4 3 4 5    1   0
13 5 5 3 1 1    0   1
14 2 2 1 4 29   0   1
14 2 2 2 1 29   0   1
14 2 2 2 4 35   1   0
15 1 3 2 1 54   1   0
15 2 1 3 2 54   1   0
15 2 2 3 4 0    0   1
15 2 3 4 3 0    0   1
15 3 3 1 4 54   1   0
15 3 3 3 4 0    0   1
;

