Index = 383
_solve_time = 842.732

:              xp  xb    :=
1  2 5 4 1 0    0   1
1  3 2 3 4 0    0   1
1  3 3 2 3 0    0   1
1  5 5 4 1 0    1   0
1  6 3 1 2 0    0   1
1  6 5 3 4 0    1   0
1  6 6 3 1 0    0   1
2  1 1 2 1 0    0   1
2  2 1 1 1 0    1   0
2  2 2 2 1 0    1   0
2  3 2 1 2 0    1   0
2  3 3 4 1 0    1   0
2  3 3 4 3 0    0   1
2  3 4 3 2 0    0   1
2  4 1 1 2 0    0   1
2  4 4 2 1 0    0   1
3  2 2 2 4 73   1   0
3  2 3 2 1 0    0   1
3  2 5 4 1 73   1   0
3  3 3 1 4 0    0   1
3  3 6 4 2 0    0   1
3  5 5 1 4 73   1   0
3  5 5 2 4 0    0   1
3  6 5 2 2 0    0   1
4  2 1 3 2 4    1   0
4  2 2 4 3 4    1   0
4  4 1 1 2 29   0   1
4  4 4 4 1 29   0   1
4  5 2 1 4 4    1   0
4  5 4 3 4 29   0   1
4  5 5 2 1 4    1   0
4  5 5 2 3 29   0   1
5  3 3 4 3 72   0   1
5  3 4 3 2 72   0   1
5  4 5 2 1 72   0   1
5  5 5 1 3 72   0   1
5  5 5 2 3 0    1   0
5  6 3 2 4 72   0   1
5  6 5 2 2 0    1   0
6  4 4 3 1 47   1   0
6  4 4 3 4 12   0   1
6  4 4 4 1 12   0   1
7  3 2 3 4 20   1   0
7  3 3 2 3 20   1   0
7  5 2 1 4 51   0   1
7  5 5 2 1 51   0   1
7  6 3 1 2 20   1   0
7  6 5 2 2 51   0   1
7  6 6 1 2 51   0   1
8  2 3 4 3 0    0   1
8  3 4 3 2 0    0   1
8  4 4 2 1 0    0   1
8  4 4 2 4 9    1   0
8  4 4 4 1 9    1   0
8  5 2 1 4 0    0   1
8  5 4 1 2 9    1   0
9  1 1 2 1 1    1   0
9  2 1 1 1 11   0   1
9  2 2 4 1 11   0   1
9  3 2 3 4 11   0   1
9  4 1 1 2 1    1   0
9  4 3 2 3 11   0   1
9  4 4 2 1 1    1   0
10 3 3 4 3 18   1   0
10 3 4 3 2 18   1   0
10 3 6 4 2 0    0   1
10 5 4 1 2 0    0   1
10 5 5 2 1 0    0   1
10 6 5 2 2 0    0   1
11 2 2 2 4 4    0   1
11 2 5 4 1 4    0   1
11 3 2 1 2 4    0   1
11 3 3 1 4 2    1   0
11 3 6 4 2 2    1   0
11 5 5 1 2 4    0   1
11 5 6 2 2 4    0   1
12 1 1 2 1 22   0   1
12 2 1 1 1 55   1   0
12 2 2 4 1 55   1   0
12 4 1 1 2 22   0   1
12 4 4 4 1 22   0   1
12 5 2 1 4 55   1   0
12 5 4 3 4 22   0   1
12 5 5 3 1 55   1   0
13 3 3 3 4 0    0   1
13 3 6 4 2 0    0   1
13 4 3 2 3 0    0   1
13 5 4 1 2 0    0   1
13 5 5 3 1 0    0   1
13 5 5 3 2 1    1   0
13 5 6 2 2 1    1   0
14 1 1 3 2 0    0   1
14 1 2 2 3 0    0   1
14 1 3 3 3 60   1   0
14 2 2 3 2 0    0   1
14 2 3 2 1 0    0   1
14 3 3 1 4 0    0   1
14 3 3 3 4 60   1   0
15 1 1 1 3 52   0   1
15 2 1 1 1 52   0   1
15 2 2 4 1 52   0   1
15 3 2 3 4 52   0   1
15 4 1 3 3 0    1   0
15 4 3 2 3 52   0   1
15 4 4 2 3 0    1   0
;

