Index = 399
_solve_time = 914.028

:              xp  xb    :=
1  3 2 3 4 50   1   0
1  3 3 4 3 50   1   0
1  3 6 4 2 0    0   1
1  5 2 1 4 0    0   1
1  5 5 2 1 0    0   1
1  6 5 2 2 0    0   1
2  2 5 4 1 3    1   0
2  3 2 3 4 3    1   0
2  3 3 3 4 2    0   1
2  3 6 4 2 2    0   1
2  5 5 1 2 3    1   0
2  6 5 2 2 2    0   1
3  2 2 4 2 0    1   0
3  3 2 1 2 71   0   1
3  3 3 3 1 71   0   1
3  4 3 2 3 71   0   1
3  5 2 1 4 0    1   0
3  5 4 1 2 71   0   1
4  2 3 4 3 0    0   1
4  3 4 3 2 0    0   1
4  4 4 2 3 0    0   1
4  4 4 4 3 9    1   0
4  5 2 1 4 0    0   1
4  5 4 3 4 9    1   0
4  5 5 2 1 0    0   1
4  5 5 2 3 9    1   0
5  3 3 4 3 3    0   1
5  3 4 3 2 3    0   1
5  4 4 2 4 3    0   1
5  4 5 4 3 3    0   1
5  5 5 2 3 71   1   0
5  6 3 2 4 3    0   1
5  6 5 2 2 71   1   0
6  1 1 1 2 0    1   0
6  1 2 1 1 14   0   1
6  1 3 2 1 0    1   0
6  2 2 1 4 14   0   1
6  2 3 4 3 14   0   1
6  3 3 1 2 0    1   0
6  3 3 3 2 14   0   1
7  2 2 1 2 1    1   0
7  2 2 1 4 5    0   1
7  2 3 2 1 1    1   0
7  2 5 4 1 5    0   1
7  3 3 1 2 1    1   0
7  3 6 2 1 1    1   0
7  5 5 1 4 5    0   1
7  5 6 4 3 5    0   1
7  6 6 3 1 5    0   1
8  3 3 2 3 18   0   1
8  3 4 3 2 18   0   1
8  3 6 2 1 9    1   0
8  4 5 2 1 18   0   1
8  5 5 1 4 18   0   1
8  5 6 4 3 18   0   1
8  6 6 1 3 9    1   0
9  2 3 4 3 2    0   1
9  3 3 3 2 2    0   1
9  3 6 2 1 2    0   1
9  5 2 1 4 2    0   1
9  5 5 2 1 2    0   1
9  5 5 2 4 0    1   0
9  5 6 4 3 0    1   0
9  6 6 1 3 2    0   1
10 1 1 2 3 0    1   0
10 1 2 2 3 32   0   1
10 1 3 3 3 0    1   0
10 2 2 3 4 32   0   1
10 2 3 4 3 32   0   1
11 2 2 2 1 8    1   0
11 2 2 4 1 1    0   1
11 3 2 1 2 8    1   0
11 3 3 2 1 8    1   0
11 3 3 2 3 1    0   1
11 3 4 3 2 1    0   1
11 4 5 2 1 1    0   1
11 5 2 1 4 1    0   1
12 2 2 4 2 53   1   0
12 3 2 1 2 34   0   1
12 3 3 4 1 34   0   1
12 5 2 1 4 53   1   0
12 5 5 2 1 53   1   0
12 5 6 2 2 34   0   1
12 6 3 2 4 34   0   1
13 1 1 1 3 39   1   0
13 1 2 1 1 2    0   1
13 1 3 3 3 39   1   0
13 2 2 1 4 2    0   1
13 2 5 4 1 2    0   1
13 3 4 3 2 39   1   0
13 5 4 1 2 2    0   1
14 3 3 3 4 29   0   1
14 3 6 4 2 29   0   1
14 4 3 2 3 29   0   1
14 4 4 4 2 29   0   1
14 4 5 4 3 0    1   0
14 5 5 3 4 0    1   0
14 5 6 4 3 0    1   0
14 6 6 2 3 29   0   1
15 3 3 3 4 1    0   1
15 3 6 4 2 1    0   1
15 4 3 2 3 1    0   1
15 4 5 2 1 9    1   0
15 5 5 1 2 9    1   0
15 6 5 2 2 1    0   1
;

