Index = 320
_solve_time = 593.78

:              xp  xb    :=
1  3 2 3 4 0    0   1
1  4 3 2 3 0    0   1
1  4 4 4 2 0    0   1
1  4 5 4 3 0    1   0
1  5 2 1 4 0    1   0
1  5 5 3 1 0    1   0
2  1 1 2 1 6    0   1
2  1 2 1 1 6    0   1
2  2 2 4 1 0    1   0
2  4 1 1 2 6    0   1
2  4 4 4 1 6    0   1
2  4 5 4 3 0    1   0
2  5 2 1 4 0    1   0
2  5 5 3 1 0    1   0
3  2 1 3 2 0    0   1
3  2 2 4 3 0    0   1
3  4 1 1 2 15   1   0
3  4 4 4 1 15   1   0
3  5 2 1 4 0    0   1
3  5 4 3 4 15   1   0
3  5 5 4 1 0    0   1
3  5 5 4 3 15   1   0
4  6 6 2 1 26   0   1
4  6 6 3 1 23   1   0
4  6 6 3 2 26   0   1
5  2 2 1 2 3    0   1
5  2 2 1 4 6    1   0
5  2 3 2 1 3    0   1
5  2 5 4 1 6    1   0
5  3 3 1 2 3    0   1
5  3 6 2 1 3    0   1
5  5 5 1 4 6    1   0
5  5 6 4 3 6    1   0
5  6 6 1 3 3    0   1
6  1 2 2 3 56   1   0
6  1 3 2 1 46   0   1
6  2 2 2 3 46   0   1
6  3 2 1 2 46   0   1
7  3 3 2 3 15   1   0
7  3 4 3 2 15   1   0
7  4 4 2 1 15   1   0
7  4 4 4 1 16   0   1
7  5 4 3 4 16   0   1
7  5 5 4 3 16   0   1
7  6 3 1 2 15   1   0
7  6 5 3 4 16   0   1
7  6 6 1 3 16   0   1
8  2 2 2 1 8    1   0
8  2 2 4 1 14   0   1
8  3 2 1 2 8    1   0
8  3 3 2 1 8    1   0
8  5 2 1 4 14   0   1
8  5 5 4 1 14   0   1
8  6 3 1 2 8    1   0
8  6 5 3 4 14   0   1
8  6 6 1 3 14   0   1
9  1 1 1 3 0    1   0
9  1 2 1 1 3    0   1
9  1 3 3 3 0    1   0
9  2 2 1 4 3    0   1
9  2 5 4 1 3    0   1
9  3 4 3 2 0    1   0
9  4 4 2 1 3    0   1
9  4 4 2 4 0    1   0
9  4 4 4 1 0    1   0
9  5 4 1 2 3    0   1
10 3 3 3 4 20   0   1
10 4 3 2 3 20   0   1
10 5 4 1 2 20   0   1
10 5 5 3 1 20   0   1
10 5 5 3 2 7    1   0
10 5 6 2 2 7    1   0
10 6 3 2 4 7    1   0
11 2 2 4 2 5    0   1
11 2 3 2 1 5    0   1
11 3 3 1 2 5    0   1
11 3 3 3 2 1    1   0
11 4 3 2 3 1    1   0
11 5 2 1 4 5    0   1
11 5 4 1 2 1    1   0
12 1 1 2 1 17   0   1
12 1 1 3 1 23   1   0
12 1 1 3 2 17   0   1
13 2 2 2 1 52   1   0
13 2 2 4 1 10   0   1
13 3 2 1 2 52   1   0
13 3 3 1 3 10   0   1
13 3 4 3 2 10   0   1
13 4 5 2 1 10   0   1
13 5 2 1 4 10   0   1
14 1 1 1 3 0    0   1
14 1 3 3 3 0    0   1
14 2 1 1 1 0    0   1
14 2 2 1 2 1    1   0
14 2 3 2 1 1    1   0
14 3 3 1 2 1    1   0
14 3 3 3 2 0    0   1
15 1 1 2 3 3    1   0
15 1 2 2 3 59   0   1
15 1 3 3 3 3    1   0
15 2 2 3 4 59   0   1
15 2 3 4 3 59   0   1
;

