Index = 385
_solve_time = 1001.91

:              xp  xb    :=
1  2 2 4 2 6    1   0
1  3 2 1 2 6    0   1
1  3 3 3 1 6    0   1
1  4 3 2 3 6    0   1
1  5 2 1 4 6    1   0
1  5 4 1 2 6    0   1
2  3 2 3 4 12   0   1
2  4 3 2 3 12   0   1
2  5 2 1 4 58   1   0
2  5 4 1 2 12   0   1
2  5 5 3 1 58   1   0
2  5 5 4 1 12   0   1
2  5 5 4 3 58   1   0
3  2 2 4 2 51   1   0
3  3 2 1 2 4    0   1
3  3 3 3 1 4    0   1
3  4 3 2 3 4    0   1
3  5 2 1 4 51   1   0
3  5 4 1 2 4    0   1
4  1 1 2 3 53   1   0
4  2 1 3 2 53   1   0
4  2 2 3 4 15   0   1
4  2 3 4 3 15   0   1
4  3 4 3 2 15   0   1
4  4 1 3 3 15   0   1
4  4 4 2 3 15   0   1
5  4 4 1 2 42   0   1
5  4 4 1 3 7    1   0
5  4 4 2 3 42   0   1
6  2 1 3 2 2    1   0
6  2 2 2 3 2    1   0
6  3 2 1 2 2    1   0
6  3 3 4 1 2    1   0
6  3 3 4 3 3    0   1
6  3 4 3 2 3    0   1
6  4 1 1 2 3    0   1
6  4 4 2 1 3    0   1
7  1 1 3 1 11   0   1
7  1 2 1 1 11   0   1
7  1 3 3 3 0    1   0
7  2 2 1 4 11   0   1
7  2 5 4 1 11   0   1
7  3 3 3 4 0    1   0
7  3 6 4 2 0    1   0
7  5 5 1 2 11   0   1
7  6 5 2 2 0    1   0
8  3 3 3 2 10   0   1
8  4 3 2 3 10   0   1
8  5 4 1 2 10   0   1
8  5 5 4 1 10   0   1
8  6 3 1 2 66   1   0
8  6 5 3 4 10   0   1
8  6 6 3 1 66   1   0
9  1 3 2 1 34   1   0
9  3 3 3 1 40   0   1
9  4 1 1 2 34   1   0
9  4 3 2 3 40   0   1
9  4 4 4 1 34   1   0
9  4 4 4 2 40   0   1
10 1 3 2 1 11   0   1
10 2 1 3 2 11   0   1
10 2 2 3 2 30   1   0
10 2 3 2 1 30   1   0
11 1 3 3 3 2    0   1
11 3 3 3 2 2    0   1
11 3 6 2 1 2    0   1
11 4 1 3 3 2    0   1
11 4 4 3 2 38   1   0
11 4 5 2 1 38   1   0
11 5 5 1 4 38   1   0
11 5 6 4 3 38   1   0
11 6 6 1 3 2    0   1
12 2 1 3 2 57   1   0
12 2 2 4 3 57   1   0
12 3 3 2 3 2    0   1
12 3 4 3 2 2    0   1
12 4 1 1 2 2    0   1
12 4 4 2 1 2    0   1
12 5 2 1 4 57   1   0
12 5 5 4 1 57   1   0
12 6 3 1 2 2    0   1
12 6 5 3 4 57   1   0
12 6 6 3 1 2    0   1
13 1 1 1 2 27   1   0
13 1 2 1 1 0    0   1
13 1 3 2 1 27   1   0
13 2 2 1 4 0    0   1
13 2 5 4 1 0    0   1
13 3 3 1 4 27   1   0
13 3 6 4 2 27   1   0
13 5 5 1 2 0    0   1
13 5 6 2 2 0    0   1
14 3 3 1 4 17   0   1
14 3 3 2 1 17   0   1
14 3 3 2 4 55   1   0
15 2 2 2 1 4    0   1
15 2 2 4 1 35   1   0
15 3 2 1 2 4    0   1
15 3 3 2 1 4    0   1
15 5 2 1 4 35   1   0
15 5 5 4 1 35   1   0
15 5 6 4 3 4    0   1
15 6 3 1 2 4    0   1
15 6 6 3 1 4    0   1
;

