Index = 276
_solve_time = 810.868

:              xp  xb    :=
1  3 3 4 3 33   0   1
1  4 3 2 3 1    1   0
1  5 4 1 2 1    1   0
1  5 5 4 1 1    1   0
1  5 6 4 3 33   0   1
1  6 3 2 4 33   0   1
1  6 6 3 2 33   0   1
2  2 2 2 4 7    1   0
2  2 3 2 1 0    0   1
2  2 5 4 1 7    1   0
2  3 3 1 3 0    0   1
2  3 4 3 2 0    0   1
2  4 4 1 3 0    0   1
2  4 4 2 1 0    0   1
2  4 4 2 3 7    1   0
2  5 4 1 2 7    1   0
3  2 3 4 3 0    0   1
3  3 4 3 2 0    0   1
3  4 4 2 1 0    0   1
3  4 4 4 1 0    1   0
3  5 2 1 4 0    0   1
3  5 4 3 4 0    1   0
3  5 5 2 1 0    0   1
3  5 5 2 3 0    1   0
4  1 2 2 3 25   0   1
4  2 2 4 3 37   1   0
4  4 1 1 2 25   0   1
4  4 4 2 1 25   0   1
4  5 2 1 4 37   1   0
4  5 4 1 2 25   0   1
5  1 3 2 1 3    0   1
5  3 3 1 4 3    0   1
5  3 3 3 4 0    1   0
5  4 1 1 2 3    0   1
5  4 3 2 3 0    1   0
5  4 4 2 1 3    0   1
6  1 1 3 2 3    0   1
6  1 2 2 3 3    0   1
6  1 3 3 3 68   1   0
6  2 2 3 4 3    0   1
6  2 5 4 1 3    0   1
6  3 4 3 2 68   1   0
6  4 4 2 4 68   1   0
6  4 5 4 3 68   1   0
6  5 5 1 3 3    0   1
7  3 3 2 3 25   0   1
7  3 4 3 2 25   0   1
7  3 6 2 1 0    1   0
7  4 5 2 1 25   0   1
7  5 5 1 2 25   0   1
7  5 6 2 2 25   0   1
7  6 6 2 1 25   0   1
8  1 1 1 2 0    1   0
8  1 1 1 3 55   0   1
8  1 1 3 2 55   0   1
9  1 1 1 2 33   1   0
9  1 2 1 1 28   0   1
9  1 3 2 1 33   1   0
9  2 2 1 4 28   0   1
9  2 5 4 1 28   0   1
9  3 3 1 4 33   1   0
9  3 6 4 2 33   1   0
9  5 5 1 2 28   0   1
9  5 6 2 2 28   0   1
10 2 2 4 2 6    0   1
10 3 2 1 2 5    1   0
10 3 3 3 1 5    1   0
10 3 4 3 2 6    0   1
10 4 5 2 1 6    0   1
10 5 2 1 4 6    0   1
11 2 2 2 4 0    1   0
11 2 3 2 1 1    0   1
11 2 5 4 1 0    1   0
11 3 3 1 3 1    0   1
11 3 4 3 2 1    0   1
11 5 4 1 2 0    1   0
12 2 3 4 3 1    0   1
12 3 3 3 2 1    0   1
12 3 6 2 1 1    0   1
12 5 2 1 4 1    0   1
12 5 5 4 1 1    0   1
12 5 6 4 3 8    1   0
12 6 6 3 1 8    1   0
13 2 2 1 2 3    0   1
13 2 2 1 4 37   1   0
13 2 2 2 4 3    0   1
13 2 3 4 3 37   1   0
13 2 5 4 1 3    0   1
13 3 4 3 2 37   1   0
13 5 4 1 2 3    0   1
14 3 3 3 4 11   0   1
14 3 4 3 2 44   1   0
14 3 6 4 2 11   0   1
14 4 5 2 1 44   1   0
14 5 5 1 2 44   1   0
14 6 5 2 2 11   0   1
15 2 2 1 2 74   0   1
15 2 2 1 4 2    1   0
15 2 3 2 1 74   0   1
15 2 5 4 1 2    1   0
15 3 3 1 4 74   0   1
15 3 6 4 2 74   0   1
15 5 5 1 4 2    1   0
15 5 6 4 3 2    1   0
15 6 6 2 3 74   0   1
;

