Index = 315
_solve_time = 816.48

:              xp  xb    :=
1  1 3 2 1 0    1   0
1  3 3 3 1 10   0   1
1  4 1 1 2 0    1   0
1  4 3 2 3 10   0   1
1  4 4 4 1 0    1   0
1  4 4 4 2 10   0   1
2  2 2 2 1 11   0   1
2  2 2 4 1 0    1   0
2  2 2 4 2 11   0   1
2  3 2 3 4 11   0   1
2  4 3 2 3 11   0   1
2  5 2 1 4 0    1   0
2  5 4 1 2 11   0   1
3  6 6 1 2 8    0   1
3  6 6 3 1 8    0   1
3  6 6 3 2 0    1   0
4  1 2 2 3 4    1   0
4  1 3 2 1 0    0   1
4  2 2 3 4 4    1   0
4  2 5 4 1 4    1   0
4  3 3 1 4 0    0   1
4  3 6 4 2 0    0   1
4  5 5 1 2 4    1   0
4  6 5 2 2 0    0   1
5  1 3 2 1 2    0   1
5  3 3 1 2 2    0   1
5  3 3 3 2 0    1   0
5  4 1 1 2 2    0   1
5  4 3 2 3 0    1   0
5  4 4 4 1 2    0   1
5  4 4 4 2 0    1   0
6  3 3 2 3 49   0   1
6  3 3 2 4 14   1   0
6  3 3 3 4 49   0   1
7  2 1 3 2 1    0   1
7  2 2 2 3 1    0   1
7  3 2 1 2 1    0   1
7  3 3 4 1 1    0   1
7  4 1 1 2 0    1   0
7  4 4 2 1 0    1   0
7  5 4 1 2 0    1   0
7  5 5 2 1 0    1   0
7  6 3 2 4 1    0   1
7  6 5 2 2 0    1   0
8  3 3 3 4 7    0   1
8  3 6 4 2 7    0   1
8  4 3 2 3 7    0   1
8  4 5 2 1 64   1   0
8  5 5 1 4 64   1   0
8  5 6 4 3 64   1   0
8  6 6 2 3 7    0   1
9  3 3 2 3 47   0   1
9  3 4 3 2 47   0   1
9  4 5 2 1 47   0   1
9  5 5 1 2 47   0   1
9  6 3 1 2 47   0   1
9  6 5 2 2 0    1   0
9  6 6 1 2 0    1   0
10 1 3 2 1 0    0   1
10 2 1 3 2 0    0   1
10 2 2 3 2 25   1   0
10 2 3 2 1 25   1   0
11 2 2 2 4 20   0   1
11 2 5 4 1 20   0   1
11 3 2 1 2 20   0   1
11 3 3 1 4 15   1   0
11 3 6 4 2 15   1   0
11 5 5 1 2 20   0   1
11 6 5 2 2 15   1   0
12 1 1 2 1 39   1   0
12 1 2 1 1 39   1   0
12 1 3 2 1 2    0   1
12 2 2 2 1 2    0   1
12 3 2 1 2 2    0   1
13 1 3 2 1 53   1   0
13 3 3 3 1 65   0   1
13 4 1 1 2 53   1   0
13 4 3 2 3 65   0   1
13 4 4 1 2 65   0   1
14 1 3 2 1 11   1   0
14 3 3 3 1 27   0   1
14 4 1 1 2 11   1   0
14 4 3 2 3 27   0   1
14 4 4 1 2 27   0   1
15 2 2 4 2 3    0   1
15 2 3 2 1 3    0   1
15 3 3 3 1 40   1   0
15 4 3 2 3 40   1   0
15 5 2 1 4 3    0   1
15 5 4 1 2 40   1   0
;

