Index = 266
_solve_time = 538.676

:              xp  xb    :=
1  1 1 2 1 22   0   1
1  1 2 1 1 22   0   1
1  2 2 4 1 0    1   0
1  4 1 1 2 22   0   1
1  4 4 4 1 22   0   1
1  5 2 1 4 0    1   0
1  5 4 3 4 22   0   1
1  5 5 3 1 0    1   0
2  2 2 1 3 51   0   1
2  2 2 4 1 51   0   1
2  2 2 4 3 72   1   0
3  2 3 4 3 3    0   1
3  3 3 3 4 3    0   1
3  5 2 1 4 3    0   1
3  5 5 1 2 2    1   0
3  5 6 2 2 2    1   0
3  6 3 2 4 2    1   0
4  2 1 3 2 12   0   1
4  2 2 4 3 12   0   1
4  4 1 1 2 29   1   0
4  4 4 2 1 29   1   0
4  5 2 1 4 12   0   1
4  5 4 1 2 29   1   0
5  2 3 4 3 30   0   1
5  3 3 3 4 30   0   1
5  5 2 1 4 30   0   1
5  5 5 4 1 30   0   1
5  5 5 4 2 0    1   0
5  5 6 2 2 0    1   0
5  6 3 2 4 0    1   0
6  2 2 2 4 0    0   1
6  2 2 3 2 0    0   1
6  2 2 3 4 0    1   0
6  2 3 4 3 0    0   1
6  2 5 4 1 0    1   0
6  3 4 3 2 0    0   1
6  5 4 1 2 0    1   0
7  2 3 4 3 3    0   1
7  3 3 3 2 3    0   1
7  5 2 1 4 3    0   1
7  5 5 2 1 3    0   1
7  6 3 1 2 59   1   0
7  6 5 2 2 3    0   1
7  6 6 2 1 59   1   0
8  2 2 2 1 0    1   0
8  2 2 2 3 11   0   1
8  2 2 3 1 11   0   1
9  1 1 2 3 73   1   0
9  1 2 2 3 43   0   1
9  1 3 3 3 73   1   0
9  2 2 3 4 43   0   1
9  2 5 4 1 43   0   1
9  3 4 3 2 73   1   0
9  4 4 2 1 43   0   1
9  4 4 2 3 73   1   0
9  4 4 3 1 73   1   0
9  5 4 1 2 43   0   1
10 3 3 3 4 18   0   1
10 3 6 4 2 18   0   1
10 4 3 2 3 18   0   1
10 4 4 3 2 18   0   1
10 4 4 3 4 0    1   0
10 4 5 4 3 0    1   0
10 5 5 3 2 0    1   0
10 5 6 2 2 0    1   0
11 2 5 4 1 0    0   1
11 3 2 3 4 0    0   1
11 4 3 2 3 0    0   1
11 4 4 3 2 0    0   1
11 4 4 3 4 50   1   0
11 4 5 4 3 50   1   0
11 5 5 1 3 0    0   1
12 1 1 3 2 70   1   0
12 1 2 2 3 70   1   0
12 1 3 3 3 0    0   1
12 2 2 4 3 0    0   1
12 3 2 3 4 0    0   1
13 2 3 4 3 0    0   1
13 3 3 3 4 0    0   1
13 5 2 1 4 0    0   1
13 5 5 1 2 13   1   0
13 5 6 2 2 13   1   0
13 6 3 2 4 13   1   0
14 4 4 1 3 8    0   1
14 4 4 4 1 8    0   1
14 4 4 4 3 3    1   0
15 3 3 3 4 3    0   1
15 3 6 4 2 3    0   1
15 4 3 2 3 3    0   1
15 4 5 2 1 30   1   0
15 5 5 1 2 30   1   0
15 6 5 2 2 3    0   1
;

