Index = 243
_solve_time = 862.84

:              xp  xb    :=
1  1 1 2 3 66   1   0
1  2 1 3 2 66   1   0
1  2 2 3 4 0    0   1
1  2 3 4 3 0    0   1
1  3 4 3 2 0    0   1
1  4 1 3 3 0    0   1
1  4 4 2 3 0    0   1
2  1 1 3 1 40   1   0
2  1 2 1 1 40   1   0
2  2 2 4 1 48   0   1
2  4 1 3 3 40   1   0
2  4 4 3 2 48   0   1
2  4 5 2 1 48   0   1
2  5 2 1 4 48   0   1
3  3 3 2 3 0    1   0
3  3 4 3 2 0    1   0
3  4 4 2 1 0    1   0
3  4 4 4 1 65   0   1
3  5 4 3 4 65   0   1
3  5 5 2 3 65   0   1
3  6 3 1 2 0    1   0
3  6 5 2 2 65   0   1
3  6 6 1 2 65   0   1
4  2 3 4 3 0    1   0
4  2 5 4 1 0    0   1
4  3 3 3 4 0    1   0
4  3 6 4 2 0    1   0
4  5 5 1 2 0    0   1
4  5 6 2 2 0    0   1
5  2 2 1 3 0    0   1
5  2 2 4 1 0    0   1
5  2 2 4 3 25   1   0
6  2 3 4 3 0    0   1
6  2 5 4 1 0    1   0
6  3 3 3 4 0    0   1
6  3 6 4 2 0    0   1
6  5 5 1 4 0    1   0
6  5 6 4 3 0    1   0
6  6 6 2 3 0    0   1
7  3 2 3 4 21   0   1
7  4 3 2 3 21   0   1
7  4 5 2 1 0    1   0
7  5 2 1 4 0    1   0
8  2 3 4 3 33   1   0
8  2 5 4 1 41   0   1
8  3 3 3 4 33   1   0
8  5 5 1 2 41   0   1
8  5 6 2 2 41   0   1
8  6 3 2 4 41   0   1
9  6 6 2 1 43   0   1
9  6 6 3 1 43   1   0
9  6 6 3 2 43   0   1
10 2 5 4 1 39   0   1
10 3 2 3 4 39   0   1
10 3 3 4 3 39   0   1
10 5 5 1 2 39   0   1
10 6 3 2 4 39   0   1
10 6 5 2 2 1    1   0
11 2 2 1 3 0    1   0
11 2 2 1 4 70   0   1
11 2 2 3 4 0    1   0
11 2 3 4 3 70   0   1
11 2 5 4 1 0    1   0
11 3 4 3 2 70   0   1
11 4 5 2 1 70   0   1
12 2 2 4 2 63   0   1
12 3 2 1 2 26   1   0
12 3 3 3 1 26   1   0
12 3 4 3 2 63   0   1
12 4 5 2 1 63   0   1
12 5 2 1 4 63   0   1
13 2 2 2 1 56   1   0
13 2 2 4 1 0    0   1
13 2 2 4 2 56   1   0
13 3 2 3 4 0    0   1
13 4 3 2 3 0    0   1
13 5 2 1 4 56   1   0
13 5 4 1 2 0    0   1
14 3 3 4 3 26   0   1
14 3 4 3 2 26   0   1
14 3 6 4 2 44   1   0
14 4 5 2 1 26   0   1
14 5 5 1 2 26   0   1
14 5 6 2 2 26   0   1
15 1 1 1 2 2    1   0
15 2 1 1 1 2    1   0
15 2 2 1 4 0    0   1
15 2 3 4 3 0    0   1
15 3 4 3 2 0    0   1
15 4 1 1 2 0    0   1
15 4 4 2 1 0    0   1
;

