Index = 279
_solve_time = 421.3

:              xp  xb    :=
1  1 1 3 1 0    0   1
1  1 2 1 1 0    0   1
1  1 3 3 3 30   1   0
1  2 2 1 4 0    0   1
1  2 3 4 3 0    0   1
2  2 3 4 3 43   0   1
2  3 3 3 4 43   0   1
2  3 6 4 2 43   0   1
2  5 2 1 4 43   0   1
2  5 5 2 1 43   0   1
2  5 6 2 2 0    1   0
3  1 1 1 3 8    0   1
3  1 2 1 1 24   1   0
3  1 3 3 3 8    0   1
3  2 2 1 4 24   1   0
3  2 5 4 1 24   1   0
3  3 4 3 2 8    0   1
3  4 5 2 1 8    0   1
4  3 3 4 3 3    0   1
4  3 4 3 2 3    0   1
4  4 4 2 3 3    0   1
4  4 4 4 3 19   1   0
4  5 4 3 4 19   1   0
4  5 5 4 3 19   1   0
4  6 3 2 4 3    0   1
4  6 5 3 4 19   1   0
4  6 6 3 2 3    0   1
5  3 3 1 3 48   1   0
5  3 3 1 4 46   0   1
5  3 4 3 2 48   1   0
5  3 6 4 2 46   0   1
5  4 4 2 4 48   1   0
5  5 4 3 4 46   0   1
5  5 5 2 3 46   0   1
5  6 5 2 2 46   0   1
6  2 3 4 3 39   0   1
6  3 3 3 4 39   0   1
6  5 2 1 4 39   0   1
6  5 5 4 1 39   0   1
6  6 3 2 4 0    1   0
6  6 5 3 4 39   0   1
6  6 6 1 2 0    1   0
6  6 6 1 3 39   0   1
7  1 1 3 1 55   0   1
7  1 2 1 1 55   0   1
7  1 3 3 3 0    1   0
7  2 2 1 4 55   0   1
7  2 5 4 1 55   0   1
7  3 3 3 4 0    1   0
7  3 6 4 2 0    1   0
7  5 5 1 2 55   0   1
7  6 5 2 2 0    1   0
8  2 2 4 2 1    1   0
8  3 2 1 2 1    0   1
8  3 3 2 1 1    0   1
8  5 2 1 4 1    1   0
8  5 5 4 1 1    1   0
8  6 3 1 2 1    0   1
8  6 5 3 4 1    1   0
8  6 6 3 1 1    0   1
9  1 3 2 1 9    0   1
9  3 3 1 2 9    0   1
9  3 3 3 2 24   1   0
9  4 1 1 2 9    0   1
9  4 3 2 3 24   1   0
9  4 4 1 2 24   1   0
10 1 1 2 1 65   1   0
10 1 2 1 1 65   1   0
10 2 2 4 1 0    0   1
10 4 1 1 2 65   1   0
10 4 4 4 1 65   1   0
10 4 5 4 3 0    0   1
10 5 2 1 4 0    0   1
10 5 5 3 1 0    0   1
11 3 3 3 4 2    0   1
11 4 3 2 3 2    0   1
11 5 4 1 2 2    0   1
11 5 5 2 1 2    0   1
11 5 6 2 2 0    1   0
11 6 3 2 4 0    1   0
12 3 3 2 3 7    1   0
12 3 4 3 2 7    1   0
12 5 4 1 2 0    0   1
12 5 5 2 1 0    0   1
12 6 3 1 2 7    1   0
12 6 5 2 2 0    0   1
12 6 6 1 2 0    0   1
13 1 1 1 3 54   0   1
13 1 3 3 3 54   0   1
13 2 1 1 1 54   0   1
13 2 2 1 4 48   1   0
13 2 3 4 3 48   1   0
14 2 2 1 2 0    0   1
14 2 2 1 4 0    1   0
14 2 3 2 1 0    0   1
14 2 5 4 1 0    1   0
14 3 3 1 4 0    0   1
14 3 6 4 2 0    0   1
14 5 5 1 2 0    1   0
14 6 5 2 2 0    0   1
15 3 3 3 4 0    0   1
15 3 6 4 2 0    0   1
15 4 3 2 3 0    0   1
15 5 4 1 2 0    0   1
15 5 5 4 1 0    0   1
15 5 6 4 3 9    1   0
15 6 6 2 3 0    0   1
;

