Index = 409
_solve_time = 682.276

:              xp  xb    :=
1  2 1 3 2 0    1   0
1  2 2 2 3 0    1   0
1  3 2 1 2 0    1   0
1  3 3 2 1 0    1   0
1  4 1 1 2 1    0   1
1  4 4 4 1 1    0   1
1  5 4 3 4 1    0   1
1  5 5 2 3 1    0   1
1  6 3 1 2 0    1   0
1  6 5 2 2 1    0   1
1  6 6 1 2 1    0   1
2  1 1 1 3 11   0   1
2  2 1 1 1 11   0   1
2  2 2 2 1 11   0   1
2  3 2 1 2 11   0   1
2  3 3 4 1 11   0   1
2  3 3 4 3 21   1   0
2  3 4 3 2 21   1   0
2  4 1 3 3 21   1   0
2  4 4 2 3 21   1   0
3  2 1 3 2 0    1   0
3  2 2 2 3 0    1   0
3  3 2 1 2 0    1   0
3  3 3 2 1 0    1   0
3  3 3 2 3 0    0   1
3  3 4 3 2 0    0   1
3  4 1 1 2 0    0   1
3  4 4 2 1 0    0   1
4  2 2 1 4 13   0   1
4  2 2 2 1 13   0   1
4  2 2 2 4 52   1   0
5  3 3 4 3 0    0   1
5  3 4 3 2 0    0   1
5  4 4 2 4 0    0   1
5  5 4 3 4 0    1   0
5  5 5 4 3 0    1   0
5  6 3 2 4 0    0   1
5  6 5 3 4 0    1   0
5  6 6 3 2 0    0   1
6  1 1 2 1 14   0   1
6  2 1 1 1 35   1   0
6  2 2 2 1 35   1   0
6  3 2 1 2 35   1   0
6  3 3 4 1 35   1   0
6  3 3 4 3 14   0   1
6  3 4 3 2 14   0   1
6  4 1 1 2 14   0   1
6  4 4 2 1 14   0   1
7  2 2 2 4 0    0   1
7  2 3 2 1 0    1   0
7  2 5 4 1 0    0   1
7  3 3 1 4 0    1   0
7  3 3 3 4 0    0   1
7  4 3 2 3 0    0   1
7  5 4 1 2 0    0   1
8  1 3 2 1 12   0   1
8  2 1 3 2 12   0   1
8  2 2 4 2 0    1   0
8  2 2 4 3 12   0   1
8  2 3 2 1 0    1   0
9  5 5 1 3 32   0   1
9  5 5 1 4 37   1   0
9  5 5 3 4 32   0   1
10 2 5 4 1 19   0   1
10 3 2 3 4 19   0   1
10 3 4 3 2 60   1   0
10 4 4 2 4 60   1   0
10 5 4 3 4 19   0   1
10 5 5 1 3 19   0   1
11 2 1 3 2 19   0   1
11 2 2 4 3 19   0   1
11 4 1 1 2 9    1   0
11 4 4 4 1 9    1   0
11 5 2 1 4 19   0   1
11 5 4 3 4 9    1   0
11 5 5 4 1 19   0   1
11 5 5 4 3 9    1   0
12 1 1 3 2 40   0   1
12 1 2 2 3 40   0   1
12 1 3 3 3 2    1   0
12 2 2 3 4 40   0   1
12 2 5 4 1 40   0   1
12 3 4 3 2 2    1   0
12 4 4 2 1 2    1   0
12 4 4 2 4 40   0   1
12 4 4 4 1 40   0   1
12 5 4 1 2 40   0   1
13 1 2 2 3 19   0   1
13 2 2 3 4 19   0   1
13 2 5 4 1 19   0   1
13 4 1 1 2 19   0   1
13 4 4 1 4 49   1   0
13 4 5 4 3 49   1   0
13 5 5 1 4 19   0   1
13 5 5 3 4 49   1   0
14 1 2 2 3 8    0   1
14 2 2 3 1 8    0   1
14 2 2 4 1 2    1   0
14 4 1 1 2 8    0   1
14 4 4 4 1 8    0   1
14 5 2 1 4 2    1   0
14 5 4 3 4 8    0   1
14 5 5 4 1 2    1   0
14 5 5 4 3 8    0   1
15 2 3 4 3 0    0   1
15 3 3 2 3 22   1   0
15 5 2 1 4 0    0   1
15 5 5 4 1 0    0   1
15 6 3 1 2 22   1   0
15 6 5 3 4 0    0   1
15 6 6 1 3 0    0   1
;

