Index = 361
_solve_time = 909.616

:              xp  xb    :=
1  1 1 1 2 2    1   0
1  1 1 1 3 57   0   1
1  1 1 3 2 57   0   1
2  1 1 1 3 43   0   1
2  1 2 1 1 1    1   0
2  1 3 3 3 43   0   1
2  2 2 1 4 1    1   0
2  2 5 4 1 1    1   0
2  3 4 3 2 43   0   1
2  4 5 2 1 43   0   1
3  2 2 3 2 50   0   1
3  2 2 4 2 8    1   0
3  2 2 4 3 50   0   1
4  1 2 2 3 3    0   1
4  1 3 2 1 11   1   0
4  2 2 3 4 3    0   1
4  2 3 4 3 3    0   1
4  3 3 1 4 11   1   0
4  3 3 3 4 3    0   1
5  2 1 3 2 9    1   0
5  2 2 3 4 4    0   1
5  2 3 4 3 4    0   1
5  3 4 3 2 4    0   1
5  4 1 1 2 4    0   1
5  4 4 2 1 4    0   1
6  3 3 4 3 26   0   1
6  3 4 3 2 26   0   1
6  4 5 2 1 26   0   1
6  5 5 2 1 6    1   0
6  6 3 2 4 26   0   1
6  6 5 2 2 6    1   0
7  1 2 2 3 40   0   1
7  2 2 3 4 40   0   1
7  4 1 1 2 40   0   1
7  4 4 1 2 0    1   0
7  4 5 2 1 0    1   0
7  5 2 1 4 0    1   0
8  2 1 3 2 0    1   0
8  2 2 4 3 0    1   0
8  3 3 2 3 2    0   1
8  3 4 3 2 2    0   1
8  4 1 1 2 2    0   1
8  4 4 2 1 2    0   1
8  5 2 1 4 0    1   0
8  5 5 4 1 0    1   0
8  6 3 1 2 2    0   1
8  6 5 3 4 0    1   0
8  6 6 3 1 2    0   1
9  1 3 2 1 5    0   1
9  3 3 1 2 5    0   1
9  3 3 3 2 9    1   0
9  4 1 1 2 5    0   1
9  4 3 2 3 9    1   0
9  4 4 1 2 9    1   0
10 1 1 2 3 52   1   0
10 2 1 3 2 52   1   0
10 2 2 4 3 52   1   0
10 2 3 4 3 0    0   1
10 3 4 3 2 0    0   1
10 4 1 3 3 0    0   1
10 4 4 2 3 0    0   1
11 1 1 1 3 51   1   0
11 1 2 1 1 0    0   1
11 1 3 3 3 51   1   0
11 2 2 1 4 0    0   1
11 2 5 4 1 0    0   1
11 3 4 3 2 51   1   0
11 4 5 2 1 51   1   0
11 5 5 1 2 0    0   1
11 5 5 1 4 51   1   0
11 5 5 2 4 0    0   1
12 1 1 1 3 14   0   1
12 1 3 3 3 14   0   1
12 2 1 1 1 14   0   1
12 2 2 1 2 0    1   0
12 2 3 2 1 0    1   0
12 3 3 1 4 0    1   0
12 3 3 3 4 14   0   1
13 1 3 2 1 67   0   1
13 2 2 4 2 2    1   0
13 3 2 1 2 67   0   1
13 4 1 1 2 67   0   1
13 4 4 4 1 67   0   1
13 4 5 4 3 2    1   0
13 5 2 1 4 2    1   0
13 5 5 3 1 2    1   0
14 3 3 4 3 29   0   1
14 3 4 3 2 29   0   1
14 4 4 2 1 29   0   1
14 4 4 4 1 0    1   0
14 5 4 3 4 0    1   0
14 5 5 2 3 0    1   0
14 6 3 2 4 29   0   1
14 6 5 2 2 0    1   0
15 3 2 3 4 7    1   0
15 3 3 1 3 0    0   1
15 3 3 2 1 0    0   1
15 3 3 2 3 7    1   0
15 3 4 3 2 0    0   1
15 4 5 2 1 0    0   1
15 5 2 1 4 0    0   1
;

