Index = 298
_solve_time = 372.984

:              xp  xb    :=
1  1 1 1 3 48   1   0
1  1 2 1 1 58   0   1
1  1 3 3 3 48   1   0
1  2 2 1 4 58   0   1
1  2 5 4 1 58   0   1
1  3 4 3 2 48   1   0
1  4 4 2 4 48   1   0
1  5 4 3 4 58   0   1
1  5 5 1 3 58   0   1
2  1 3 2 1 0    0   1
2  3 3 3 1 31   1   0
2  4 1 1 2 0    0   1
2  4 3 2 3 31   1   0
2  4 4 2 1 0    0   1
3  1 1 2 3 61   1   0
3  2 1 3 2 61   1   0
3  2 2 4 3 61   1   0
3  2 5 4 1 30   0   1
3  4 1 3 3 30   0   1
3  4 4 2 3 30   0   1
3  5 4 1 2 30   0   1
4  3 3 3 2 47   0   1
4  3 6 2 1 47   0   1
4  4 3 2 3 47   0   1
4  5 4 1 2 47   0   1
4  5 5 1 4 23   1   0
4  5 6 4 3 23   1   0
4  6 6 3 1 23   1   0
5  1 1 3 1 9    0   1
5  1 2 1 1 9    0   1
5  1 3 3 3 9    1   0
5  2 2 1 4 9    0   1
5  2 5 4 1 9    0   1
5  3 4 3 2 9    1   0
5  4 5 2 1 9    1   0
5  5 5 1 2 9    0   1
5  5 5 1 4 9    1   0
5  5 5 2 4 9    0   1
6  1 1 2 3 22   0   1
6  1 3 3 3 22   0   1
6  2 1 3 2 22   0   1
6  2 2 3 4 0    1   0
6  2 3 4 3 0    1   0
7  1 3 2 1 0    0   1
7  2 1 3 2 0    0   1
7  2 2 3 4 0    1   0
7  2 3 4 3 0    1   0
7  3 3 1 4 0    0   1
7  3 3 3 4 0    1   0
8  1 2 2 3 0    0   1
8  1 3 2 1 0    1   0
8  2 2 3 2 0    0   1
8  2 3 2 1 0    0   1
9  2 5 4 1 0    0   1
9  3 2 3 4 0    0   1
9  4 3 2 3 0    0   1
9  4 4 4 2 0    0   1
9  4 5 4 3 0    1   0
9  5 5 1 4 0    0   1
9  5 5 3 4 0    1   0
10 3 3 1 2 44   0   1
10 3 3 3 1 44   0   1
10 3 3 3 2 6    1   0
11 2 2 4 2 29   0   1
11 3 2 1 2 9    1   0
11 3 3 2 1 9    1   0
11 5 2 1 4 29   0   1
11 5 5 4 1 29   0   1
11 6 3 1 2 9    1   0
11 6 5 3 4 29   0   1
11 6 6 3 1 9    1   0
12 1 1 1 3 36   0   1
12 1 3 3 3 36   0   1
12 2 1 1 1 36   0   1
12 2 2 1 4 18   1   0
12 2 5 4 1 18   1   0
12 3 4 3 2 36   0   1
12 4 4 2 4 36   0   1
12 4 5 4 3 36   0   1
12 5 5 1 3 18   1   0
13 5 5 1 2 71   0   1
13 5 5 1 3 2    1   0
13 5 5 2 3 71   0   1
14 2 3 4 3 30   0   1
14 2 5 4 1 27   1   0
14 3 4 3 2 30   0   1
14 4 4 2 4 30   0   1
14 4 5 4 3 30   0   1
14 5 5 1 3 27   1   0
15 2 2 2 3 29   1   0
15 2 2 4 3 1    0   1
15 3 2 1 2 29   1   0
15 3 3 2 1 29   1   0
15 5 2 1 4 1    0   1
15 5 5 2 1 1    0   1
15 6 3 1 2 29   1   0
15 6 5 2 2 1    0   1
15 6 6 1 2 1    0   1
;

