Index = 322
_solve_time = 529.068

:              xp  xb    :=
1  2 2 1 2 34   0   1
1  2 2 3 1 34   0   1
1  2 2 3 2 11   1   0
2  2 2 2 1 0    1   0
2  2 2 4 1 4    0   1
2  3 2 1 2 0    1   0
2  3 3 2 1 0    1   0
2  5 2 1 4 4    0   1
2  5 5 4 1 4    0   1
2  6 3 1 2 0    1   0
2  6 5 3 4 4    0   1
2  6 6 1 3 4    0   1
3  3 3 1 4 47   0   1
3  3 3 2 1 47   0   1
3  3 3 2 4 5    1   0
4  1 2 2 3 5    0   1
4  1 3 2 1 42   1   0
4  2 2 3 4 5    0   1
4  2 3 4 3 5    0   1
4  3 3 1 2 42   1   0
4  3 3 3 2 5    0   1
5  1 3 2 1 4    1   0
5  2 1 3 2 4    1   0
5  2 2 3 4 0    0   1
5  2 5 4 1 0    0   1
5  3 3 1 4 4    1   0
5  3 6 4 2 4    1   0
5  5 5 1 2 0    0   1
5  5 6 2 2 0    0   1
6  1 1 3 1 0    0   1
6  1 2 1 1 0    0   1
6  1 3 3 3 0    1   0
6  2 2 1 4 0    0   1
6  2 5 4 1 0    0   1
6  3 4 3 2 0    1   0
6  4 4 2 4 0    1   0
6  4 5 4 3 0    1   0
6  5 5 1 4 0    0   1
6  5 5 3 4 0    1   0
7  1 2 2 3 0    0   1
7  2 2 4 3 71   1   0
7  4 1 1 2 0    0   1
7  4 4 4 1 0    0   1
7  5 2 1 4 71   1   0
7  5 4 3 4 0    0   1
7  5 5 3 1 71   1   0
8  3 2 3 4 0    0   1
8  4 3 2 3 0    0   1
8  4 4 4 2 0    0   1
8  5 2 1 4 48   1   0
8  5 4 3 4 0    0   1
8  5 5 3 1 48   1   0
9  1 2 2 3 29   0   1
9  2 2 3 4 29   0   1
9  2 5 4 1 29   0   1
9  4 1 1 2 29   0   1
9  4 4 1 2 11   1   0
9  4 5 2 1 11   1   0
10 1 1 1 3 0    0   1
10 1 2 1 1 6    1   0
10 1 3 3 3 0    0   1
10 2 2 1 4 6    1   0
10 3 2 3 4 0    0   1
11 1 1 1 3 3    0   1
11 2 1 1 1 3    0   1
11 2 2 4 1 3    0   1
11 3 2 3 4 3    0   1
11 3 4 3 2 10   1   0
11 4 1 3 3 10   1   0
11 4 4 2 3 10   1   0
12 1 1 2 1 47   1   0
12 1 2 1 1 47   1   0
12 1 3 2 1 8    0   1
12 2 2 2 1 8    0   1
12 3 2 1 2 8    0   1
13 1 2 2 3 0    0   1
13 2 2 4 3 9    1   0
13 4 1 1 2 0    0   1
13 4 4 4 1 0    0   1
13 5 2 1 4 9    1   0
13 5 4 3 4 0    0   1
13 5 5 2 1 9    1   0
13 5 5 2 3 0    0   1
14 1 3 2 1 0    0   1
14 3 3 1 4 0    0   1
14 3 3 3 4 62   1   0
14 4 1 1 2 0    0   1
14 4 3 2 3 62   1   0
14 4 4 2 1 0    0   1
15 3 3 2 4 6    1   0
15 3 3 3 4 24   0   1
15 4 3 2 3 24   0   1
15 5 4 1 2 24   0   1
15 5 5 4 1 24   0   1
15 6 3 1 2 6    1   0
15 6 5 3 4 24   0   1
15 6 6 1 3 24   0   1
;

