Index = 302
_solve_time = 823.944

:              xp  xb    :=
1  1 1 1 3 67   0   1
1  1 2 1 1 0    1   0
1  1 3 3 3 67   0   1
1  2 2 1 4 0    1   0
1  2 5 4 1 0    1   0
1  3 4 3 2 67   0   1
1  4 4 2 4 67   0   1
1  4 5 4 3 67   0   1
1  5 5 1 3 0    1   0
2  2 2 2 4 1    1   0
2  2 3 2 1 1    0   1
2  2 5 4 1 1    1   0
2  3 3 1 4 1    0   1
2  3 6 4 2 1    0   1
2  5 5 1 4 1    1   0
2  5 5 2 4 1    0   1
2  6 5 2 2 1    0   1
3  3 3 1 3 33   0   1
3  3 3 1 4 7    1   0
3  3 4 3 2 33   0   1
3  3 6 4 2 7    1   0
3  4 4 2 4 33   0   1
3  4 5 4 3 33   0   1
3  5 5 2 3 7    1   0
3  6 5 2 2 7    1   0
4  1 1 3 1 30   0   1
4  1 2 1 1 30   0   1
4  1 3 3 3 32   1   0
4  2 2 1 4 30   0   1
4  2 3 4 3 30   0   1
5  1 3 2 1 10   0   1
5  2 2 4 2 2    1   0
5  2 3 2 1 2    1   0
5  4 1 1 2 10   0   1
5  4 4 4 1 10   0   1
5  5 2 1 4 2    1   0
5  5 4 3 4 10   0   1
5  5 5 3 1 2    1   0
6  3 3 3 2 0    1   0
6  3 3 4 2 69   0   1
6  4 3 2 3 0    1   0
6  4 4 4 2 0    1   0
6  5 4 3 4 0    1   0
6  5 5 3 2 69   0   1
6  5 6 2 2 69   0   1
6  6 3 2 4 69   0   1
7  5 5 1 4 56   0   1
7  5 5 2 1 56   0   1
7  5 5 2 4 46   1   0
8  1 1 2 3 1    0   1
8  1 3 3 3 1    0   1
8  2 1 3 2 1    0   1
8  2 2 3 4 54   1   0
8  2 5 4 1 54   1   0
8  3 4 3 2 1    0   1
8  4 4 1 3 1    0   1
8  4 4 2 1 1    0   1
8  4 4 2 3 54   1   0
8  5 4 1 2 54   1   0
9  2 1 3 2 0    1   0
9  2 2 4 3 0    1   0
9  3 2 3 4 0    1   0
9  3 4 3 2 27   0   1
9  4 1 1 2 27   0   1
9  4 4 2 1 27   0   1
10 2 1 3 2 69   1   0
10 2 2 4 3 69   1   0
10 4 1 1 2 53   0   1
10 4 4 4 1 53   0   1
10 5 2 1 4 69   1   0
10 5 4 3 4 53   0   1
10 5 5 4 1 69   1   0
10 5 5 4 3 53   0   1
11 2 5 4 1 0    0   1
11 3 2 3 4 0    0   1
11 3 3 4 3 0    0   1
11 3 6 4 2 24   1   0
11 5 5 1 2 0    0   1
11 5 6 2 2 0    0   1
12 1 3 3 3 26   1   0
12 3 3 3 4 26   1   0
12 3 6 4 2 26   1   0
12 4 1 3 3 26   1   0
12 4 4 3 2 39   0   1
12 4 5 2 1 39   0   1
12 5 5 1 2 39   0   1
12 5 6 2 2 39   0   1
13 1 1 3 2 62   0   1
13 1 3 2 1 62   0   1
13 3 3 1 2 62   0   1
13 3 3 3 2 17   1   0
13 4 1 3 3 62   0   1
13 4 3 2 3 17   1   0
13 4 4 3 2 17   1   0
14 1 3 3 3 0    0   1
14 2 5 4 1 0    0   1
14 3 2 3 4 0    0   1
14 4 1 3 3 0    0   1
14 4 4 3 4 0    1   0
14 4 5 4 3 0    1   0
14 5 5 1 2 0    0   1
14 5 5 3 2 0    1   0
15 3 3 2 3 5    0   1
15 3 4 3 2 5    0   1
15 5 4 1 2 30   1   0
15 5 5 4 1 30   1   0
15 6 3 1 2 5    0   1
15 6 5 3 4 30   1   0
15 6 6 3 1 5    0   1
;

