Index = 275
_solve_time = 595.536

:              xp  xb    :=
1  3 3 1 3 0    1   0
1  3 3 1 4 29   0   1
1  3 4 3 2 0    1   0
1  3 6 4 2 29   0   1
1  4 4 2 4 0    1   0
1  5 4 3 4 29   0   1
1  5 5 2 3 29   0   1
1  6 5 2 2 29   0   1
2  3 3 3 4 6    0   1
2  3 6 4 2 6    0   1
2  4 3 2 3 6    0   1
2  4 4 4 2 6    0   1
2  4 5 4 3 0    1   0
2  5 5 3 2 0    1   0
2  5 6 2 2 0    1   0
3  3 3 2 3 7    0   1
3  3 4 3 2 7    0   1
3  4 4 2 1 7    0   1
3  4 4 4 1 15   1   0
3  5 4 3 4 15   1   0
3  5 5 4 3 15   1   0
3  6 3 1 2 7    0   1
3  6 5 3 4 15   1   0
3  6 6 3 1 7    0   1
4  3 3 2 3 0    0   1
4  3 4 3 2 0    0   1
4  4 5 2 1 0    0   1
4  5 5 1 4 0    0   1
4  6 3 1 2 0    0   1
4  6 5 3 4 0    1   0
4  6 6 1 3 0    1   0
5  3 3 1 3 24   0   1
5  3 3 4 1 24   0   1
5  3 3 4 3 0    1   0
6  2 2 2 1 42   0   1
6  2 2 3 1 0    1   0
6  2 2 3 2 42   0   1
7  1 1 2 3 3    0   1
7  1 3 3 3 3    0   1
7  2 1 3 2 3    0   1
7  2 2 3 4 0    1   0
7  2 5 4 1 0    1   0
7  3 4 3 2 3    0   1
7  4 4 2 1 3    0   1
7  4 4 2 3 0    1   0
7  4 4 3 1 0    1   0
7  5 4 1 2 0    1   0
8  1 1 2 1 50   1   0
8  1 1 3 1 1    0   1
8  2 1 3 2 50   1   0
8  2 2 3 4 1    0   1
8  2 3 4 3 1    0   1
8  3 4 3 2 1    0   1
8  4 1 3 3 1    0   1
8  4 4 2 3 1    0   1
9  3 3 2 3 59   1   0
9  3 3 2 4 31   0   1
9  3 4 3 2 59   1   0
9  3 6 4 2 31   0   1
9  4 4 2 4 59   1   0
9  5 4 3 4 31   0   1
9  5 5 2 3 31   0   1
9  6 5 2 2 31   0   1
10 1 1 2 3 7    0   1
10 2 1 3 2 7    0   1
10 2 2 2 3 7    0   1
10 3 2 1 2 7    0   1
10 3 3 2 1 7    0   1
10 3 3 2 3 0    1   0
10 3 4 3 2 0    1   0
10 4 1 3 3 0    1   0
10 4 4 2 3 0    1   0
11 1 1 3 2 4    0   1
11 1 2 2 3 4    0   1
11 1 3 3 3 0    1   0
11 2 2 3 4 4    0   1
11 2 5 4 1 4    0   1
11 3 4 3 2 0    1   0
11 4 4 2 4 0    1   0
11 5 4 3 4 4    0   1
11 5 5 1 3 4    0   1
12 1 2 2 3 1    0   1
12 1 3 2 1 33   1   0
12 2 2 3 4 1    0   1
12 2 3 4 3 1    0   1
12 3 3 1 4 33   1   0
12 3 3 3 4 1    0   1
13 3 3 4 3 12   1   0
13 3 4 3 2 12   1   0
13 4 4 2 3 12   1   0
13 4 4 4 3 24   0   1
13 5 4 3 4 24   0   1
13 5 5 2 3 24   0   1
13 6 3 2 4 12   1   0
13 6 5 2 2 24   0   1
14 3 3 2 3 4    0   1
14 3 4 3 2 4    0   1
14 4 5 2 1 4    0   1
14 5 5 1 4 4    0   1
14 6 3 1 2 4    0   1
14 6 5 3 4 60   1   0
14 6 6 1 3 60   1   0
15 1 3 2 1 64   0   1
15 3 3 1 2 64   0   1
15 3 3 3 2 37   1   0
15 4 1 1 2 64   0   1
15 4 3 2 3 37   1   0
15 4 4 1 2 37   1   0
;

