Index = 289
_solve_time = 669.088

:              xp  xb    :=
1  3 2 3 4 69   1   0
1  3 3 4 3 69   1   0
1  3 6 4 2 3    0   1
1  5 2 1 4 3    0   1
1  5 5 2 1 3    0   1
1  6 5 2 2 3    0   1
2  2 3 4 3 1    1   0
2  2 5 4 1 0    0   1
2  3 3 3 2 1    1   0
2  3 6 2 1 1    1   0
2  5 5 1 4 0    0   1
2  5 6 4 3 0    0   1
2  6 6 3 1 0    0   1
3  1 2 2 3 38   0   1
3  2 2 3 4 38   0   1
3  2 5 4 1 38   0   1
3  4 1 1 2 38   0   1
3  4 4 1 2 28   1   0
3  4 5 2 1 28   1   0
4  1 1 1 2 49   0   1
4  1 1 3 1 49   0   1
4  1 1 3 2 66   1   0
5  1 1 3 1 9    0   1
5  1 1 3 2 32   1   0
5  1 2 1 1 9    0   1
5  1 3 2 1 32   1   0
5  2 2 1 2 9    0   1
5  2 3 2 1 9    0   1
6  2 5 4 1 4    0   1
6  3 2 3 4 4    0   1
6  3 3 4 3 4    0   1
6  5 5 1 4 4    0   1
6  5 5 2 4 42   1   0
6  6 3 2 4 4    0   1
6  6 5 2 2 42   1   0
7  2 1 3 2 52   1   0
7  2 2 2 3 52   1   0
7  2 2 2 4 27   0   1
7  2 3 4 3 27   0   1
7  3 4 3 2 27   0   1
7  4 1 1 2 27   0   1
7  4 4 2 1 27   0   1
8  3 3 1 3 2    1   0
8  3 3 1 4 3    0   1
8  3 4 3 2 2    1   0
8  3 6 4 2 3    0   1
8  4 4 2 4 2    1   0
8  5 4 3 4 3    0   1
8  5 5 2 3 3    0   1
8  6 5 2 2 3    0   1
9  2 3 4 3 1    0   1
9  3 4 3 2 1    0   1
9  4 4 2 4 1    0   1
9  5 2 1 4 1    0   1
9  5 4 3 4 12   1   0
9  5 5 3 1 1    0   1
10 1 3 2 1 53   1   0
10 3 3 1 2 53   1   0
10 3 6 2 1 53   1   0
10 4 1 1 2 53   1   0
10 4 4 1 2 3    0   1
10 4 5 2 1 3    0   1
10 5 5 1 2 3    0   1
10 5 6 2 2 3    0   1
10 6 6 2 1 3    0   1
11 3 3 3 2 2    0   1
11 3 6 2 1 2    0   1
11 4 3 2 3 2    0   1
11 5 4 1 2 2    0   1
11 5 5 3 1 2    0   1
11 5 5 3 2 2    1   0
11 5 6 2 2 2    1   0
11 6 6 2 1 2    1   0
12 3 3 4 3 17   0   1
12 3 4 3 2 17   0   1
12 4 4 2 4 17   0   1
12 5 4 3 4 0    1   0
12 5 5 4 3 0    1   0
12 6 3 2 4 17   0   1
12 6 5 3 4 0    1   0
12 6 6 3 2 17   0   1
13 3 3 4 3 2    1   0
13 3 4 3 2 2    1   0
13 3 6 4 2 0    0   1
13 5 4 1 2 0    0   1
13 5 5 2 1 0    0   1
13 6 5 2 2 0    0   1
14 3 3 2 3 18   0   1
14 3 4 3 2 18   0   1
14 4 5 2 1 18   0   1
14 5 5 1 2 18   0   1
14 6 3 1 2 18   0   1
14 6 5 2 2 33   1   0
14 6 6 1 2 33   1   0
15 1 3 2 1 0    0   1
15 2 1 3 2 0    0   1
15 2 2 4 3 0    0   1
15 2 3 4 3 60   1   0
15 3 3 1 4 0    0   1
15 3 3 3 4 60   1   0
;

