Index = 299
_solve_time = 932.172

:              xp  xb    :=
1  1 1 1 2 48   1   0
1  1 2 1 1 0    0   1
1  1 3 2 1 48   1   0
1  2 2 1 4 0    0   1
1  2 3 4 3 0    0   1
1  3 3 1 4 48   1   0
1  3 3 3 4 0    0   1
2  2 1 3 2 0    0   1
2  2 2 4 3 0    0   1
2  3 2 3 4 0    0   1
2  3 4 3 2 22   1   0
2  4 1 1 2 22   1   0
2  4 4 2 1 22   1   0
3  2 2 2 1 0    0   1
3  2 2 4 1 24   1   0
3  2 2 4 2 0    0   1
4  2 5 4 1 68   0   1
4  3 2 3 4 68   0   1
4  4 3 2 3 68   0   1
4  4 4 4 2 68   0   1
4  4 5 4 3 0    1   0
4  5 5 1 3 68   0   1
5  1 1 1 3 10   0   1
5  1 1 2 1 10   0   1
5  1 1 2 3 0    1   0
6  2 1 3 2 49   1   0
6  2 2 2 3 49   1   0
6  3 2 1 2 49   1   0
6  3 3 1 3 24   0   1
6  3 4 3 2 24   0   1
6  4 1 1 2 24   0   1
6  4 4 2 1 24   0   1
7  1 2 2 3 0    1   0
7  2 2 3 2 0    1   0
7  2 2 4 2 0    0   1
7  3 2 3 4 0    0   1
7  4 1 1 2 0    1   0
7  4 3 2 3 0    0   1
7  4 4 1 2 0    0   1
8  2 3 4 3 0    0   1
8  3 4 3 2 0    0   1
8  5 2 1 4 0    0   1
8  5 4 1 2 0    1   0
9  2 1 3 2 19   0   1
9  2 2 2 3 19   0   1
9  3 2 1 2 19   0   1
9  3 3 4 1 19   0   1
9  4 1 1 2 0    1   0
9  4 4 2 1 0    1   0
9  5 4 1 2 0    1   0
9  5 5 2 1 0    1   0
9  6 3 2 4 19   0   1
9  6 5 2 2 0    1   0
10 2 1 3 2 23   1   0
10 2 2 3 4 0    0   1
10 2 3 4 3 0    0   1
10 3 4 3 2 0    0   1
10 4 1 1 2 0    0   1
10 4 4 2 1 0    0   1
11 1 3 2 1 48   0   1
11 2 1 3 2 48   0   1
11 2 2 1 2 23   1   0
11 2 2 1 3 48   0   1
11 2 3 2 1 23   1   0
12 2 3 4 3 25   1   0
12 3 3 4 3 22   0   1
12 5 2 1 4 25   1   0
12 5 5 2 1 25   1   0
12 5 6 2 2 22   0   1
12 6 3 2 4 22   0   1
13 1 1 1 2 72   0   1
13 1 3 2 1 72   0   1
13 2 1 1 1 72   0   1
13 2 2 1 2 40   1   0
13 2 3 2 1 40   1   0
14 2 2 2 4 29   1   0
14 2 3 2 1 35   0   1
14 2 5 4 1 29   1   0
14 3 3 1 4 35   0   1
14 3 6 4 2 35   0   1
14 5 5 1 3 29   1   0
14 5 5 2 3 35   0   1
14 6 5 2 2 35   0   1
15 2 3 4 3 49   1   0
15 2 5 4 1 47   0   1
15 3 3 3 4 49   1   0
15 3 6 4 2 49   1   0
15 5 5 1 2 47   0   1
15 5 6 2 2 47   0   1
;

