Index = 342
_solve_time = 668.564

:              xp  xb    :=
1  1 1 1 2 19   0   1
1  1 2 1 1 2    1   0
1  1 3 2 1 19   0   1
1  2 2 1 4 2    1   0
1  2 5 4 1 2    1   0
1  3 3 1 4 19   0   1
1  3 6 4 2 19   0   1
1  5 5 1 2 2    1   0
1  6 5 2 2 19   0   1
2  2 5 4 1 0    0   1
2  3 2 3 4 0    0   1
2  4 3 2 3 0    0   1
2  4 4 2 4 0    1   0
2  4 5 4 3 0    1   0
2  5 5 1 3 0    0   1
3  1 2 2 3 72   0   1
3  2 2 3 4 72   0   1
3  2 5 4 1 72   0   1
3  4 1 1 2 72   0   1
3  4 4 1 2 0    1   0
3  4 5 2 1 0    1   0
4  2 3 4 3 7    0   1
4  2 5 4 1 22   1   0
4  3 4 3 2 7    0   1
4  5 4 1 2 22   1   0
5  1 1 3 1 0    0   1
5  2 1 1 1 6    1   0
5  2 2 3 1 6    1   0
5  2 2 3 4 0    0   1
5  2 3 4 3 0    0   1
5  3 4 3 2 0    0   1
5  4 1 3 3 0    0   1
5  4 4 2 3 0    0   1
6  3 3 2 3 1    0   1
6  3 4 3 2 1    0   1
6  4 4 2 1 1    0   1
6  4 4 4 1 1    1   0
6  5 4 3 4 1    1   0
6  5 5 4 3 1    1   0
6  6 3 1 2 1    0   1
6  6 5 3 4 1    1   0
6  6 6 3 1 1    0   1
7  5 5 1 3 0    1   0
7  5 5 1 4 24   0   1
7  5 5 4 3 24   0   1
8  2 2 2 3 53   0   1
8  2 2 4 3 7    1   0
8  3 2 1 2 53   0   1
8  3 3 4 1 53   0   1
8  5 2 1 4 7    1   0
8  5 5 4 1 7    1   0
8  6 3 2 4 53   0   1
8  6 5 3 4 7    1   0
8  6 6 3 2 53   0   1
9  3 3 1 2 23   1   0
9  3 3 1 3 7    0   1
9  3 3 3 2 7    0   1
10 3 2 3 4 69   1   0
10 3 3 2 3 69   1   0
10 5 2 1 4 20   0   1
10 5 5 2 1 20   0   1
10 6 3 1 2 69   1   0
10 6 5 2 2 20   0   1
10 6 6 1 2 20   0   1
11 2 2 4 2 24   1   0
11 3 2 1 2 3    0   1
11 3 3 3 1 3    0   1
11 4 3 2 3 3    0   1
11 5 2 1 4 24   1   0
11 5 4 1 2 3    0   1
12 1 1 2 1 10   0   1
12 2 1 1 1 23   1   0
12 2 2 2 1 23   1   0
12 3 2 1 2 23   1   0
12 3 3 2 1 23   1   0
12 4 1 1 2 10   0   1
12 4 4 2 1 10   0   1
12 5 4 1 2 10   0   1
12 5 5 2 1 10   0   1
12 6 3 1 2 23   1   0
12 6 5 2 2 10   0   1
12 6 6 1 2 10   0   1
13 2 1 3 2 0    1   0
13 2 2 2 3 0    1   0
13 3 2 1 2 0    1   0
13 3 3 4 1 0    1   0
13 3 3 4 3 0    0   1
13 3 4 3 2 0    0   1
13 4 1 1 2 0    0   1
13 4 4 2 1 0    0   1
14 2 3 4 3 34   1   0
14 2 5 4 1 1    0   1
14 3 4 3 2 34   1   0
14 4 4 2 3 34   1   0
14 4 4 4 3 1    0   1
14 5 4 3 4 1    0   1
14 5 5 1 3 1    0   1
15 2 3 4 3 27   0   1
15 3 3 3 4 27   0   1
15 5 2 1 4 27   0   1
15 5 5 4 1 27   0   1
15 6 3 2 4 10   1   0
15 6 5 3 4 27   0   1
15 6 6 3 2 10   1   0
;

