Index = 317
_solve_time = 741.7

:              xp  xb    :=
1  1 1 1 3 43   1   0
1  1 2 1 1 73   0   1
1  1 3 3 3 43   1   0
1  2 2 1 4 73   0   1
1  2 3 4 3 73   0   1
2  5 5 1 4 17   0   1
2  5 5 3 1 17   0   1
2  5 5 3 4 30   1   0
3  3 3 2 3 73   1   0
3  3 3 2 4 50   0   1
3  3 3 4 3 50   0   1
4  2 2 1 2 26   0   1
4  2 2 1 4 40   1   0
4  2 3 2 1 26   0   1
4  2 5 4 1 40   1   0
4  3 3 1 4 26   0   1
4  3 6 4 2 26   0   1
4  5 5 1 2 40   1   0
4  6 5 2 2 26   0   1
5  3 3 3 2 66   0   1
5  4 3 2 3 66   0   1
5  5 4 1 2 66   0   1
5  5 5 2 1 66   0   1
5  6 3 1 2 51   1   0
5  6 5 2 2 66   0   1
5  6 6 1 2 66   0   1
6  2 5 4 1 53   0   1
6  3 2 3 4 53   0   1
6  3 3 4 3 53   0   1
6  5 5 1 4 53   0   1
6  6 3 2 4 53   0   1
6  6 5 3 4 18   1   0
6  6 6 3 2 53   0   1
7  2 3 4 3 0    0   1
7  3 4 3 2 0    0   1
7  4 4 2 4 0    0   1
7  5 2 1 4 0    0   1
7  5 4 3 4 0    1   0
7  5 5 3 1 0    0   1
8  4 4 2 1 0    1   0
8  4 4 2 3 1    0   1
8  4 4 3 1 1    0   1
9  1 1 2 1 20   0   1
9  2 1 1 1 24   1   0
9  2 2 4 1 24   1   0
9  3 2 3 4 24   1   0
9  3 4 3 2 20   0   1
9  4 1 1 2 20   0   1
9  4 4 2 1 20   0   1
10 2 2 1 2 46   1   0
10 2 2 1 4 41   0   1
10 2 2 4 2 41   0   1
11 2 3 4 3 65   1   0
11 2 5 4 1 9    0   1
11 3 4 3 2 65   1   0
11 5 4 1 2 9    0   1
12 2 2 3 1 2    0   1
12 2 2 4 1 1    1   0
12 2 2 4 3 2    0   1
12 3 2 3 4 1    1   0
12 3 4 3 2 2    0   1
12 4 5 2 1 2    0   1
12 5 2 1 4 2    0   1
13 1 2 2 3 0    0   1
13 1 3 2 1 0    1   0
13 2 2 3 4 0    0   1
13 2 3 4 3 0    0   1
13 3 3 1 2 0    1   0
13 3 3 3 2 0    0   1
14 2 2 2 4 0    0   1
14 2 3 2 1 0    1   0
14 2 5 4 1 0    0   1
14 3 3 1 4 0    1   0
14 3 6 4 2 0    1   0
14 5 5 1 2 0    0   1
14 5 6 2 2 0    0   1
15 2 1 3 2 41   0   1
15 2 2 4 3 41   0   1
15 4 1 1 2 22   1   0
15 4 4 4 1 22   1   0
15 5 2 1 4 41   0   1
15 5 4 3 4 22   1   0
15 5 5 3 1 41   0   1
;

