Index = 284
_solve_time = 1467.18

:              xp  xb    :=
1  2 5 4 1 14   0   1
1  3 2 3 4 14   0   1
1  3 4 3 2 35   1   0
1  4 4 2 4 35   1   0
1  5 4 3 4 14   0   1
1  5 5 1 3 14   0   1
2  2 1 3 2 0    0   1
2  2 2 4 3 0    0   1
2  3 2 3 4 0    0   1
2  4 1 1 2 4    1   0
2  4 3 2 3 0    0   1
2  4 4 4 1 4    1   0
2  4 4 4 2 0    0   1
3  2 1 3 2 18   1   0
3  2 2 1 3 18   1   0
3  2 2 1 4 0    0   1
3  2 3 4 3 0    0   1
3  3 4 3 2 0    0   1
3  4 1 1 2 0    0   1
3  4 4 2 1 0    0   1
4  3 2 3 4 39   0   1
4  4 3 2 3 39   0   1
4  5 2 1 4 5    1   0
4  5 4 1 2 39   0   1
4  5 5 2 1 39   0   1
4  5 5 4 1 5    1   0
4  5 5 4 2 39   0   1
5  2 3 4 3 0    0   1
5  2 5 4 1 0    1   0
5  3 4 3 2 0    0   1
5  4 5 2 1 0    0   1
5  5 5 1 2 0    1   0
5  5 5 1 4 0    0   1
5  5 5 2 4 0    1   0
6  1 3 2 1 1    0   1
6  2 1 3 2 1    0   1
6  2 2 3 4 56   1   0
6  2 5 4 1 56   1   0
6  3 3 1 4 1    0   1
6  3 6 4 2 1    0   1
6  5 5 1 3 56   1   0
6  5 5 2 3 1    0   1
6  6 5 2 2 1    0   1
7  2 1 3 2 33   0   1
7  2 2 4 3 33   0   1
7  4 1 1 2 46   1   0
7  4 4 4 1 46   1   0
7  5 2 1 4 33   0   1
7  5 4 3 4 46   1   0
7  5 5 3 1 33   0   1
8  2 2 4 2 0    0   1
8  3 2 1 2 2    1   0
8  3 3 1 3 0    0   1
8  3 4 3 2 0    0   1
8  4 5 2 1 0    0   1
8  5 2 1 4 0    0   1
9  2 2 2 1 25   1   0
9  2 2 4 1 10   0   1
9  3 2 1 2 25   1   0
9  3 3 3 1 25   1   0
9  3 4 3 2 10   0   1
9  4 5 2 1 10   0   1
9  5 2 1 4 10   0   1
10 3 3 3 4 14   0   1
10 4 3 2 3 14   0   1
10 5 4 1 2 14   0   1
10 5 5 2 1 14   0   1
10 6 3 2 4 7    1   0
10 6 5 2 2 14   0   1
11 1 1 1 3 0    0   1
11 2 1 1 1 0    0   1
11 2 2 4 1 0    0   1
11 4 1 3 3 46   1   0
11 4 4 1 2 0    0   1
11 4 4 1 3 46   1   0
11 4 5 2 1 0    0   1
11 5 2 1 4 0    0   1
12 2 2 1 2 47   0   1
12 2 2 4 1 47   0   1
12 2 2 4 2 61   1   0
13 1 2 2 3 6    0   1
13 2 2 2 3 57   1   0
13 3 2 1 2 57   1   0
13 3 3 4 1 57   1   0
13 3 3 4 3 6    0   1
13 3 4 3 2 6    0   1
13 4 1 1 2 6    0   1
13 4 4 2 1 6    0   1
14 2 2 2 4 31   1   0
14 2 3 2 1 2    0   1
14 2 5 4 1 31   1   0
14 3 3 1 4 2    0   1
14 3 6 4 2 2    0   1
14 5 5 1 2 31   1   0
14 6 5 2 2 2    0   1
15 1 2 2 3 34   1   0
15 1 3 2 1 33   0   1
15 2 2 2 3 33   0   1
15 3 2 1 2 33   0   1
;

