Index = 302
_solve_time = 561.272

:              xp  xb    :=
1  2 3 4 3 6    0   1
1  3 3 3 2 6    0   1
1  3 3 4 2 1    1   0
1  5 2 1 4 6    0   1
1  5 5 2 1 6    0   1
1  5 6 2 2 1    1   0
1  6 3 2 4 1    1   0
2  1 1 3 2 69   0   1
2  1 3 2 1 69   0   1
2  3 3 3 1 0    1   0
2  4 1 3 3 69   0   1
2  4 3 2 3 0    1   0
2  4 4 3 2 0    1   0
3  1 3 2 1 6    1   0
3  3 3 1 2 6    1   0
3  3 6 2 1 6    1   0
3  4 1 1 2 6    1   0
3  4 4 1 2 4    0   1
3  4 5 2 1 4    0   1
3  5 5 1 4 4    0   1
3  5 6 4 3 4    0   1
3  6 6 3 1 4    0   1
4  3 3 1 3 0    0   1
4  3 3 1 4 63   1   0
4  3 4 3 2 0    0   1
4  3 6 4 2 63   1   0
4  4 5 2 1 0    0   1
4  5 5 1 2 0    0   1
4  5 6 2 2 0    0   1
5  3 3 4 3 4    1   0
5  3 4 3 2 4    1   0
5  3 6 4 2 0    0   1
5  5 4 1 2 0    0   1
5  5 5 2 1 0    0   1
5  6 5 2 2 0    0   1
6  3 3 4 3 3    0   1
6  3 4 3 2 3    0   1
6  4 4 2 1 3    0   1
6  4 4 4 1 54   1   0
6  5 4 3 4 54   1   0
6  5 5 2 3 54   1   0
6  5 6 2 2 3    0   1
6  6 3 2 4 3    0   1
7  1 3 2 1 0    0   1
7  3 3 1 2 0    0   1
7  3 3 3 2 0    1   0
7  4 1 1 2 0    0   1
7  4 3 2 3 0    1   0
7  4 4 2 1 0    0   1
8  3 3 2 3 25   0   1
8  3 4 3 2 25   0   1
8  4 5 2 1 25   0   1
8  5 5 2 1 1    1   0
8  6 3 1 2 25   0   1
8  6 5 2 2 1    1   0
8  6 6 1 2 1    1   0
9  1 3 2 1 43   1   0
9  2 2 4 2 1    0   1
9  3 2 1 2 43   1   0
9  4 1 1 2 43   1   0
9  4 4 1 2 1    0   1
9  4 5 2 1 1    0   1
9  5 2 1 4 1    0   1
10 5 5 2 1 57   0   1
10 5 5 4 1 1    1   0
10 5 5 4 2 57   0   1
11 3 3 3 4 67   0   1
11 4 3 2 3 67   0   1
11 5 4 1 2 67   0   1
11 5 5 3 1 67   0   1
11 5 5 3 2 7    1   0
11 5 6 2 2 7    1   0
11 6 3 2 4 7    1   0
12 1 2 2 3 0    1   0
12 1 3 2 1 60   0   1
12 2 2 3 4 0    1   0
12 2 5 4 1 0    1   0
12 3 3 1 3 60   0   1
12 3 4 3 2 60   0   1
12 4 5 2 1 60   0   1
13 1 2 2 3 4    1   0
13 2 2 4 3 34   0   1
13 4 1 1 2 4    1   0
13 4 4 1 2 34   0   1
13 4 5 2 1 34   0   1
13 5 2 1 4 34   0   1
14 4 4 2 3 69   0   1
14 4 4 2 4 15   1   0
14 4 4 3 4 69   0   1
15 3 3 4 3 5    1   0
15 3 4 3 2 5    1   0
15 3 6 4 2 0    0   1
15 4 4 2 3 5    1   0
15 4 4 4 3 0    0   1
15 5 4 3 4 0    0   1
15 5 5 2 3 0    0   1
15 6 5 2 2 0    0   1
;

