Index = 266
_solve_time = 892.384

:              xp  xb    :=
1  3 3 2 1 19   0   1
1  3 3 3 1 4    1   0
1  4 3 2 3 4    1   0
1  5 4 1 2 4    1   0
1  5 5 4 1 4    1   0
1  5 6 4 3 19   0   1
1  6 3 1 2 19   0   1
1  6 6 3 1 19   0   1
2  3 3 4 3 30   0   1
2  3 4 3 2 30   0   1
2  5 4 1 2 22   1   0
2  5 5 4 1 22   1   0
2  6 3 2 4 30   0   1
2  6 5 3 4 22   1   0
2  6 6 3 2 30   0   1
3  2 3 4 3 24   0   1
3  2 5 4 1 45   1   0
3  3 4 3 2 24   0   1
3  5 4 1 2 45   1   0
4  2 2 2 3 13   0   1
4  2 2 2 4 0    1   0
4  2 2 3 4 13   0   1
5  2 3 4 3 0    0   1
5  3 4 3 2 0    0   1
5  4 4 2 1 0    0   1
5  4 4 4 1 0    1   0
5  5 2 1 4 0    0   1
5  5 4 3 4 0    1   0
5  5 5 2 1 0    0   1
5  5 5 2 3 0    1   0
6  2 3 4 3 25   0   1
6  3 3 3 4 25   0   1
6  3 6 4 2 25   0   1
6  5 2 1 4 25   0   1
6  5 5 4 1 25   0   1
6  5 5 4 2 7    1   0
6  5 6 2 2 7    1   0
7  2 1 3 2 28   0   1
7  2 2 4 3 28   0   1
7  4 1 1 2 36   1   0
7  4 4 4 1 36   1   0
7  5 2 1 4 28   0   1
7  5 4 3 4 36   1   0
7  5 5 3 1 28   0   1
8  3 3 1 2 22   0   1
8  3 3 3 1 22   0   1
8  3 3 3 2 0    1   0
9  2 5 4 1 24   0   1
9  3 2 3 4 24   0   1
9  3 3 2 3 24   0   1
9  3 6 2 1 22   1   0
9  5 5 1 4 24   0   1
9  6 5 3 4 22   1   0
9  6 6 1 3 22   1   0
10 3 2 3 4 59   1   0
10 3 4 3 2 66   0   1
10 4 5 2 1 66   0   1
10 5 2 1 4 66   0   1
11 2 5 4 1 61   0   1
11 3 2 3 4 61   0   1
11 3 3 4 3 61   0   1
11 5 5 2 1 0    1   0
11 6 3 2 4 61   0   1
11 6 5 2 2 0    1   0
12 1 1 3 1 38   1   0
12 2 1 1 1 47   0   1
12 2 2 4 1 47   0   1
12 4 1 3 3 38   1   0
12 4 4 4 3 38   1   0
12 5 2 1 4 47   0   1
12 5 4 3 4 38   1   0
12 5 5 3 1 47   0   1
13 2 2 2 4 0    0   1
13 2 3 2 1 0    1   0
13 2 5 4 1 0    0   1
13 3 3 1 4 0    1   0
13 3 6 4 2 0    1   0
13 5 5 1 2 0    0   1
13 5 6 2 2 0    0   1
14 2 5 4 1 47   0   1
14 3 2 3 4 47   0   1
14 3 4 3 2 48   1   0
14 4 4 2 3 48   1   0
14 4 4 4 3 47   0   1
14 5 4 3 4 47   0   1
14 5 5 1 3 47   0   1
15 3 3 4 3 5    0   1
15 3 4 3 2 5    0   1
15 3 6 4 2 36   1   0
15 4 4 2 4 5    0   1
15 4 5 4 3 5    0   1
15 5 5 2 3 36   1   0
15 6 5 2 2 36   1   0
;

