Index = 297
_solve_time = 641.048

:              xp  xb    :=
1  1 1 1 3 5    0   1
1  1 2 1 1 2    1   0
1  1 3 3 3 5    0   1
1  2 2 1 4 2    1   0
1  3 2 3 4 5    0   1
2  4 4 2 1 15   0   1
2  4 4 4 1 0    1   0
2  4 4 4 2 15   0   1
3  1 1 1 3 0    1   0
3  2 1 1 1 0    1   0
3  2 2 4 1 0    1   0
3  2 5 4 1 6    0   1
3  4 1 3 3 6    0   1
3  4 4 2 3 6    0   1
3  5 4 1 2 6    0   1
4  3 2 3 4 61   0   1
4  4 3 2 3 61   0   1
4  5 2 1 4 0    1   0
4  5 4 1 2 61   0   1
4  5 5 3 1 61   0   1
4  5 5 4 1 0    1   0
4  5 5 4 3 61   0   1
5  1 2 2 3 23   0   1
5  2 2 4 3 1    1   0
5  4 1 1 2 23   0   1
5  4 4 2 1 23   0   1
5  5 2 1 4 1    1   0
5  5 4 1 2 23   0   1
6  3 3 2 1 5    1   0
6  3 3 2 4 25   0   1
6  3 3 4 1 25   0   1
7  2 2 2 4 0    1   0
7  2 3 2 1 0    0   1
7  2 5 4 1 0    1   0
7  3 3 1 3 0    0   1
7  3 4 3 2 0    0   1
7  4 5 2 1 0    0   1
8  1 3 2 1 0    0   1
8  2 1 3 2 0    0   1
8  2 2 3 2 0    1   0
8  2 3 2 1 0    1   0
9  2 1 3 2 1    0   1
9  2 2 2 3 1    0   1
9  3 2 1 2 1    0   1
9  3 3 2 1 1    0   1
9  4 1 1 2 0    1   0
9  4 4 4 1 0    1   0
9  5 4 3 4 0    1   0
9  5 5 4 3 0    1   0
9  6 3 1 2 1    0   1
9  6 5 3 4 0    1   0
9  6 6 3 1 1    0   1
10 2 3 4 3 3    0   1
10 3 3 3 4 3    0   1
10 3 6 4 2 3    0   1
10 5 2 1 4 3    0   1
10 5 5 2 1 3    0   1
10 5 5 2 4 69   1   0
10 5 6 4 3 69   1   0
10 6 6 2 3 3    0   1
11 1 1 1 3 14   1   0
11 1 2 1 1 1    0   1
11 1 3 3 3 14   1   0
11 2 2 1 4 1    0   1
11 2 5 4 1 1    0   1
11 3 4 3 2 14   1   0
11 4 4 2 4 14   1   0
11 5 4 3 4 1    0   1
11 5 5 1 3 1    0   1
12 1 3 2 1 2    1   0
12 2 3 4 3 18   0   1
12 3 3 3 1 18   0   1
12 4 1 1 2 2    1   0
12 4 4 4 1 2    1   0
12 5 2 1 4 18   0   1
12 5 4 3 4 2    1   0
12 5 5 3 1 18   0   1
13 2 3 4 3 0    0   1
13 2 5 4 1 0    1   0
13 3 3 3 4 0    0   1
13 3 6 4 2 0    0   1
13 5 5 1 2 0    1   0
13 6 5 2 2 0    0   1
14 1 1 1 3 1    0   1
14 1 2 1 1 73   1   0
14 1 3 3 3 1    0   1
14 2 2 1 4 73   1   0
14 2 5 4 1 73   1   0
14 3 4 3 2 1    0   1
14 4 5 2 1 1    0   1
15 2 5 4 1 0    0   1
15 3 2 3 4 0    0   1
15 4 3 2 3 0    0   1
15 4 4 4 2 0    0   1
15 4 5 4 3 6    1   0
15 5 5 1 4 0    0   1
15 5 5 3 4 6    1   0
;

