Index = 258
_solve_time = 637.688

:              xp  xb    :=
1  1 3 2 1 15   0   1
1  2 2 4 2 2    1   0
1  3 2 1 2 15   0   1
1  4 1 1 2 15   0   1
1  4 4 4 1 15   0   1
1  5 2 1 4 2    1   0
1  5 4 3 4 15   0   1
1  5 5 3 1 2    1   0
2  4 4 2 3 3    0   1
2  4 4 4 2 3    0   1
2  4 4 4 3 0    1   0
3  5 5 1 2 2    0   1
3  5 5 1 4 0    1   0
3  5 5 2 4 2    0   1
4  1 1 1 3 6    0   1
4  2 1 1 1 6    0   1
4  2 2 2 1 6    0   1
4  3 2 1 2 6    0   1
4  3 3 4 1 6    0   1
4  4 1 3 3 0    1   0
4  4 4 2 3 0    1   0
4  5 4 1 2 0    1   0
4  5 5 2 1 0    1   0
4  6 3 2 4 6    0   1
4  6 5 2 2 0    1   0
5  1 1 2 3 0    1   0
5  1 2 2 3 73   0   1
5  1 3 3 3 0    1   0
5  2 2 3 4 73   0   1
5  2 5 4 1 73   0   1
5  3 4 3 2 0    1   0
5  4 4 2 1 73   0   1
5  4 4 2 3 0    1   0
5  4 4 3 1 0    1   0
5  5 4 1 2 73   0   1
6  2 2 2 4 7    0   1
6  2 5 4 1 7    0   1
6  3 2 1 2 7    0   1
6  3 3 1 3 0    1   0
6  3 4 3 2 0    1   0
6  4 4 1 3 7    0   1
6  4 4 2 1 7    0   1
6  4 4 2 3 0    1   0
6  5 4 1 2 7    0   1
7  2 3 4 3 52   0   1
7  3 4 3 2 52   0   1
7  5 2 1 4 52   0   1
7  5 4 1 2 0    1   0
8  1 1 2 1 0    1   0
8  1 1 2 3 25   0   1
8  1 1 3 1 25   0   1
9  2 5 4 1 5    0   1
9  3 2 3 4 5    0   1
9  3 4 3 2 32   1   0
9  4 4 2 4 32   1   0
9  5 4 3 4 5    0   1
9  5 5 1 3 5    0   1
10 2 3 4 3 26   0   1
10 4 3 2 3 0    1   0
10 4 4 4 2 0    1   0
10 5 2 1 4 26   0   1
10 5 4 3 4 0    1   0
10 5 5 3 1 26   0   1
11 2 5 4 1 4    1   0
11 3 2 3 4 4    1   0
11 3 4 3 2 56   0   1
11 4 4 2 4 56   0   1
11 4 5 4 3 56   0   1
11 5 5 1 3 4    1   0
12 5 5 2 3 31   0   1
12 5 5 4 2 31   0   1
12 5 5 4 3 22   1   0
13 1 2 2 3 0    0   1
13 1 3 2 1 20   1   0
13 2 2 3 2 0    0   1
13 3 2 1 2 20   1   0
14 2 2 2 1 0    0   1
14 2 2 4 1 3    1   0
14 2 2 4 2 0    0   1
14 3 2 3 4 3    1   0
14 3 4 3 2 0    0   1
14 4 5 2 1 0    0   1
14 5 2 1 4 0    0   1
15 1 1 3 1 15   1   0
15 2 1 1 1 0    0   1
15 2 2 4 1 0    0   1
15 3 2 3 4 0    0   1
15 4 1 3 3 15   1   0
15 4 3 2 3 0    0   1
15 4 4 4 2 0    0   1
15 4 4 4 3 15   1   0
;

