Index = 219
_solve_time = 431.668

:              xp  xb    :=
1  2 2 1 3 15   0   1
1  2 2 2 1 15   0   1
1  2 2 2 3 2    1   0
2  2 3 4 3 24   0   1
2  2 5 4 1 0    1   0
2  3 3 3 4 24   0   1
2  3 6 4 2 24   0   1
2  5 5 1 2 0    1   0
2  6 5 2 2 24   0   1
3  1 2 2 3 28   0   1
3  2 2 4 3 13   1   0
3  4 1 1 2 28   0   1
3  4 4 4 1 28   0   1
3  5 2 1 4 13   1   0
3  5 4 3 4 28   0   1
3  5 5 3 1 13   1   0
4  3 3 4 3 16   0   1
4  3 4 3 2 16   0   1
4  4 4 2 4 16   0   1
4  4 5 4 3 16   0   1
4  5 5 2 3 70   1   0
4  6 3 2 4 16   0   1
4  6 5 2 2 70   1   0
5  2 2 2 4 38   0   1
5  2 5 4 1 38   0   1
5  3 2 1 2 38   0   1
5  3 3 1 4 0    1   0
5  3 6 4 2 0    1   0
5  5 5 1 4 38   0   1
5  6 5 3 4 0    1   0
5  6 6 2 3 0    1   0
6  2 3 4 3 14   0   1
6  3 4 3 2 14   0   1
6  4 4 1 3 14   0   1
6  4 4 2 1 14   0   1
6  4 4 2 3 22   1   0
6  5 2 1 4 14   0   1
6  5 4 1 2 22   1   0
7  2 3 4 3 28   0   1
7  2 5 4 1 0    1   0
7  3 4 3 2 28   0   1
7  4 5 2 1 28   0   1
7  5 5 1 2 0    1   0
7  5 5 1 4 28   0   1
7  5 5 2 4 0    1   0
8  5 5 3 1 69   0   1
8  5 5 4 1 6    1   0
8  5 5 4 3 69   0   1
9  3 3 4 3 1    1   0
9  4 3 2 3 10   0   1
9  5 4 1 2 10   0   1
9  5 5 2 1 10   0   1
9  6 3 2 4 1    1   0
9  6 5 2 2 10   0   1
10 2 2 3 1 34   1   0
10 2 2 3 4 36   0   1
10 2 2 4 1 36   0   1
11 1 1 3 2 0    0   1
11 1 2 2 3 0    0   1
11 1 3 3 3 1    1   0
11 2 2 3 2 0    0   1
11 2 3 2 1 0    0   1
11 3 3 1 4 0    0   1
11 3 3 3 4 1    1   0
12 2 2 1 3 0    0   1
12 2 2 2 1 0    0   1
12 2 2 2 3 11   1   0
13 1 3 3 3 19   1   0
13 3 2 3 4 19   1   0
13 4 1 3 3 19   1   0
13 4 4 3 2 0    0   1
13 4 5 2 1 0    0   1
13 5 2 1 4 0    0   1
14 2 2 1 3 4    1   0
14 2 2 1 4 57   0   1
14 2 2 4 3 57   0   1
15 2 2 3 2 29   1   0
15 2 2 3 4 0    0   1
15 2 3 2 1 29   1   0
15 2 5 4 1 0    0   1
15 3 3 1 4 29   1   0
15 3 6 4 2 29   1   0
15 5 5 1 2 0    0   1
15 5 6 2 2 0    0   1
;

