Index = 292
_solve_time = 429.92

:              xp  xb    :=
1  2 2 1 3 27   0   1
1  2 2 4 1 27   0   1
1  2 2 4 3 0    1   0
2  2 2 4 2 0    0   1
2  3 2 1 2 0    1   0
2  3 3 4 1 0    1   0
2  3 6 4 2 0    0   1
2  5 2 1 4 0    0   1
2  5 5 2 1 0    0   1
2  6 5 2 2 0    0   1
3  2 1 3 2 16   0   1
3  2 2 4 3 16   0   1
3  3 3 2 3 1    1   0
3  3 4 3 2 1    1   0
3  4 1 1 2 1    1   0
3  4 4 2 1 1    1   0
3  5 2 1 4 16   0   1
3  5 5 4 1 16   0   1
3  6 3 1 2 1    1   0
3  6 5 3 4 16   0   1
3  6 6 1 3 16   0   1
4  1 2 2 3 0    0   1
4  1 3 2 1 0    1   0
4  2 2 3 4 0    0   1
4  2 5 4 1 0    0   1
4  3 3 1 4 0    1   0
4  3 6 4 2 0    1   0
4  5 5 1 2 0    0   1
4  5 6 2 2 0    0   1
5  2 5 4 1 0    1   0
5  3 2 3 4 0    1   0
5  3 4 3 2 60   0   1
5  4 4 2 4 60   0   1
5  4 5 4 3 60   0   1
5  5 5 1 3 0    1   0
6  3 3 4 3 20   0   1
6  3 4 3 2 20   0   1
6  4 5 2 1 20   0   1
6  5 5 1 2 20   0   1
6  6 3 2 4 20   0   1
6  6 5 2 2 0    1   0
7  2 3 4 3 0    1   0
7  3 3 4 3 0    0   1
7  5 2 1 4 0    1   0
7  5 5 2 1 0    1   0
7  5 6 2 2 0    0   1
7  6 3 2 4 0    0   1
8  2 2 1 3 0    1   0
8  2 2 1 4 24   0   1
8  2 2 3 4 0    1   0
8  2 3 4 3 24   0   1
8  2 5 4 1 0    1   0
8  3 4 3 2 24   0   1
8  4 4 2 4 24   0   1
8  4 5 4 3 24   0   1
8  5 5 1 3 0    1   0
9  1 1 1 3 2    0   1
9  2 1 1 1 2    0   1
9  2 2 4 1 2    0   1
9  3 2 3 4 2    0   1
9  4 1 3 3 1    1   0
9  4 3 2 3 2    0   1
9  4 4 3 2 2    0   1
10 1 3 2 1 1    0   1
10 3 3 3 1 3    1   0
10 4 1 1 2 1    0   1
10 4 3 2 3 3    1   0
10 4 4 2 1 1    0   1
11 3 2 3 4 48   0   1
11 4 3 2 3 48   0   1
11 5 2 1 4 2    1   0
11 5 4 1 2 48   0   1
12 1 1 3 2 0    1   0
12 1 3 2 1 0    1   0
12 3 3 3 1 18   0   1
12 4 1 3 3 0    1   0
12 4 3 2 3 18   0   1
12 4 4 3 2 18   0   1
13 2 2 2 1 0    0   1
13 2 2 4 1 26   1   0
13 3 2 1 2 0    0   1
13 3 3 4 1 0    0   1
13 5 2 1 4 26   1   0
13 5 5 2 1 26   1   0
13 5 6 2 2 0    0   1
13 6 3 2 4 0    0   1
14 3 2 3 4 4    0   1
14 4 3 2 3 4    0   1
14 4 4 4 2 4    0   1
14 5 2 1 4 59   1   0
14 5 4 3 4 4    0   1
14 5 5 3 1 59   1   0
15 2 3 4 3 72   0   1
15 3 3 3 2 72   0   1
15 3 6 2 1 72   0   1
15 5 2 1 4 72   0   1
15 5 5 4 1 72   0   1
15 5 6 4 3 52   1   0
15 6 6 1 3 72   0   1
;

