Index = 254
_solve_time = 478.652

:              xp  xb    :=
1  3 3 3 4 13   0   1
1  4 3 2 3 13   0   1
1  5 4 1 2 13   0   1
1  5 5 4 1 13   0   1
1  6 3 2 4 6    1   0
1  6 5 3 4 13   0   1
1  6 6 3 2 6    1   0
2  4 4 2 1 1    1   0
2  4 4 2 3 24   0   1
2  4 4 3 1 24   0   1
3  3 3 4 3 69   0   1
3  3 4 3 2 69   0   1
3  4 4 2 4 69   0   1
3  5 4 3 4 49   1   0
3  5 5 4 3 49   1   0
3  6 3 2 4 69   0   1
3  6 5 3 4 49   1   0
3  6 6 3 2 69   0   1
4  2 2 2 4 27   1   0
4  2 2 3 2 27   1   0
4  2 2 3 4 20   0   1
4  2 3 4 3 20   0   1
4  2 5 4 1 27   1   0
4  3 4 3 2 20   0   1
4  4 5 2 1 20   0   1
5  3 3 2 3 0    1   0
5  3 4 3 2 0    1   0
5  4 4 2 3 0    1   0
5  4 4 4 3 18   0   1
5  5 4 3 4 18   0   1
5  5 5 2 3 18   0   1
5  6 3 1 2 0    1   0
5  6 5 2 2 18   0   1
5  6 6 1 2 18   0   1
6  2 3 4 3 1    1   0
6  2 5 4 1 1    0   1
6  3 3 3 4 1    1   0
6  5 5 1 2 1    0   1
6  5 6 2 2 1    0   1
6  6 3 2 4 1    0   1
7  2 5 4 1 18   0   1
7  3 2 3 4 18   0   1
7  3 4 3 2 0    1   0
7  4 4 1 3 18   0   1
7  4 4 2 1 18   0   1
7  4 4 2 3 0    1   0
7  5 4 1 2 18   0   1
8  5 5 2 1 2    0   1
8  5 5 4 1 20   1   0
8  5 5 4 2 2    0   1
9  1 1 1 2 66   0   1
9  1 1 3 1 66   0   1
9  1 1 3 2 1    1   0
10 1 3 2 1 15   0   1
10 2 1 3 2 15   0   1
10 2 2 3 4 57   1   0
10 2 5 4 1 57   1   0
10 3 3 1 3 15   0   1
10 3 4 3 2 15   0   1
10 4 5 2 1 15   0   1
11 1 1 2 1 0    0   1
11 1 2 1 1 0    0   1
11 2 2 4 1 64   1   0
11 4 1 1 2 0    0   1
11 4 4 4 1 0    0   1
11 5 2 1 4 64   1   0
11 5 4 3 4 0    0   1
11 5 5 3 1 64   1   0
12 5 5 1 2 22   0   1
12 5 5 4 1 22   0   1
12 5 5 4 2 13   1   0
13 2 2 4 2 15   0   1
13 3 2 1 2 41   1   0
13 3 3 3 1 41   1   0
13 3 4 3 2 15   0   1
13 4 5 2 1 15   0   1
13 5 2 1 4 15   0   1
14 3 3 1 2 9    1   0
14 3 3 1 3 12   0   1
14 3 4 3 2 12   0   1
14 3 6 2 1 9    1   0
14 4 5 2 1 12   0   1
14 5 5 1 4 12   0   1
14 6 5 3 4 9    1   0
14 6 6 1 3 9    1   0
15 3 3 4 3 14   0   1
15 3 4 3 2 14   0   1
15 4 5 2 1 14   0   1
15 5 5 1 2 14   0   1
15 6 3 2 4 14   0   1
15 6 5 2 2 0    1   0
;

