Index = 317
_solve_time = 701.988

:              xp  xb    :=
1  3 3 4 3 38   0   1
1  3 4 3 2 38   0   1
1  4 5 2 1 38   0   1
1  5 5 2 1 2    1   0
1  6 3 2 4 38   0   1
1  6 5 2 2 2    1   0
2  2 5 4 1 1    0   1
2  3 2 3 4 1    0   1
2  4 3 2 3 1    0   1
2  4 4 4 2 1    0   1
2  4 5 4 3 1    1   0
2  5 5 1 4 1    0   1
2  5 5 3 4 1    1   0
3  1 1 1 3 0    0   1
3  1 2 1 1 21   1   0
3  1 3 3 3 0    0   1
3  2 2 1 4 21   1   0
3  3 2 3 4 0    0   1
4  2 3 4 3 2    0   1
4  3 4 3 2 2    0   1
4  5 2 1 4 2    0   1
4  5 4 1 2 11   1   0
4  5 5 2 1 11   1   0
4  5 5 4 1 2    0   1
4  5 5 4 2 11   1   0
5  1 1 1 3 28   0   1
5  2 1 1 1 28   0   1
5  2 2 4 1 28   0   1
5  3 2 3 4 28   0   1
5  3 4 3 2 4    1   0
5  4 1 3 3 4    1   0
5  4 4 2 3 4    1   0
6  3 3 4 3 35   0   1
6  4 3 2 3 4    1   0
6  5 4 1 2 4    1   0
6  5 5 2 1 4    1   0
6  5 6 2 2 35   0   1
6  6 3 2 4 35   0   1
7  1 3 2 1 1    0   1
7  2 1 3 2 1    0   1
7  2 2 2 3 1    0   1
7  2 3 2 1 9    1   0
7  3 3 1 2 9    1   0
7  3 3 1 3 1    0   1
7  3 3 3 2 1    0   1
8  1 1 1 3 0    1   0
8  1 2 1 1 0    0   1
8  1 3 3 3 0    1   0
8  2 2 1 4 0    0   1
8  2 5 4 1 0    0   1
8  3 3 3 2 0    1   0
8  3 6 2 1 0    1   0
8  5 5 1 2 0    0   1
8  5 6 2 2 0    0   1
8  6 6 2 1 0    0   1
9  3 3 4 3 0    0   1
9  3 4 3 2 0    0   1
9  5 4 1 2 34   1   0
9  5 5 2 1 34   1   0
9  5 6 2 2 0    0   1
9  6 3 2 4 0    0   1
10 1 2 2 3 24   0   1
10 1 3 2 1 46   1   0
10 2 2 3 2 24   0   1
10 2 3 2 1 24   0   1
11 2 2 2 1 2    1   0
11 2 2 4 1 22   0   1
11 3 2 1 2 2    1   0
11 3 3 2 1 2    1   0
11 5 2 1 4 22   0   1
11 5 5 4 1 22   0   1
11 6 3 1 2 2    1   0
11 6 5 3 4 22   0   1
11 6 6 1 3 22   0   1
12 1 1 2 1 9    1   0
12 1 2 1 1 9    1   0
12 2 2 4 1 1    0   1
12 3 2 3 4 1    0   1
12 4 1 1 2 9    1   0
12 4 3 2 3 1    0   1
12 4 4 1 2 1    0   1
13 1 2 2 3 22   1   0
13 2 2 3 4 22   1   0
13 3 2 3 4 50   0   1
13 4 1 1 2 22   1   0
13 4 3 2 3 50   0   1
13 4 4 1 2 50   0   1
14 2 1 3 2 43   1   0
14 2 2 2 3 43   1   0
14 3 2 1 2 43   1   0
14 3 3 1 3 2    0   1
14 3 4 3 2 2    0   1
14 4 1 1 2 2    0   1
14 4 4 2 1 2    0   1
15 1 3 3 3 37   0   1
15 3 3 3 4 37   0   1
15 3 6 4 2 37   0   1
15 4 1 3 3 37   0   1
15 4 4 3 2 33   1   0
15 4 5 2 1 33   1   0
15 5 5 1 2 33   1   0
15 5 6 2 2 33   1   0
;

