Index = 324
_solve_time = 741.788

:              xp  xb    :=
1  1 3 2 1 20   0   1
1  2 1 3 2 20   0   1
1  2 2 2 3 20   0   1
1  2 3 2 1 28   1   0
2  2 2 3 2 0    0   1
2  2 2 3 4 0    1   0
2  2 3 2 1 0    0   1
2  2 5 4 1 0    1   0
2  3 3 1 2 0    0   1
2  3 6 2 1 0    0   1
2  5 5 1 4 0    1   0
2  5 6 4 3 0    1   0
2  6 6 1 3 0    0   1
3  3 3 3 1 64   1   0
3  3 3 4 1 73   0   1
3  4 3 2 3 64   1   0
3  5 4 1 2 64   1   0
3  5 5 4 1 64   1   0
3  5 6 4 3 73   0   1
3  6 3 2 4 73   0   1
3  6 6 3 2 73   0   1
4  3 3 4 3 1    0   1
4  3 4 3 2 1    0   1
4  5 4 1 2 0    1   0
4  5 5 2 1 0    1   0
4  6 3 2 4 1    0   1
4  6 5 2 2 0    1   0
5  1 2 2 3 0    1   0
5  2 2 4 3 67   0   1
5  4 1 1 2 0    1   0
5  4 4 1 2 67   0   1
5  4 5 2 1 67   0   1
5  5 2 1 4 67   0   1
6  2 3 4 3 20   0   1
6  3 4 3 2 20   0   1
6  4 4 2 4 20   0   1
6  5 2 1 4 20   0   1
6  5 4 3 4 27   1   0
6  5 5 4 1 20   0   1
6  5 5 4 3 27   1   0
7  2 5 4 1 0    0   1
7  3 2 3 4 0    0   1
7  3 3 4 3 0    0   1
7  3 6 4 2 0    1   0
7  5 5 1 2 0    0   1
7  5 6 2 2 0    0   1
8  1 1 1 3 0    0   1
8  1 3 3 3 0    0   1
8  2 1 1 1 0    0   1
8  2 2 1 4 0    1   0
8  2 5 4 1 0    1   0
8  3 4 3 2 0    0   1
8  4 4 2 4 0    0   1
8  5 4 3 4 0    1   0
8  5 5 1 3 0    1   0
9  2 5 4 1 0    0   1
9  3 2 3 4 0    0   1
9  4 3 2 3 0    0   1
9  4 4 4 2 0    0   1
9  4 5 4 3 69   1   0
9  5 5 1 3 0    0   1
10 3 3 2 3 1    0   1
10 3 4 3 2 1    0   1
10 4 4 2 1 1    0   1
10 4 4 4 1 1    1   0
10 5 4 3 4 1    1   0
10 5 5 4 3 1    1   0
10 6 3 1 2 1    0   1
10 6 5 3 4 1    1   0
10 6 6 3 1 1    0   1
11 1 1 1 3 36   0   1
11 2 1 1 1 36   0   1
11 2 2 2 1 36   0   1
11 3 2 1 2 36   0   1
11 3 3 4 1 36   0   1
11 3 3 4 3 1    1   0
11 3 4 3 2 1    1   0
11 4 1 3 3 1    1   0
11 4 4 2 3 1    1   0
12 1 1 3 1 0    0   1
12 1 2 1 1 0    0   1
12 1 3 3 3 23   1   0
12 2 2 1 4 0    0   1
12 2 5 4 1 0    0   1
12 3 3 3 4 23   1   0
12 3 6 4 2 23   1   0
12 5 5 1 2 0    0   1
12 5 6 2 2 0    0   1
13 3 3 2 3 55   1   0
13 4 3 2 3 69   0   1
13 5 4 1 2 69   0   1
13 5 5 2 1 69   0   1
13 6 3 1 2 55   1   0
13 6 5 2 2 69   0   1
13 6 6 1 2 69   0   1
14 3 3 3 4 5    1   0
14 3 6 4 2 5    1   0
14 4 3 2 3 5    1   0
14 4 5 2 1 30   0   1
14 5 5 1 2 30   0   1
14 5 6 2 2 30   0   1
15 2 2 4 2 1    1   0
15 3 2 1 2 8    0   1
15 3 3 3 1 8    0   1
15 4 3 2 3 8    0   1
15 5 2 1 4 1    1   0
15 5 4 1 2 8    0   1
;

