Index = 295
_solve_time = 981.112

:              xp  xb    :=
1  2 2 2 1 6    0   1
1  2 2 4 1 0    1   0
1  2 2 4 2 6    0   1
1  3 2 3 4 6    0   1
1  4 3 2 3 6    0   1
1  5 2 1 4 0    1   0
1  5 4 1 2 6    0   1
2  2 3 4 3 0    1   0
2  3 3 3 1 0    1   0
2  3 3 4 1 60   0   1
2  5 2 1 4 0    1   0
2  5 5 4 1 0    1   0
2  5 5 4 2 60   0   1
2  5 6 2 2 60   0   1
2  6 3 2 4 60   0   1
3  2 3 4 3 20   0   1
3  3 4 3 2 20   0   1
3  4 4 2 4 20   0   1
3  5 2 1 4 20   0   1
3  5 4 3 4 1    1   0
3  5 5 1 3 1    1   0
4  2 1 3 2 13   1   0
4  2 2 2 3 13   1   0
4  3 2 1 2 13   1   0
4  3 3 1 3 9    0   1
4  3 4 3 2 9    0   1
4  4 1 1 2 9    0   1
4  4 4 2 1 9    0   1
5  2 2 4 2 0    0   1
5  2 3 2 1 0    0   1
5  3 3 2 1 0    1   0
5  5 2 1 4 0    0   1
5  5 5 4 1 0    0   1
5  6 3 1 2 0    1   0
5  6 5 3 4 0    0   1
5  6 6 3 1 0    1   0
6  2 3 4 3 13   0   1
6  3 4 3 2 13   0   1
6  4 4 2 1 12   1   0
6  4 4 2 3 13   0   1
6  4 4 3 1 13   0   1
6  5 2 1 4 13   0   1
6  5 4 1 2 12   1   0
7  3 3 2 3 37   0   1
7  3 4 3 2 37   0   1
7  4 4 2 3 37   0   1
7  4 4 4 3 3    1   0
7  5 4 3 4 3    1   0
7  5 5 4 3 3    1   0
7  6 3 1 2 37   0   1
7  6 5 3 4 3    1   0
7  6 6 3 1 37   0   1
8  2 2 1 2 0    0   1
8  2 2 1 4 0    1   0
8  2 3 2 1 0    0   1
8  2 5 4 1 0    1   0
8  3 3 1 4 0    0   1
8  3 6 4 2 0    0   1
8  5 5 1 4 0    1   0
8  5 6 4 3 0    1   0
8  6 6 2 3 0    0   1
9  1 2 2 3 0    0   1
9  1 3 2 1 4    1   0
9  2 2 3 2 0    0   1
9  2 3 2 1 0    0   1
10 3 3 3 2 7    1   0
10 3 6 2 1 7    1   0
10 4 3 2 3 7    1   0
10 4 4 3 2 7    1   0
10 4 4 3 4 0    0   1
10 4 5 4 3 0    0   1
10 5 5 3 2 0    0   1
10 5 6 2 2 0    0   1
10 6 6 2 1 0    0   1
11 2 2 2 4 0    0   1
11 2 3 2 1 11   1   0
11 2 5 4 1 0    0   1
11 3 3 1 2 11   1   0
11 3 6 2 1 11   1   0
11 5 5 1 2 0    0   1
11 5 6 2 2 0    0   1
11 6 6 2 1 0    0   1
12 1 1 2 1 4    0   1
12 2 1 1 1 60   1   0
12 2 2 2 1 60   1   0
12 3 2 1 2 60   1   0
12 3 3 2 1 60   1   0
12 4 1 1 2 4    0   1
12 4 4 4 1 4    0   1
12 5 4 3 4 4    0   1
12 5 5 4 3 4    0   1
12 6 3 1 2 60   1   0
12 6 5 3 4 4    0   1
12 6 6 1 3 4    0   1
13 1 1 1 2 0    0   1
13 1 1 1 3 30   1   0
13 1 1 2 3 0    0   1
14 3 3 2 4 20   1   0
14 3 3 3 4 0    0   1
14 4 3 2 3 0    0   1
14 5 4 1 2 0    0   1
14 5 5 2 1 0    0   1
14 6 3 1 2 20   1   0
14 6 5 2 2 0    0   1
14 6 6 1 2 0    0   1
15 1 1 3 2 60   0   1
15 1 2 2 3 60   0   1
15 1 3 3 3 8    1   0
15 2 2 3 2 60   0   1
15 2 3 2 1 60   0   1
15 3 3 1 2 60   0   1
15 3 3 3 2 8    1   0
;

