Index = 315
_solve_time = 439.552

:              xp  xb    :=
1  2 5 4 1 36   0   1
1  3 2 3 4 36   0   1
1  3 3 3 4 0    1   0
1  3 6 4 2 0    1   0
1  5 5 1 4 36   0   1
1  5 6 4 3 36   0   1
1  6 6 2 3 0    1   0
2  1 2 2 3 0    0   1
2  2 2 2 3 0    1   0
2  3 2 1 2 0    1   0
2  3 3 2 1 0    1   0
2  3 3 2 3 0    0   1
2  3 4 3 2 0    0   1
2  4 1 1 2 0    0   1
2  4 4 2 1 0    0   1
3  2 5 4 1 2    0   1
3  3 2 3 4 2    0   1
3  3 4 3 2 4    1   0
3  5 4 1 2 2    0   1
4  2 2 2 4 0    0   1
4  2 3 2 1 0    1   0
4  2 5 4 1 0    0   1
4  3 3 1 4 0    1   0
4  3 6 4 2 0    1   0
4  5 5 1 2 0    0   1
4  5 6 2 2 0    0   1
5  1 1 2 1 0    0   1
5  2 1 1 1 0    1   0
5  2 2 4 1 0    1   0
5  4 1 1 2 0    0   1
5  4 4 4 1 0    0   1
5  5 2 1 4 0    1   0
5  5 4 3 4 0    0   1
5  5 5 3 1 0    1   0
6  1 3 3 3 0    1   0
6  3 3 3 4 0    1   0
6  3 6 4 2 0    1   0
6  4 1 3 3 0    1   0
6  4 4 3 2 3    0   1
6  4 5 2 1 3    0   1
6  5 5 1 2 3    0   1
6  5 6 2 2 3    0   1
7  1 1 2 1 1    0   1
7  2 1 1 1 0    1   0
7  2 2 3 1 0    1   0
7  2 2 3 4 1    0   1
7  2 5 4 1 1    0   1
7  4 1 1 2 1    0   1
7  4 4 2 1 1    0   1
7  5 4 1 2 1    0   1
8  2 5 4 1 3    0   1
8  3 2 3 4 3    0   1
8  3 3 2 3 3    0   1
8  5 5 1 4 3    0   1
8  6 3 1 2 3    0   1
8  6 5 3 4 1    1   0
8  6 6 3 1 3    0   1
9  2 3 4 3 8    0   1
9  2 5 4 1 44   1   0
9  3 4 3 2 8    0   1
9  4 4 2 4 8    0   1
9  5 4 3 4 44   1   0
9  5 5 1 3 44   1   0
10 3 3 2 1 59   1   0
10 3 3 3 1 41   0   1
10 4 3 2 3 41   0   1
10 5 4 1 2 41   0   1
10 5 5 4 1 41   0   1
10 6 3 1 2 59   1   0
10 6 5 3 4 41   0   1
10 6 6 3 1 59   1   0
11 4 4 1 3 40   1   0
11 4 4 1 4 10   0   1
11 4 4 4 3 10   0   1
12 2 2 2 4 31   1   0
12 2 3 2 1 7    0   1
12 2 5 4 1 31   1   0
12 3 3 1 3 7    0   1
12 3 4 3 2 7    0   1
12 4 4 2 1 31   1   0
12 4 4 2 4 7    0   1
12 4 4 4 1 7    0   1
12 5 4 1 2 31   1   0
13 1 1 1 3 8    0   1
13 2 1 1 1 8    0   1
13 2 2 4 1 8    0   1
13 4 1 3 3 16   1   0
13 4 4 2 3 16   1   0
13 5 2 1 4 8    0   1
13 5 4 1 2 16   1   0
14 2 3 4 3 32   0   1
14 3 3 3 4 32   0   1
14 3 6 4 2 32   0   1
14 5 2 1 4 32   0   1
14 5 5 2 1 32   0   1
14 5 6 2 2 15   1   0
15 1 1 2 1 23   0   1
15 1 2 1 1 23   0   1
15 2 2 4 1 0    1   0
15 3 2 3 4 0    1   0
15 4 1 1 2 23   0   1
15 4 3 2 3 0    1   0
15 4 4 4 1 23   0   1
15 4 4 4 2 0    1   0
;

