Index = 315
_solve_time = 1573.05

:              xp  xb    :=
1  2 3 4 3 20   1   0
1  2 5 4 1 0    0   1
1  3 3 3 2 20   1   0
1  3 6 2 1 20   1   0
1  5 5 1 4 0    0   1
1  5 6 4 3 0    0   1
1  6 6 3 1 0    0   1
2  2 5 4 1 6    0   1
2  3 2 3 4 6    0   1
2  3 3 1 3 18   1   0
2  3 3 2 1 18   1   0
2  3 3 2 3 6    0   1
2  3 4 3 2 18   1   0
2  5 4 1 2 6    0   1
3  1 3 2 1 7    0   1
3  2 1 3 2 7    0   1
3  2 2 2 3 7    0   1
3  2 3 2 1 7    1   0
4  2 2 1 2 0    0   1
4  2 2 1 4 56   1   0
4  2 3 2 1 0    0   1
4  2 5 4 1 56   1   0
4  3 3 1 4 0    0   1
4  3 6 4 2 0    0   1
4  5 5 1 4 56   1   0
4  5 5 2 4 0    0   1
4  6 5 2 2 0    0   1
5  2 3 4 3 0    0   1
5  4 3 2 3 4    1   0
5  5 2 1 4 0    0   1
5  5 4 1 2 4    1   0
5  5 5 2 1 0    0   1
5  5 5 4 1 4    1   0
5  5 5 4 2 0    0   1
6  1 2 2 3 1    0   1
6  2 2 3 2 1    0   1
6  2 2 4 2 0    1   0
6  4 1 1 2 1    0   1
6  4 4 4 1 1    0   1
6  5 2 1 4 0    1   0
6  5 4 3 4 1    0   1
6  5 5 3 1 0    1   0
7  1 1 3 1 28   0   1
7  1 2 1 1 28   0   1
7  1 3 3 3 59   1   0
7  2 2 1 4 28   0   1
7  2 5 4 1 28   0   1
7  3 3 3 4 59   1   0
7  3 6 4 2 59   1   0
7  5 5 1 2 28   0   1
7  6 5 2 2 59   1   0
8  2 2 2 4 66   1   0
8  2 5 4 1 66   1   0
8  3 2 1 2 66   1   0
8  3 3 1 4 0    0   1
8  3 6 4 2 0    0   1
8  5 5 1 4 66   1   0
8  5 5 2 4 0    0   1
8  6 5 2 2 0    0   1
9  2 2 2 4 21   1   0
9  2 3 2 1 1    0   1
9  2 5 4 1 21   1   0
9  3 3 1 4 1    0   1
9  3 6 4 2 1    0   1
9  5 5 1 4 21   1   0
9  5 5 2 4 1    0   1
9  6 5 2 2 1    0   1
10 1 3 2 1 9    1   0
10 3 3 1 2 9    1   0
10 3 6 2 1 9    1   0
10 4 1 1 2 9    1   0
10 4 4 1 2 66   0   1
10 4 5 2 1 66   0   1
10 5 5 1 4 66   0   1
10 5 6 4 3 66   0   1
10 6 6 3 1 66   0   1
11 2 3 4 3 1    0   1
11 3 4 3 2 1    0   1
11 5 2 1 4 1    0   1
11 5 4 1 2 1    1   0
12 2 2 4 2 48   1   0
12 2 3 2 1 48   1   0
12 3 3 4 1 9    0   1
12 5 2 1 4 48   1   0
12 5 5 4 1 48   1   0
12 5 5 4 2 9    0   1
12 5 6 2 2 9    0   1
12 6 3 2 4 9    0   1
13 2 3 4 3 41   0   1
13 3 4 3 2 41   0   1
13 4 4 2 3 41   0   1
13 4 4 4 3 47   1   0
13 5 2 1 4 41   0   1
13 5 4 3 4 47   1   0
13 5 5 2 1 41   0   1
13 5 5 2 3 47   1   0
14 3 2 3 4 0    0   1
14 4 3 2 3 0    0   1
14 4 4 4 2 0    0   1
14 5 2 1 4 39   1   0
14 5 4 3 4 0    0   1
14 5 5 3 1 39   1   0
15 1 1 1 3 0    1   0
15 1 2 1 1 0    0   1
15 1 3 3 3 0    1   0
15 2 2 1 4 0    0   1
15 2 5 4 1 0    0   1
15 3 4 3 2 0    1   0
15 4 4 2 1 0    0   1
15 4 4 2 3 0    1   0
15 4 4 3 1 0    1   0
15 5 4 1 2 0    0   1
;

