Index = 261
_solve_time = 698.016

:              xp  xb    :=
1  1 1 2 3 56   1   0
1  1 2 2 3 0    0   1
1  1 3 3 3 56   1   0
1  2 2 3 4 0    0   1
1  2 3 4 3 0    0   1
2  3 3 3 2 0    0   1
2  3 6 2 1 0    0   1
2  4 3 2 3 0    0   1
2  4 4 4 2 0    0   1
2  4 5 4 3 0    1   0
2  5 5 3 4 0    1   0
2  5 6 4 3 0    1   0
2  6 6 3 1 0    1   0
3  5 5 2 3 7    1   0
3  5 5 2 4 0    0   1
3  5 5 4 3 0    0   1
4  2 3 4 3 2    0   1
4  3 4 3 2 2    0   1
4  4 4 2 1 3    1   0
4  4 4 2 3 2    0   1
4  4 4 3 1 2    0   1
4  5 2 1 4 2    0   1
4  5 4 1 2 3    1   0
5  1 1 1 3 41   0   1
5  1 3 3 3 41   0   1
5  2 1 1 1 41   0   1
5  2 2 2 1 41   0   1
5  2 3 2 1 0    1   0
5  3 3 1 2 0    1   0
5  3 3 3 2 41   0   1
6  1 3 2 1 0    1   0
6  3 3 3 1 12   0   1
6  4 1 1 2 0    1   0
6  4 3 2 3 12   0   1
6  4 4 1 2 12   0   1
7  1 1 2 3 16   0   1
7  2 1 3 2 16   0   1
7  2 2 4 3 16   0   1
7  3 2 3 4 16   0   1
7  4 1 3 3 0    1   0
7  4 3 2 3 16   0   1
7  4 4 4 2 16   0   1
7  4 4 4 3 0    1   0
8  1 3 2 1 1    0   1
8  3 3 1 2 1    0   1
8  3 3 3 2 0    1   0
8  4 1 1 2 1    0   1
8  4 3 2 3 0    1   0
8  4 4 1 2 0    1   0
9  3 3 3 2 48   1   0
9  3 6 2 1 48   1   0
9  4 3 2 3 48   1   0
9  4 5 2 1 0    0   1
9  5 5 1 4 0    0   1
9  5 6 4 3 0    0   1
9  6 6 3 1 0    0   1
10 1 1 1 3 0    1   0
10 1 2 1 1 2    0   1
10 1 3 3 3 0    1   0
10 2 2 1 4 2    0   1
10 2 5 4 1 2    0   1
10 3 4 3 2 0    1   0
10 4 4 2 4 0    1   0
10 5 4 3 4 2    0   1
10 5 5 1 3 2    0   1
11 2 3 4 3 61   0   1
11 3 3 3 4 61   0   1
11 3 6 4 2 61   0   1
11 5 2 1 4 61   0   1
11 5 5 4 1 61   0   1
11 5 6 4 3 58   1   0
11 6 6 3 2 58   1   0
12 1 3 2 1 13   0   1
12 2 1 3 2 13   0   1
12 2 2 3 4 71   1   0
12 2 5 4 1 71   1   0
12 3 3 1 2 13   0   1
12 3 6 2 1 13   0   1
12 5 5 1 4 71   1   0
12 5 6 4 3 71   1   0
12 6 6 1 3 13   0   1
13 1 1 1 2 8    0   1
13 1 2 1 1 23   1   0
13 1 3 2 1 8    0   1
13 2 2 2 1 8    0   1
13 3 2 1 2 8    0   1
14 1 3 2 1 32   0   1
14 2 1 3 2 32   0   1
14 2 2 3 4 5    1   0
14 2 5 4 1 5    1   0
14 3 3 1 2 32   0   1
14 3 6 2 1 32   0   1
14 5 5 1 4 5    1   0
14 5 6 4 3 5    1   0
14 6 6 1 3 32   0   1
15 2 2 4 2 46   1   0
15 3 2 1 2 60   0   1
15 3 3 2 1 60   0   1
15 5 2 1 4 46   1   0
15 5 5 4 1 46   1   0
15 6 3 1 2 60   0   1
15 6 5 3 4 46   1   0
15 6 6 3 1 60   0   1
;

