Index = 363
_solve_time = 668.516

:              xp  xb    :=
1  2 5 4 1 1    0   1
1  3 2 3 4 1    0   1
1  4 3 2 3 1    0   1
1  4 4 4 2 1    0   1
1  4 5 4 3 8    1   0
1  5 5 3 1 8    1   0
2  2 5 4 1 42   0   1
2  3 2 3 4 42   0   1
2  4 3 2 3 42   0   1
2  4 5 2 1 44   1   0
2  5 5 1 2 42   0   1
2  5 5 1 4 44   1   0
2  5 5 2 4 42   0   1
3  3 3 4 3 51   0   1
3  3 4 3 2 51   0   1
3  4 4 2 3 51   0   1
3  4 4 4 3 0    1   0
3  5 4 3 4 0    1   0
3  5 5 4 3 0    1   0
3  6 3 2 4 51   0   1
3  6 5 3 4 0    1   0
3  6 6 3 2 51   0   1
4  2 2 2 3 21   0   1
4  2 2 4 2 21   0   1
4  2 2 4 3 8    1   0
5  2 2 2 1 52   1   0
5  2 2 4 1 0    0   1
5  3 2 1 2 52   1   0
5  3 3 1 3 0    0   1
5  3 4 3 2 0    0   1
5  4 5 2 1 0    0   1
5  5 2 1 4 0    0   1
6  1 1 3 1 0    0   1
6  1 2 1 1 0    0   1
6  1 3 3 3 0    1   0
6  2 2 1 4 0    0   1
6  2 5 4 1 0    0   1
6  3 4 3 2 0    1   0
6  4 5 2 1 0    1   0
6  5 5 1 3 0    0   1
6  5 5 1 4 0    1   0
6  5 5 3 4 0    0   1
7  2 3 4 3 0    1   0
7  2 5 4 1 25   0   1
7  3 4 3 2 0    1   0
7  4 4 1 3 25   0   1
7  4 4 2 1 25   0   1
7  4 4 2 3 0    1   0
7  5 4 1 2 25   0   1
8  1 1 1 3 0    1   0
8  1 2 1 1 30   0   1
8  1 3 3 3 0    1   0
8  2 2 1 4 30   0   1
8  2 3 4 3 30   0   1
9  1 3 2 1 40   0   1
9  3 3 1 4 40   0   1
9  3 6 4 2 40   0   1
9  4 1 1 2 40   0   1
9  4 4 1 4 1    1   0
9  4 5 4 3 1    1   0
9  5 5 3 2 1    1   0
9  5 6 2 2 1    1   0
10 3 3 4 3 15   0   1
10 3 4 3 2 15   0   1
10 4 4 2 4 15   0   1
10 5 4 3 4 26   1   0
10 5 5 2 3 26   1   0
10 6 3 2 4 15   0   1
10 6 5 2 2 26   1   0
11 2 2 2 4 7    0   1
11 2 5 4 1 7    0   1
11 3 2 1 2 7    0   1
11 3 3 1 4 54   1   0
11 3 6 4 2 54   1   0
11 5 5 1 2 7    0   1
11 5 6 2 2 7    0   1
12 1 2 2 3 13   0   1
12 1 3 2 1 49   1   0
12 2 2 3 4 13   0   1
12 2 5 4 1 13   0   1
12 3 3 1 3 49   1   0
12 3 4 3 2 49   1   0
12 4 4 1 3 13   0   1
12 4 4 2 1 13   0   1
12 4 4 2 3 49   1   0
12 5 4 1 2 13   0   1
13 2 2 2 4 31   0   1
13 2 5 4 1 31   0   1
13 3 2 1 2 31   0   1
13 3 3 1 3 8    1   0
13 3 4 3 2 8    1   0
13 4 4 2 3 8    1   0
13 4 4 2 4 31   0   1
13 4 4 4 3 31   0   1
13 5 4 1 2 31   0   1
14 1 1 3 1 2    0   1
14 2 1 1 1 0    1   0
14 2 2 1 4 2    0   1
14 2 5 4 1 2    0   1
14 4 1 3 3 2    0   1
14 4 4 2 3 2    0   1
14 5 4 1 2 2    0   1
15 1 3 3 3 3    1   0
15 3 2 3 4 3    1   0
15 4 1 3 3 3    1   0
15 4 4 3 2 52   0   1
15 4 5 2 1 52   0   1
15 5 2 1 4 52   0   1
;

