Index = 313
_solve_time = 924.872

:              xp  xb    :=
1  2 2 2 4 12   0   1
1  2 2 3 2 12   0   1
1  2 2 3 4 0    1   0
1  2 3 4 3 0    1   0
1  2 5 4 1 12   0   1
1  3 4 3 2 0    1   0
1  4 4 2 4 0    1   0
1  5 4 3 4 12   0   1
1  5 5 1 3 12   0   1
2  1 1 3 1 0    0   1
2  1 2 1 1 0    0   1
2  1 3 3 3 65   1   0
2  2 2 1 4 0    0   1
2  2 5 4 1 0    0   1
2  3 4 3 2 65   1   0
2  4 5 2 1 65   1   0
2  5 5 1 3 65   1   0
2  5 5 1 4 0    0   1
2  5 5 3 4 65   1   0
3  1 1 3 1 0    0   1
3  1 2 1 1 0    0   1
3  1 3 3 3 6    1   0
3  2 2 1 4 0    0   1
3  2 5 4 1 0    0   1
3  3 3 3 4 6    1   0
3  3 6 4 2 6    1   0
3  5 5 1 2 0    0   1
3  5 6 2 2 0    0   1
4  1 2 2 3 0    0   1
4  1 3 2 1 27   1   0
4  2 2 3 2 0    0   1
4  2 3 2 1 0    0   1
5  2 3 4 3 15   0   1
5  2 5 4 1 0    1   0
5  3 4 3 2 15   0   1
5  4 4 2 1 0    1   0
5  4 4 2 4 15   0   1
5  4 4 4 1 15   0   1
5  5 4 1 2 0    1   0
6  2 1 3 2 0    0   1
6  2 2 4 3 0    0   1
6  4 1 1 2 70   1   0
6  4 4 4 1 70   1   0
6  5 2 1 4 0    0   1
6  5 4 3 4 70   1   0
6  5 5 3 1 0    0   1
7  2 2 2 3 20   0   1
7  2 2 4 3 7    1   0
7  3 2 1 2 20   0   1
7  3 3 4 1 20   0   1
7  5 2 1 4 7    1   0
7  5 5 2 1 7    1   0
7  5 6 2 2 20   0   1
7  6 3 2 4 20   0   1
8  1 3 3 3 1    0   1
8  2 5 4 1 1    0   1
8  3 2 3 4 1    0   1
8  4 1 3 3 1    0   1
8  4 4 3 2 19   1   0
8  4 5 2 1 19   1   0
9  2 5 4 1 17   0   1
9  3 2 3 4 17   0   1
9  4 3 2 3 17   0   1
9  4 4 4 2 17   0   1
9  4 5 4 3 71   1   0
9  5 5 3 1 71   1   0
10 3 3 4 3 39   0   1
10 3 4 3 2 39   0   1
10 5 4 1 2 61   1   0
10 5 5 2 1 61   1   0
10 5 6 2 2 39   0   1
10 6 3 2 4 39   0   1
11 2 2 4 2 71   0   1
11 3 2 1 2 2    1   0
11 3 3 2 1 2    1   0
11 5 2 1 4 71   0   1
11 5 5 4 1 71   0   1
11 6 3 1 2 2    1   0
11 6 5 3 4 71   0   1
11 6 6 3 1 2    1   0
12 2 2 2 3 2    1   0
12 2 2 4 3 55   0   1
12 3 2 1 2 2    1   0
12 3 3 2 1 2    1   0
12 5 2 1 4 55   0   1
12 5 5 4 1 55   0   1
12 6 3 1 2 2    1   0
12 6 5 3 4 55   0   1
12 6 6 1 3 55   0   1
13 2 1 3 2 4    0   1
13 2 2 4 3 4    0   1
13 3 2 3 4 4    0   1
13 3 4 3 2 20   1   0
13 4 1 1 2 20   1   0
13 4 4 2 1 20   1   0
14 1 1 2 1 58   1   0
14 2 1 1 1 2    0   1
14 2 2 4 1 2    0   1
14 4 1 1 2 58   1   0
14 4 4 4 1 58   1   0
14 4 4 4 2 2    0   1
14 4 5 2 1 2    0   1
14 5 2 1 4 2    0   1
15 2 5 4 1 43   1   0
15 3 2 3 4 43   1   0
15 3 4 3 2 14   0   1
15 4 5 2 1 14   0   1
15 5 5 1 3 14   0   1
15 5 5 1 4 43   1   0
15 5 5 3 4 14   0   1
;

