Index = 293
_solve_time = 506.444

:              xp  xb    :=
1  3 3 3 4 16   0   1
1  4 3 2 3 16   0   1
1  5 4 1 2 16   0   1
1  5 5 2 1 16   0   1
1  5 6 2 2 27   1   0
1  6 3 2 4 27   1   0
2  3 3 3 2 47   0   1
2  4 3 2 3 47   0   1
2  5 4 1 2 47   0   1
2  5 5 4 1 47   0   1
2  5 6 4 3 0    1   0
2  6 3 1 2 0    1   0
2  6 6 3 1 0    1   0
3  2 2 1 2 3    0   1
3  2 2 1 4 67   1   0
3  2 2 2 4 3    0   1
4  4 4 2 1 48   1   0
4  4 4 2 3 43   0   1
4  4 4 3 1 43   0   1
5  1 1 3 2 0    0   1
5  1 2 2 3 0    0   1
5  1 3 3 3 0    1   0
5  2 2 3 4 0    0   1
5  2 5 4 1 0    0   1
5  3 4 3 2 0    1   0
5  4 5 2 1 0    1   0
5  5 5 1 2 0    1   0
5  5 5 1 4 0    0   1
5  5 5 2 4 0    1   0
6  5 5 3 1 0    1   0
6  5 5 3 4 16   0   1
6  5 5 4 1 16   0   1
7  3 3 4 3 0    0   1
7  3 4 3 2 0    0   1
7  4 4 2 4 0    0   1
7  5 4 3 4 0    1   0
7  5 5 4 3 0    1   0
7  6 3 2 4 0    0   1
7  6 5 3 4 0    1   0
7  6 6 3 2 0    0   1
8  6 6 1 3 3    0   1
8  6 6 2 1 3    0   1
8  6 6 2 3 10   1   0
9  3 3 2 3 8    0   1
9  3 3 4 2 8    0   1
9  3 3 4 3 63   1   0
10 6 6 2 1 13   1   0
10 6 6 2 3 30   0   1
10 6 6 3 1 30   0   1
11 2 3 4 3 69   0   1
11 3 3 4 3 38   1   0
11 5 2 1 4 69   0   1
11 5 5 2 1 69   0   1
11 6 3 2 4 38   1   0
11 6 5 2 2 69   0   1
12 2 2 2 4 6    0   1
12 2 5 4 1 6    0   1
12 3 2 1 2 6    0   1
12 3 3 1 3 57   1   0
12 3 4 3 2 57   1   0
12 4 4 2 3 6    0   1
12 4 4 2 4 57   1   0
12 4 4 4 3 57   1   0
12 5 4 1 2 6    0   1
13 1 1 3 1 0    1   0
13 1 2 1 1 0    1   0
13 1 3 3 3 24   0   1
13 2 2 1 2 0    1   0
13 3 2 1 2 24   0   1
13 3 3 3 1 24   0   1
14 3 3 1 3 11   0   1
14 3 3 1 4 11   1   0
14 3 4 3 2 11   0   1
14 3 6 4 2 11   1   0
14 4 4 2 4 11   0   1
14 4 5 4 3 11   0   1
14 5 5 2 3 11   1   0
14 6 5 2 2 11   1   0
15 1 1 2 1 0    0   1
15 1 2 1 1 0    0   1
15 2 2 4 1 1    1   0
15 4 1 1 2 0    0   1
15 4 4 4 1 0    0   1
15 4 4 4 2 1    1   0
15 4 5 2 1 1    1   0
15 5 2 1 4 1    1   0
;

