Index = 312
_solve_time = 534.2

:              xp  xb    :=
1  4 4 1 2 4    1   0
1  4 4 1 4 0    0   1
1  4 4 4 2 0    0   1
2  2 3 4 3 3    1   0
2  4 3 2 3 0    0   1
2  5 2 1 4 3    1   0
2  5 4 1 2 0    0   1
3  1 2 2 3 0    0   1
3  1 3 2 1 0    1   0
3  2 2 3 4 0    0   1
3  2 5 4 1 0    0   1
3  3 3 1 2 0    1   0
3  3 6 2 1 0    1   0
3  5 5 1 2 0    0   1
3  5 6 2 2 0    0   1
3  6 6 2 1 0    0   1
4  2 3 4 3 0    0   1
4  3 4 3 2 0    0   1
4  4 4 1 3 0    0   1
4  4 4 2 1 0    0   1
4  4 4 2 3 11   1   0
4  5 2 1 4 0    0   1
4  5 4 1 2 11   1   0
5  1 3 2 1 0    0   1
5  2 1 3 2 0    0   1
5  2 2 3 4 3    1   0
5  2 5 4 1 3    1   0
5  3 3 1 2 0    0   1
5  3 6 2 1 0    0   1
5  5 5 1 4 3    1   0
5  5 6 4 3 3    1   0
5  6 6 1 3 0    0   1
6  3 3 2 3 0    0   1
6  3 4 3 2 0    0   1
6  4 4 2 4 0    0   1
6  4 5 4 3 0    0   1
6  5 5 2 3 4    1   0
6  6 3 1 2 0    0   1
6  6 5 2 2 4    1   0
6  6 6 1 2 4    1   0
7  2 5 4 1 5    0   1
7  3 2 3 4 5    0   1
7  3 3 2 3 5    0   1
7  3 3 2 4 1    1   0
7  3 6 4 2 1    1   0
7  5 5 1 2 5    0   1
7  6 5 2 2 1    1   0
8  3 3 2 3 1    1   0
8  3 4 3 2 1    1   0
8  5 4 1 2 1    0   1
8  5 5 2 1 1    0   1
8  6 3 1 2 1    1   0
8  6 5 2 2 1    0   1
8  6 6 1 2 1    0   1
9  3 3 2 3 2    0   1
9  3 4 3 2 2    0   1
9  4 4 2 4 2    0   1
9  4 5 4 3 2    0   1
9  5 5 4 3 38   1   0
9  6 3 1 2 2    0   1
9  6 5 3 4 38   1   0
9  6 6 1 3 38   1   0
10 3 3 4 3 0    0   1
10 3 4 3 2 0    0   1
10 4 5 2 1 0    0   1
10 5 5 1 2 0    0   1
10 6 3 2 4 0    0   1
10 6 5 2 2 13   1   0
11 1 3 2 1 27   0   1
11 3 3 1 4 27   0   1
11 3 3 3 4 0    1   0
11 4 1 1 2 27   0   1
11 4 3 2 3 0    1   0
11 4 4 2 1 27   0   1
12 3 3 4 3 46   0   1
12 3 4 3 2 46   0   1
12 5 4 1 2 8    1   0
12 5 5 2 1 8    1   0
12 5 6 2 2 46   0   1
12 6 3 2 4 46   0   1
13 1 3 2 1 52   1   0
13 3 3 1 2 52   1   0
13 3 3 3 2 52   0   1
13 4 1 1 2 52   1   0
13 4 3 2 3 52   0   1
13 4 4 1 2 52   0   1
14 5 5 3 1 23   1   0
14 5 5 3 4 46   0   1
14 5 5 4 1 46   0   1
15 1 3 3 3 5    1   0
15 4 1 3 3 5    1   0
15 4 3 2 3 0    0   1
15 4 4 3 2 0    0   1
;

