Index = 294
_solve_time = 4140.83

:              xp  xb    :=
1  3 3 2 4 45   0   1
1  3 6 2 1 53   1   0
1  3 6 4 2 45   0   1
1  6 6 1 2 53   1   0
2  1 2 2 3 0    1   0
2  2 2 4 3 46   0   1
2  4 1 1 2 0    1   0
2  4 4 2 1 0    1   0
2  4 5 2 1 46   0   1
2  5 2 1 4 46   0   1
3  2 2 2 4 50   1   0
3  2 3 2 1 0    0   1
3  2 5 4 1 50   1   0
3  3 3 1 4 0    0   1
3  3 6 4 2 0    0   1
3  5 5 1 4 50   1   0
3  5 5 2 4 0    0   1
3  6 5 2 2 0    0   1
4  1 1 3 1 57   0   1
4  1 2 1 1 57   0   1
4  1 3 3 3 23   1   0
4  2 2 1 4 57   0   1
4  2 5 4 1 57   0   1
4  3 4 3 2 23   1   0
4  4 4 1 3 23   1   0
4  4 4 2 1 23   1   0
4  4 4 2 3 57   0   1
4  5 4 1 2 57   0   1
5  3 3 4 3 0    1   0
5  3 4 3 2 0    1   0
5  3 6 4 2 37   0   1
5  5 4 1 2 37   0   1
5  5 5 2 1 37   0   1
5  6 5 2 2 37   0   1
6  5 5 4 2 37   0   1
6  6 5 2 2 62   1   0
6  6 5 3 4 37   0   1
6  6 6 2 3 37   0   1
7  2 3 4 3 40   0   1
7  2 5 4 1 24   1   0
7  3 3 3 4 40   0   1
7  3 6 4 2 40   0   1
7  5 5 1 2 24   1   0
7  6 5 2 2 40   0   1
8  6 6 1 2 42   1   0
8  6 6 1 3 0    0   1
8  6 6 3 2 0    0   1
9  2 2 4 2 33   0   1
9  2 3 2 1 33   0   1
9  2 3 4 3 24   1   0
9  3 3 1 4 33   0   1
9  3 3 3 4 24   1   0
10 4 4 2 3 72   1   0
10 4 4 4 3 0    0   1
10 5 4 1 2 72   1   0
10 5 4 3 4 0    0   1
10 5 5 2 1 72   1   0
10 5 5 2 3 0    0   1
11 3 3 4 3 49   0   1
11 4 3 2 3 70   1   0
11 5 4 1 2 70   1   0
11 5 5 2 1 70   1   0
11 5 6 2 2 49   0   1
11 6 3 2 4 49   0   1
12 1 1 2 1 49   1   0
12 1 1 2 3 50   0   1
12 1 1 3 1 50   0   1
13 2 2 2 3 71   0   1
13 2 2 4 3 0    1   0
13 3 2 1 2 71   0   1
13 3 3 4 1 71   0   1
13 5 2 1 4 0    1   0
13 5 5 4 1 0    1   0
13 6 3 2 4 71   0   1
13 6 5 3 4 0    1   0
13 6 6 3 2 71   0   1
14 3 3 3 2 23   0   1
14 3 6 2 1 23   0   1
14 4 3 2 3 23   0   1
14 4 4 3 2 23   0   1
14 4 4 3 4 0    1   0
14 4 5 4 3 0    1   0
14 5 5 3 4 0    1   0
14 5 6 4 3 0    1   0
14 6 6 1 3 23   0   1
15 1 1 3 2 2    0   1
15 1 2 2 3 2    0   1
15 1 3 3 3 0    1   0
15 2 2 3 4 2    0   1
15 3 2 3 4 0    1   0
;

