Index = 402
_solve_time = 6458.29

:              xp  xb    :=
1  4 4 2 1 3    0   1
1  4 4 4 1 70   1   0
1  5 4 1 2 3    0   1
1  5 4 3 4 70   1   0
1  5 5 4 1 3    0   1
1  5 5 4 3 70   1   0
2  2 1 3 2 31   1   0
2  2 2 2 3 31   1   0
2  3 2 1 2 31   1   0
2  3 3 1 3 62   0   1
2  3 4 3 2 62   0   1
2  4 1 1 2 62   0   1
2  4 4 2 1 62   0   1
3  1 2 2 3 34   1   0
3  1 3 2 1 7    0   1
3  2 2 3 4 34   1   0
3  2 5 4 1 34   1   0
3  3 3 1 4 7    0   1
3  3 6 4 2 7    0   1
3  5 5 1 3 34   1   0
3  5 5 2 3 7    0   1
3  6 5 2 2 7    0   1
4  1 1 3 1 10   0   1
4  1 2 1 1 10   0   1
4  1 3 3 3 28   1   0
4  2 2 1 4 10   0   1
4  2 5 4 1 10   0   1
4  3 4 3 2 28   1   0
4  4 4 2 4 28   1   0
4  5 4 3 4 10   0   1
4  5 5 1 3 10   0   1
5  2 5 4 1 15   0   1
5  3 2 3 4 15   0   1
5  3 3 4 3 15   0   1
5  3 6 4 2 21   1   0
5  5 5 1 2 15   0   1
5  6 5 2 2 21   1   0
6  1 1 2 3 48   0   1
6  2 1 3 2 48   0   1
6  2 2 2 3 48   0   1
6  3 2 1 2 48   0   1
6  3 3 1 3 0    1   0
6  3 4 3 2 0    1   0
6  4 1 3 3 0    1   0
6  4 4 2 3 0    1   0
7  2 3 4 3 0    1   0
7  4 3 2 3 5    0   1
7  4 4 4 2 5    0   1
7  5 2 1 4 0    1   0
7  5 4 3 4 5    0   1
7  5 5 3 1 0    1   0
8  1 2 2 3 39   1   0
8  2 2 4 3 63   0   1
8  3 2 3 4 63   0   1
8  4 1 1 2 39   1   0
8  4 3 2 3 63   0   1
8  4 4 2 1 39   1   0
9  5 5 2 4 9    0   1
9  5 6 2 2 63   1   0
9  5 6 4 3 9    0   1
9  6 6 3 2 9    0   1
10 2 2 2 4 69   0   1
10 2 2 3 2 69   0   1
10 2 2 3 4 47   1   0
10 2 3 4 3 47   1   0
10 2 5 4 1 69   0   1
10 3 4 3 2 47   1   0
10 5 4 1 2 69   0   1
11 2 2 1 2 1    0   1
11 2 2 1 4 26   1   0
11 2 3 2 1 1    0   1
11 2 5 4 1 26   1   0
11 3 3 1 4 1    0   1
11 3 6 4 2 1    0   1
11 5 5 1 2 26   1   0
11 6 5 2 2 1    0   1
12 2 2 1 3 57   0   1
12 2 2 1 4 7    1   0
12 2 2 3 4 57   0   1
12 2 3 4 3 7    1   0
12 2 5 4 1 57   0   1
12 3 4 3 2 7    1   0
12 5 4 1 2 57   0   1
13 1 3 2 1 50   0   1
13 3 3 1 4 50   0   1
13 3 3 3 4 19   1   0
13 4 1 1 2 50   0   1
13 4 3 2 3 19   1   0
13 4 4 4 1 50   0   1
13 4 4 4 2 19   1   0
14 2 2 2 4 2    1   0
14 2 3 2 1 38   0   1
14 2 5 4 1 2    1   0
14 3 3 1 4 38   0   1
14 3 6 4 2 38   0   1
14 5 5 1 2 2    1   0
14 6 5 2 2 38   0   1
15 3 3 2 3 3    1   0
15 3 4 3 2 3    1   0
15 3 6 2 1 20   0   1
15 4 4 2 4 3    1   0
15 5 4 3 4 20   0   1
15 5 5 4 3 20   0   1
15 6 5 3 4 20   0   1
15 6 6 1 3 20   0   1
;

