Index = 286
_solve_time = 2677.62

:              xp  xb    :=
1  1 1 3 2 47   1   0
1  1 3 2 1 47   1   0
1  1 3 3 3 50   0   1
1  3 3 1 2 47   1   0
1  3 3 3 4 50   0   1
1  3 6 2 1 47   1   0
1  3 6 4 2 50   0   1
1  6 6 2 1 50   0   1
2  4 4 2 3 63   0   1
2  4 4 2 4 25   1   0
2  4 4 3 4 63   0   1
3  1 1 2 1 16   0   1
3  2 1 1 1 20   1   0
3  2 2 4 1 20   1   0
3  4 1 1 2 16   0   1
3  4 4 4 1 16   0   1
3  5 2 1 4 20   1   0
3  5 4 3 4 16   0   1
3  5 5 2 3 16   0   1
3  5 5 4 1 20   1   0
3  6 5 2 2 16   0   1
3  6 5 3 4 20   1   0
3  6 6 3 2 16   0   1
4  2 2 1 3 0    0   1
4  2 2 4 1 0    0   1
4  2 2 4 3 49   1   0
5  3 3 4 3 22   0   1
5  3 4 3 2 22   0   1
5  4 4 2 1 22   0   1
5  4 4 4 1 50   1   0
5  5 4 3 4 50   1   0
5  5 5 2 3 50   1   0
5  6 3 2 4 22   0   1
5  6 5 2 2 50   1   0
6  1 1 2 1 22   0   1
6  2 1 1 1 0    1   0
6  2 1 3 2 22   0   1
6  2 2 1 3 22   0   1
7  1 1 3 2 21   1   0
7  1 3 2 1 21   1   0
7  3 3 3 1 69   0   1
7  4 1 3 3 21   1   0
7  4 3 2 3 69   0   1
7  4 4 3 2 69   0   1
8  2 2 2 3 1    0   1
8  2 2 4 3 4    1   0
8  3 2 1 2 1    0   1
8  3 2 3 4 4    1   0
8  3 3 3 1 1    0   1
9  3 3 3 1 0    0   1
9  3 3 4 1 10   1   0
9  3 3 4 3 0    0   1
10 4 4 1 2 33   1   0
10 4 4 1 4 63   0   1
10 4 4 4 2 63   0   1
11 2 2 2 4 68   0   1
11 3 2 1 2 68   0   1
11 3 2 3 4 49   1   0
11 3 3 1 3 49   1   0
12 2 2 4 2 34   1   0
12 3 2 1 2 43   0   1
12 3 3 4 1 43   0   1
12 5 2 1 4 34   1   0
12 5 5 2 1 34   1   0
12 5 6 2 2 43   0   1
12 6 3 2 4 43   0   1
13 3 2 3 4 65   0   1
13 4 3 2 3 65   0   1
13 5 2 1 4 49   1   0
13 5 4 1 2 65   0   1
13 5 5 2 1 65   0   1
13 5 5 4 1 49   1   0
13 5 5 4 2 65   0   1
14 1 3 2 1 1    0   1
14 3 3 1 4 1    0   1
14 3 3 3 2 25   1   0
14 3 6 2 1 25   1   0
14 3 6 4 2 1    0   1
14 4 1 1 2 1    0   1
14 4 3 2 3 25   1   0
14 4 4 1 2 25   1   0
14 6 6 2 1 1    0   1
15 3 3 2 1 47   0   1
15 3 3 4 1 71   1   0
15 6 3 1 2 47   0   1
15 6 3 2 4 71   1   0
15 6 6 3 1 47   0   1
15 6 6 3 2 71   1   0
;

