Index = 329
_solve_time = 3072.33

:              xp  xb    :=
1  1 1 3 2 2    1   0
1  1 2 2 3 2    1   0
1  1 3 3 3 16   0   1
1  2 2 3 4 2    1   0
1  2 5 4 1 2    1   0
1  3 4 3 2 16   0   1
1  4 4 2 4 16   0   1
1  4 5 4 3 16   0   1
1  5 5 1 4 2    1   0
1  5 5 3 4 16   0   1
2  2 2 2 4 63   0   1
2  2 2 3 2 63   0   1
2  2 2 3 4 31   1   0
2  2 3 4 3 31   1   0
2  2 5 4 1 63   0   1
2  3 4 3 2 31   1   0
2  5 4 1 2 63   0   1
3  2 2 4 2 59   0   1
3  3 2 1 2 26   1   0
3  3 3 3 1 26   1   0
3  4 3 2 3 26   1   0
3  4 5 2 1 59   0   1
3  5 2 1 4 59   0   1
4  3 3 4 2 4    1   0
4  6 3 1 2 22   0   1
4  6 3 2 4 4    1   0
4  6 6 2 1 22   0   1
5  1 1 3 1 1    1   0
5  1 1 3 2 31   0   1
5  1 2 1 1 1    1   0
5  1 2 2 3 31   0   1
5  2 2 3 1 31   0   1
6  4 4 2 1 36   1   0
6  4 4 4 1 54   0   1
6  5 4 1 2 36   1   0
6  5 4 3 4 54   0   1
6  5 5 2 1 36   1   0
6  5 5 2 3 54   0   1
7  1 1 2 1 34   0   1
7  2 1 1 1 18   1   0
7  2 1 3 2 34   0   1
7  2 2 4 1 18   1   0
7  2 2 4 3 34   0   1
8  2 2 2 4 9    1   0
8  2 3 2 1 0    0   1
8  2 5 4 1 9    1   0
8  3 3 1 3 0    0   1
8  3 4 3 2 0    0   1
8  4 5 2 1 0    0   1
9  2 2 1 2 6    0   1
9  2 2 1 4 27   1   0
9  2 3 2 1 6    0   1
9  2 5 4 1 27   1   0
9  3 3 1 4 6    0   1
9  3 6 4 2 6    0   1
9  5 5 1 2 27   1   0
9  6 5 2 2 6    0   1
10 1 1 1 2 43   0   1
10 1 2 1 1 50   1   0
10 1 3 2 1 43   0   1
10 2 2 1 4 50   1   0
10 2 5 4 1 50   1   0
10 3 3 1 4 43   0   1
10 3 6 4 2 43   0   1
10 5 5 1 2 50   1   0
10 6 5 2 2 43   0   1
11 1 1 1 2 17   0   1
11 1 1 1 3 32   1   0
11 1 3 2 1 17   0   1
11 1 3 3 3 32   1   0
11 3 3 1 2 17   0   1
11 3 3 3 4 32   1   0
11 3 6 2 1 17   0   1
11 3 6 4 2 32   1   0
11 6 6 1 2 17   0   1
12 1 3 2 1 0    0   1
12 3 3 1 4 0    0   1
12 3 3 3 4 42   1   0
12 4 1 1 2 0    0   1
12 4 3 2 3 42   1   0
12 4 4 2 1 0    0   1
13 5 5 4 2 28   0   1
13 6 5 2 2 70   1   0
13 6 5 3 4 28   0   1
13 6 6 2 3 28   0   1
14 4 4 2 3 15   1   0
14 4 4 4 3 0    0   1
14 5 4 1 2 15   1   0
14 5 4 3 4 0    0   1
14 5 5 2 3 0    0   1
14 5 5 4 1 15   1   0
14 6 5 2 2 0    0   1
14 6 5 3 4 15   1   0
14 6 6 3 2 0    0   1
15 1 1 2 1 55   0   1
15 2 1 1 1 46   1   0
15 2 1 3 2 55   0   1
15 2 2 2 1 46   1   0
15 2 2 2 3 55   0   1
;

