Index = 263
_solve_time = 12799.2

:              xp  xb    :=
1  4 4 1 2 6    0   1
1  4 4 1 4 0    1   0
1  4 5 2 1 6    0   1
1  4 5 4 3 0    1   0
1  5 5 1 3 6    0   1
2  3 3 4 2 23   0   1
2  3 6 2 1 23   0   1
2  3 6 4 2 29   1   0
2  6 6 1 3 23   0   1
2  6 6 2 3 29   1   0
3  3 3 1 2 46   1   0
3  3 3 1 4 24   0   1
3  3 6 2 1 46   1   0
3  3 6 4 2 24   0   1
3  6 6 2 1 24   0   1
4  3 3 3 4 28   0   1
4  4 3 2 3 28   0   1
4  5 4 1 2 28   0   1
4  5 5 1 2 0    1   0
4  5 6 2 2 0    1   0
4  6 3 2 4 0    1   0
5  1 1 1 2 38   1   0
5  1 1 1 3 50   0   1
5  1 3 2 1 38   1   0
5  1 3 3 3 50   0   1
5  3 3 1 4 38   1   0
5  3 3 3 4 50   0   1
6  2 3 4 3 0    0   1
6  2 5 4 1 8    1   0
6  3 3 3 4 0    0   1
6  3 6 4 2 0    0   1
6  5 5 1 2 8    1   0
6  6 5 2 2 0    0   1
7  1 3 2 1 32   1   0
7  2 1 3 2 32   1   0
7  2 2 3 4 0    0   1
7  2 5 4 1 0    0   1
7  3 3 1 2 32   1   0
7  3 6 2 1 32   1   0
7  5 5 1 4 0    0   1
7  5 6 4 3 0    0   1
7  6 6 3 1 0    0   1
8  2 1 3 2 55   1   0
8  2 2 4 3 55   1   0
8  4 1 1 2 22   0   1
8  4 4 4 1 22   0   1
8  5 2 1 4 55   1   0
8  5 4 3 4 22   0   1
8  5 5 2 1 55   1   0
8  5 5 2 3 22   0   1
9  1 1 3 1 18   0   1
9  1 2 1 1 18   0   1
9  1 3 3 3 0    1   0
9  2 2 1 2 18   0   1
9  3 2 1 2 0    1   0
9  3 3 3 1 0    1   0
10 2 5 4 1 53   0   1
10 3 2 3 4 53   0   1
10 4 3 2 3 53   0   1
10 4 5 2 1 27   1   0
11 1 1 3 2 20   1   0
11 1 3 2 1 20   1   0
11 1 3 3 3 23   0   1
11 3 3 3 1 23   0   1
12 1 3 2 1 25   0   1
12 3 3 3 1 22   1   0
12 4 1 1 2 25   0   1
12 4 3 2 3 22   1   0
12 4 4 2 1 25   0   1
13 1 1 3 1 0    1   0
13 2 1 1 1 0    0   1
13 2 2 4 1 0    0   1
13 4 1 3 3 0    1   0
13 4 4 4 3 0    1   0
13 5 2 1 4 0    0   1
13 5 4 3 4 0    1   0
13 5 5 3 1 0    0   1
14 1 1 2 1 21   1   0
14 2 1 1 1 23   0   1
14 2 1 3 2 21   1   0
14 2 2 2 3 21   1   0
14 2 2 4 1 23   0   1
14 3 2 1 2 21   1   0
14 3 2 3 4 23   0   1
14 3 3 1 3 23   0   1
15 1 3 2 1 63   1   0
15 3 3 1 2 63   1   0
15 3 3 3 2 60   0   1
15 4 1 1 2 63   1   0
15 4 3 2 3 60   0   1
15 4 4 1 2 60   0   1
;

