Index = 283
_solve_time = 916.684

:              xp  xb    :=
1  4 4 1 2 32   0   1
1  4 4 1 4 0    1   0
1  4 5 2 1 32   0   1
1  4 5 4 3 0    1   0
1  5 5 1 3 32   0   1
2  2 2 4 2 0    1   0
2  3 2 1 2 0    0   1
2  3 3 3 1 0    0   1
2  4 3 2 3 0    0   1
2  4 5 2 1 0    1   0
2  5 2 1 4 0    1   0
3  1 1 3 2 17   0   1
3  1 3 2 1 17   0   1
3  1 3 3 3 42   1   0
3  3 3 1 4 17   0   1
3  3 3 3 4 42   1   0
4  3 2 3 4 66   0   1
4  4 3 2 3 66   0   1
4  4 4 4 2 66   0   1
4  4 5 4 3 45   1   0
4  5 2 1 4 45   1   0
4  5 5 3 1 45   1   0
5  1 1 3 2 0    0   1
5  1 3 2 1 0    0   1
5  1 3 3 3 0    1   0
5  3 3 1 2 0    0   1
5  3 3 3 4 0    1   0
5  3 6 2 1 0    0   1
5  3 6 4 2 0    1   0
5  6 6 1 3 0    0   1
5  6 6 2 3 0    1   0
6  1 1 2 1 10   0   1
6  2 1 1 1 0    1   0
6  2 1 3 2 10   0   1
6  2 2 2 1 0    1   0
6  2 2 2 3 10   0   1
7  1 3 3 3 7    0   1
7  4 1 3 3 7    0   1
7  4 3 2 3 62   1   0
7  4 4 4 2 62   1   0
7  4 4 4 3 7    0   1
8  3 3 1 2 63   1   0
8  3 3 1 4 6    0   1
8  3 3 4 2 6    0   1
9  2 2 1 2 47   1   0
9  2 2 1 3 1    0   1
9  2 2 3 2 1    0   1
10 3 3 1 2 68   0   1
10 3 3 1 4 10   1   0
10 3 6 2 1 68   0   1
10 3 6 4 2 10   1   0
10 6 6 1 2 68   0   1
11 2 2 1 2 41   1   0
11 2 2 1 4 11   0   1
11 2 3 2 1 41   1   0
11 2 5 4 1 11   0   1
11 3 3 1 2 41   1   0
11 3 6 2 1 41   1   0
11 5 5 1 2 11   0   1
11 5 6 2 2 11   0   1
11 6 6 2 1 11   0   1
12 1 1 3 2 34   1   0
12 1 3 2 1 34   1   0
12 1 3 3 3 15   0   1
12 3 3 3 1 15   0   1
13 5 5 4 2 64   0   1
13 6 5 2 2 27   1   0
13 6 5 3 4 64   0   1
13 6 6 2 3 64   0   1
14 1 1 2 1 1    1   0
14 2 1 1 1 14   0   1
14 2 2 4 1 14   0   1
14 4 1 1 2 1    1   0
14 4 4 4 1 1    1   0
14 5 2 1 4 14   0   1
14 5 4 3 4 1    1   0
14 5 5 3 1 14   0   1
15 1 1 1 3 2    0   1
15 2 1 1 1 2    0   1
15 2 2 4 1 2    0   1
15 3 2 3 4 2    0   1
15 3 4 3 2 3    1   0
15 4 1 3 3 3    1   0
15 4 4 2 3 3    1   0
;

