Index = 282
_solve_time = 24252.6

:              xp  xb    :=
1  4 4 2 4 71   0   1
1  4 5 2 1 24   1   0
1  4 5 4 3 71   0   1
1  5 5 1 3 24   1   0
2  5 5 1 2 15   0   1
2  5 5 1 4 27   1   0
2  5 6 2 2 15   0   1
2  5 6 4 3 27   1   0
2  6 6 2 3 15   0   1
3  1 1 1 3 3    1   0
3  1 2 1 1 0    0   1
3  1 3 3 3 3    1   0
3  2 2 1 4 0    0   1
3  2 5 4 1 0    0   1
3  3 4 3 2 3    1   0
3  4 4 2 4 3    1   0
3  5 4 3 4 0    0   1
3  5 5 1 3 0    0   1
4  5 5 4 2 48   0   1
4  6 5 2 2 30   1   0
4  6 5 3 4 48   0   1
4  6 6 2 3 48   0   1
5  2 3 4 3 37   0   1
5  3 3 3 2 37   0   1
5  5 2 1 4 37   0   1
5  5 5 4 1 37   0   1
5  5 6 4 3 45   1   0
5  6 3 1 2 45   1   0
5  6 6 3 1 45   1   0
6  1 1 1 3 26   0   1
6  1 2 1 1 4    1   0
6  1 3 3 3 26   0   1
6  2 2 1 4 4    1   0
6  2 5 4 1 4    1   0
6  3 4 3 2 26   0   1
6  4 5 2 1 26   0   1
7  3 3 4 2 48   0   1
7  6 3 1 2 26   1   0
7  6 3 2 4 48   0   1
7  6 6 3 1 26   1   0
7  6 6 3 2 48   0   1
8  2 2 1 3 52   0   1
8  2 2 1 4 33   1   0
8  2 2 3 4 52   0   1
8  2 3 4 3 52   0   1
8  2 5 4 1 33   1   0
8  3 4 3 2 52   0   1
8  4 4 2 4 52   0   1
8  4 5 4 3 52   0   1
8  5 5 1 3 33   1   0
9  5 5 4 2 0    0   1
9  5 6 2 2 0    0   1
9  5 6 4 3 2    1   0
9  6 6 2 3 0    0   1
10 3 2 3 4 59   0   1
10 3 3 4 3 59   0   1
10 5 2 1 4 43   1   0
10 5 5 4 1 43   1   0
10 6 3 2 4 59   0   1
10 6 5 3 4 43   1   0
10 6 6 3 2 59   0   1
11 2 1 3 2 19   1   0
11 2 2 2 3 19   1   0
11 3 2 1 2 19   1   0
11 3 3 1 3 9    0   1
11 3 4 3 2 9    0   1
11 4 1 1 2 9    0   1
11 4 4 2 1 9    0   1
12 3 3 3 1 70   0   1
12 3 3 4 1 23   1   0
12 3 3 4 3 70   0   1
13 2 2 2 4 24   0   1
13 2 5 4 1 24   0   1
13 3 2 1 2 24   0   1
13 3 3 1 3 45   1   0
13 3 4 3 2 45   1   0
13 4 5 2 1 45   1   0
14 6 6 1 3 22   0   1
14 6 6 2 1 22   0   1
14 6 6 2 3 23   1   0
15 2 2 4 2 7    1   0
15 3 2 1 2 0    0   1
15 3 2 3 4 7    1   0
15 3 3 2 3 7    1   0
15 3 3 4 1 0    0   1
15 6 3 1 2 7    1   0
15 6 3 2 4 0    0   1
15 6 6 1 2 0    0   1
;

