Index = 392
_solve_time = 2723.06

:              xp  xb    :=
1  5 5 3 2 0    1   0
1  5 5 3 4 2    0   1
1  5 6 2 2 0    1   0
1  5 6 4 3 2    0   1
1  6 6 2 1 0    1   0
1  6 6 3 1 2    0   1
2  2 2 2 3 15   0   1
2  2 2 4 3 54   1   0
2  3 2 1 2 15   0   1
2  3 2 3 4 54   1   0
2  3 3 3 1 15   0   1
3  1 1 2 3 57   0   1
3  2 1 3 2 57   0   1
3  2 2 4 3 57   0   1
3  4 1 3 3 66   1   0
3  4 4 4 3 66   1   0
3  5 2 1 4 57   0   1
3  5 4 3 4 66   1   0
3  5 5 4 1 57   0   1
3  5 5 4 3 66   1   0
4  1 3 2 1 57   0   1
4  3 3 1 2 57   0   1
4  3 3 3 2 0    1   0
4  4 1 1 2 57   0   1
4  4 3 2 3 0    1   0
4  4 4 4 1 57   0   1
4  4 4 4 2 0    1   0
5  1 1 1 3 21   0   1
5  2 1 1 1 21   0   1
5  2 2 4 1 21   0   1
5  4 1 3 3 2    1   0
5  4 4 2 3 2    1   0
5  5 2 1 4 21   0   1
5  5 4 1 2 2    1   0
6  1 1 2 1 37   0   1
6  2 1 1 1 42   1   0
6  2 2 4 1 42   1   0
6  3 2 3 4 42   1   0
6  3 3 2 3 37   0   1
6  3 3 4 3 42   1   0
6  3 4 3 2 37   0   1
6  4 1 1 2 37   0   1
6  4 4 2 1 37   0   1
6  6 3 1 2 37   0   1
6  6 3 2 4 42   1   0
6  6 6 1 2 42   1   0
7  2 2 4 2 34   1   0
7  2 3 2 1 34   1   0
7  2 3 4 3 38   0   1
7  3 3 3 1 38   0   1
8  2 3 4 3 32   0   1
8  3 3 3 2 32   0   1
8  5 2 1 4 32   0   1
8  5 5 4 1 32   0   1
8  5 6 4 3 7    1   0
8  6 3 1 2 7    1   0
8  6 6 3 1 7    1   0
9  2 2 1 4 7    0   1
9  2 2 3 1 7    0   1
9  2 2 3 4 0    1   0
9  2 3 4 3 0    1   0
9  2 5 4 1 7    0   1
9  3 4 3 2 0    1   0
9  4 4 2 3 7    0   1
9  4 4 2 4 0    1   0
9  4 4 4 3 0    1   0
9  5 4 1 2 7    0   1
10 2 2 2 3 26   1   0
10 2 2 4 3 21   0   1
10 3 2 1 2 26   1   0
10 3 2 3 4 21   0   1
10 3 3 4 1 26   1   0
10 3 3 4 3 21   0   1
11 1 1 1 2 61   0   1
11 1 1 1 3 56   1   0
11 1 3 2 1 61   0   1
11 1 3 3 3 56   1   0
11 3 3 1 2 61   0   1
11 3 3 3 4 56   1   0
11 3 6 2 1 61   0   1
11 3 6 4 2 56   1   0
11 6 6 1 2 61   0   1
12 4 4 2 1 26   1   0
12 4 4 4 1 53   0   1
12 5 4 1 2 26   1   0
12 5 4 3 4 53   0   1
12 5 5 1 3 53   0   1
13 4 4 3 2 43   0   1
13 4 4 3 4 3    1   0
13 4 5 2 1 43   0   1
13 4 5 4 3 3    1   0
13 5 5 1 2 43   0   1
13 5 5 3 2 3    1   0
14 4 4 2 3 32   1   0
14 4 4 4 3 71   0   1
14 5 4 1 2 32   1   0
14 5 4 3 4 71   0   1
14 5 5 1 3 71   0   1
15 5 5 4 2 22   1   0
15 5 6 2 2 22   1   0
15 5 6 4 3 22   0   1
15 6 6 3 2 22   0   1
;

