Index = 314
_solve_time = 1779.14

:              xp  xb    :=
1  5 5 2 3 69   1   0
1  5 5 2 4 0    0   1
1  5 5 4 3 0    0   1
2  1 3 2 1 0    1   0
2  3 3 3 1 48   0   1
2  4 1 1 2 0    1   0
2  4 3 2 3 48   0   1
2  4 4 1 2 48   0   1
3  1 1 1 3 36   0   1
3  1 1 2 1 36   0   1
3  1 1 2 3 68   1   0
4  1 1 3 2 4    0   1
4  1 2 2 3 4    0   1
4  1 3 3 3 4    1   0
4  2 2 3 4 4    0   1
4  2 5 4 1 4    0   1
4  3 4 3 2 4    1   0
4  4 4 2 4 4    1   0
4  5 4 3 4 4    0   1
4  5 5 1 3 4    0   1
5  1 2 2 3 29   0   1
5  2 2 4 3 16   1   0
5  4 1 1 2 29   0   1
5  4 4 4 1 29   0   1
5  5 2 1 4 16   1   0
5  5 4 3 4 29   0   1
5  5 5 2 1 16   1   0
5  5 5 2 3 29   0   1
6  1 1 2 3 45   0   1
6  1 3 3 3 45   0   1
6  2 1 3 2 45   0   1
6  2 2 3 4 65   1   0
6  2 5 4 1 65   1   0
6  3 4 3 2 45   0   1
6  4 4 2 4 45   0   1
6  4 5 4 3 45   0   1
6  5 5 1 3 65   1   0
7  2 2 2 4 26   0   1
7  2 3 2 1 19   1   0
7  2 3 4 3 26   0   1
7  3 3 1 2 19   1   0
7  3 3 3 4 26   0   1
7  3 6 2 1 19   1   0
7  3 6 4 2 26   0   1
7  6 6 2 1 26   0   1
8  3 2 3 4 70   0   1
8  4 3 2 3 70   0   1
8  5 2 1 4 9    1   0
8  5 4 1 2 70   0   1
9  1 1 1 3 10   0   1
9  1 1 2 3 27   1   0
9  2 1 1 1 10   0   1
9  2 1 3 2 27   1   0
9  2 2 4 1 10   0   1
9  2 2 4 3 27   1   0
10 2 2 1 4 0    0   1
10 2 2 3 1 0    0   1
10 2 2 3 4 49   1   0
10 2 3 4 3 0    0   1
10 2 5 4 1 49   1   0
10 3 4 3 2 0    0   1
10 4 5 2 1 0    0   1
11 4 4 2 3 69   1   0
11 4 4 4 3 1    0   1
11 5 4 1 2 69   1   0
11 5 4 3 4 1    0   1
11 5 5 2 3 1    0   1
11 5 5 4 1 69   1   0
11 6 5 2 2 1    0   1
11 6 5 3 4 69   1   0
11 6 6 3 2 1    0   1
12 2 1 3 2 67   1   0
12 2 2 4 3 67   1   0
12 4 1 1 2 46   0   1
12 4 4 4 1 46   0   1
12 5 2 1 4 67   1   0
12 5 4 3 4 46   0   1
12 5 5 2 1 67   1   0
12 5 5 2 3 46   0   1
13 1 1 2 1 19   0   1
13 2 1 1 1 0    1   0
13 2 2 4 1 0    1   0
13 3 2 3 4 0    1   0
13 3 4 3 2 19   0   1
13 4 1 1 2 19   0   1
13 4 4 2 1 19   0   1
14 1 3 2 1 7    0   1
14 3 3 1 4 7    0   1
14 3 3 3 4 4    1   0
14 4 1 1 2 7    0   1
14 4 3 2 3 4    1   0
14 4 4 2 1 7    0   1
15 4 4 3 2 6    1   0
15 4 4 3 4 50   0   1
15 4 5 2 1 6    1   0
15 4 5 4 3 50   0   1
15 5 5 3 1 50   0   1
;

