Index = 324
_solve_time = 1896.19

:              xp  xb    :=
1  2 3 4 3 0    1   0
1  2 5 4 1 0    0   1
1  3 3 3 4 0    1   0
1  3 6 4 2 0    1   0
1  5 5 1 2 0    0   1
1  5 6 2 2 0    0   1
2  1 2 2 3 15   0   1
2  2 2 3 4 15   0   1
2  4 1 1 2 15   0   1
2  4 4 1 2 0    1   0
2  4 5 2 1 0    1   0
2  5 2 1 4 0    1   0
3  6 6 1 2 68   1   0
3  6 6 1 3 2    0   1
3  6 6 3 2 2    0   1
4  1 1 2 1 4    0   1
4  2 1 1 1 47   1   0
4  2 1 3 2 4    0   1
4  2 2 2 3 4    0   1
4  2 2 4 1 47   1   0
4  3 2 1 2 4    0   1
4  3 2 3 4 47   1   0
4  3 3 2 3 47   1   0
4  3 3 4 1 4    0   1
4  6 3 1 2 47   1   0
4  6 3 2 4 4    0   1
4  6 6 1 2 4    0   1
5  2 3 4 3 15   0   1
5  3 3 3 2 15   0   1
5  5 2 1 4 15   0   1
5  5 5 4 1 15   0   1
5  5 6 4 3 0    1   0
5  6 3 1 2 0    1   0
5  6 6 3 1 0    1   0
6  1 1 3 2 67   0   1
6  1 2 2 3 67   0   1
6  1 3 3 3 46   1   0
6  2 2 3 4 67   0   1
6  2 5 4 1 67   0   1
6  3 4 3 2 46   1   0
6  4 4 2 4 46   1   0
6  4 5 4 3 46   1   0
6  5 5 1 3 67   0   1
7  3 2 3 4 25   1   0
7  4 3 2 3 25   1   0
7  4 4 4 2 25   1   0
7  4 5 4 3 5    0   1
7  5 2 1 4 5    0   1
7  5 5 3 1 5    0   1
8  2 3 4 3 62   0   1
8  2 5 4 1 16   1   0
8  3 4 3 2 62   0   1
8  4 5 2 1 62   0   1
9  2 2 1 2 17   1   0
9  2 2 1 4 73   0   1
9  2 3 2 1 17   1   0
9  2 3 4 3 73   0   1
9  3 3 1 4 17   1   0
9  3 3 3 4 73   0   1
10 2 5 4 1 32   0   1
10 3 2 3 4 32   0   1
10 3 4 3 2 11   1   0
10 4 4 2 4 11   1   0
10 4 5 4 3 11   1   0
10 5 5 1 3 32   0   1
11 4 4 2 1 63   1   0
11 4 4 2 3 27   0   1
11 4 4 3 1 27   0   1
12 4 4 1 2 7    0   1
12 4 4 1 4 10   1   0
12 4 4 2 4 7    0   1
13 2 2 1 2 37   0   1
13 2 2 1 4 27   1   0
13 2 2 2 4 37   0   1
13 2 3 4 3 27   1   0
13 2 5 4 1 37   0   1
13 3 4 3 2 27   1   0
13 4 4 2 4 27   1   0
13 5 4 3 4 37   0   1
13 5 5 1 3 37   0   1
14 3 3 4 3 17   1   0
14 3 4 3 2 17   1   0
14 3 6 4 2 6    0   1
14 4 4 2 3 17   1   0
14 4 4 4 3 6    0   1
14 5 4 3 4 6    0   1
14 5 5 2 3 6    0   1
14 6 5 2 2 6    0   1
15 1 3 2 1 62   0   1
15 2 1 3 2 62   0   1
15 2 2 2 3 62   0   1
15 2 3 2 1 1    1   0
;

