Index = 284
_solve_time = 20921.4

:              xp  xb    :=
1  2 2 4 2 52   1   0
1  2 3 2 1 52   1   0
1  3 3 3 1 70   0   1
1  4 3 2 3 70   0   1
1  5 2 1 4 52   1   0
1  5 4 1 2 70   0   1
2  4 4 4 2 46   0   1
2  5 4 1 2 14   1   0
2  5 4 3 4 46   0   1
2  5 5 3 1 14   1   0
3  2 2 2 4 47   0   1
3  2 5 4 1 47   0   1
3  3 2 1 2 47   0   1
3  3 3 1 3 67   1   0
3  3 4 3 2 67   1   0
3  5 4 1 2 47   0   1
4  5 5 1 4 54   0   1
4  5 5 3 1 54   0   1
4  5 5 3 4 2    1   0
5  2 3 4 3 37   1   0
5  2 5 4 1 0    0   1
5  3 3 3 2 37   1   0
5  3 6 2 1 37   1   0
5  5 5 1 2 0    0   1
5  5 6 2 2 0    0   1
5  6 6 2 1 0    0   1
6  1 3 2 1 13   0   1
6  3 3 1 2 13   0   1
6  3 3 3 2 2    1   0
6  4 1 1 2 13   0   1
6  4 3 2 3 2    1   0
6  4 4 4 1 13   0   1
6  4 4 4 2 2    1   0
7  2 2 4 2 54   1   0
7  3 2 1 2 3    0   1
7  3 3 4 1 3    0   1
7  5 2 1 4 54   1   0
7  5 5 4 1 54   1   0
7  5 6 4 3 3    0   1
7  6 3 2 4 3    0   1
7  6 6 3 2 3    0   1
8  1 1 3 2 58   1   0
8  1 3 2 1 58   1   0
8  1 3 3 3 37   0   1
8  3 3 3 1 37   0   1
9  2 3 4 3 9    0   1
9  4 3 2 3 56   1   0
9  4 5 2 1 9    0   1
9  5 2 1 4 9    0   1
10 4 4 4 2 56   0   1
10 4 5 2 1 56   0   1
10 4 5 4 3 19   1   0
10 5 5 1 3 56   0   1
11 1 1 2 3 26   0   1
11 1 3 3 3 26   0   1
11 2 1 3 2 26   0   1
11 2 2 3 4 17   1   0
11 2 5 4 1 17   1   0
11 3 4 3 2 26   0   1
11 4 4 2 4 26   0   1
11 4 5 4 3 26   0   1
11 5 5 1 3 17   1   0
12 1 1 3 2 6    0   1
12 1 2 2 3 6    0   1
12 1 3 3 3 68   1   0
12 2 2 3 4 6    0   1
12 2 5 4 1 6    0   1
12 3 4 3 2 68   1   0
12 4 4 2 1 68   1   0
12 4 4 2 3 6    0   1
12 4 4 3 1 6    0   1
12 5 4 1 2 6    0   1
13 4 4 4 2 73   0   1
13 5 4 1 2 4    1   0
13 5 4 3 4 73   0   1
13 5 5 2 1 4    1   0
13 5 5 2 3 73   0   1
14 2 2 4 2 3    0   1
14 3 2 1 2 14   1   0
14 3 3 3 1 14   1   0
14 4 3 2 3 14   1   0
14 4 5 2 1 3    0   1
14 5 2 1 4 3    0   1
15 5 5 1 2 67   1   0
15 5 5 1 4 13   0   1
15 5 5 4 2 13   0   1
;

