Index = 273
_solve_time = 1717.09

:              xp  xb    :=
1  2 2 4 2 25   0   1
1  3 2 1 2 0    1   0
1  3 3 4 1 0    1   0
1  5 2 1 4 25   0   1
1  5 5 2 1 25   0   1
1  6 3 2 4 0    1   0
1  6 5 2 2 25   0   1
2  2 3 4 3 62   1   0
2  2 5 4 1 15   0   1
2  3 4 3 2 62   1   0
2  4 4 2 4 62   1   0
2  5 4 3 4 15   0   1
2  5 5 1 3 15   0   1
3  3 3 3 4 45   1   0
3  3 6 4 2 45   1   0
3  4 3 2 3 45   1   0
3  4 4 3 2 45   1   0
3  4 4 3 4 69   0   1
3  4 5 4 3 69   0   1
3  5 5 3 2 69   0   1
3  5 6 2 2 69   0   1
4  4 4 1 2 66   0   1
4  4 4 1 4 40   1   0
4  4 5 2 1 66   0   1
4  4 5 4 3 40   1   0
4  5 5 1 2 66   0   1
4  5 5 3 2 40   1   0
5  1 1 1 2 4    0   1
5  1 1 1 3 0    1   0
5  1 1 2 3 4    0   1
6  3 3 1 3 2    1   0
6  3 3 1 4 1    0   1
6  3 4 3 2 2    1   0
6  3 6 4 2 1    0   1
6  4 4 2 1 2    1   0
6  4 4 4 1 1    0   1
6  5 4 3 4 1    0   1
6  5 5 2 3 1    0   1
6  6 5 2 2 1    0   1
7  3 3 3 2 70   0   1
7  3 6 2 1 70   0   1
7  4 3 2 3 70   0   1
7  4 5 2 1 0    1   0
7  5 5 1 4 0    1   0
7  5 6 4 3 0    1   0
7  6 6 1 3 70   0   1
8  1 1 2 3 1    0   1
8  1 3 2 1 74   1   0
8  1 3 3 3 1    0   1
8  3 3 1 4 74   1   0
8  3 3 3 4 1    0   1
9  1 1 1 2 21   0   1
9  2 1 1 1 21   0   1
9  2 1 3 2 1    1   0
9  2 2 1 3 1    1   0
10 2 1 3 2 17   0   1
10 2 2 2 3 17   0   1
10 3 2 1 2 17   0   1
10 3 3 4 1 17   0   1
10 3 3 4 3 71   1   0
10 3 4 3 2 71   1   0
10 4 1 1 2 71   1   0
10 4 4 2 1 71   1   0
11 1 2 2 3 61   0   1
11 1 3 2 1 0    1   0
11 2 2 3 4 61   0   1
11 2 5 4 1 61   0   1
11 3 3 1 2 0    1   0
11 3 6 2 1 0    1   0
11 5 5 1 4 61   0   1
11 5 6 4 3 61   0   1
11 6 6 1 3 0    1   0
12 1 1 1 3 70   0   1
12 1 2 1 1 59   1   0
12 1 3 3 3 70   0   1
12 2 2 1 4 59   1   0
12 2 5 4 1 59   1   0
12 3 4 3 2 70   0   1
12 4 4 2 3 59   1   0
12 4 4 2 4 70   0   1
12 4 4 4 3 70   0   1
12 5 4 1 2 59   1   0
13 1 2 2 3 3    0   1
13 1 3 2 1 9    1   0
13 2 2 3 4 3    0   1
13 2 5 4 1 3    0   1
13 3 3 1 3 9    1   0
13 3 4 3 2 9    1   0
13 4 4 2 1 9    1   0
13 4 4 2 3 3    0   1
13 4 4 3 1 3    0   1
13 5 4 1 2 3    0   1
14 5 5 1 2 2    1   0
14 5 5 1 3 29   0   1
14 5 5 3 2 29   0   1
15 2 2 2 4 42   0   1
15 2 5 4 1 42   0   1
15 3 2 1 2 42   0   1
15 3 3 1 3 25   1   0
15 3 4 3 2 25   1   0
15 4 4 2 1 42   0   1
15 4 4 2 4 25   1   0
15 4 4 4 1 25   1   0
15 5 4 1 2 42   0   1
;

