Index = 239
_solve_time = 774.44

:              xp  xb    :=
1  4 4 1 3 14   0   1
1  4 4 2 1 14   0   1
1  4 4 2 3 0    1   0
2  1 1 3 2 31   0   1
2  1 2 2 3 31   0   1
2  1 3 3 3 0    1   0
2  2 2 3 4 31   0   1
2  2 5 4 1 31   0   1
2  3 4 3 2 0    1   0
2  5 4 1 2 31   0   1
3  1 1 3 1 67   0   1
3  2 1 1 1 45   1   0
3  2 2 4 1 45   1   0
3  4 1 3 3 67   0   1
3  4 4 4 3 67   0   1
3  5 2 1 4 45   1   0
3  5 4 3 4 67   0   1
3  5 5 2 1 45   1   0
3  5 5 2 3 67   0   1
4  1 1 2 1 0    0   1
4  1 2 1 1 0    0   1
4  1 2 2 3 0    1   0
4  2 2 1 3 0    0   1
5  4 4 3 2 5    0   1
5  4 4 4 2 16   1   0
5  4 4 4 3 5    0   1
6  2 2 4 2 1    1   0
6  3 2 1 2 1    0   1
6  3 3 3 1 1    0   1
6  4 3 2 3 1    0   1
6  5 2 1 4 1    1   0
6  5 4 1 2 1    0   1
7  2 2 2 4 67   0   1
7  2 3 2 1 3    1   0
7  2 3 4 3 67   0   1
7  3 3 1 4 3    1   0
7  3 3 3 2 67   0   1
7  3 6 2 1 67   0   1
7  3 6 4 2 3    1   0
7  6 6 2 1 3    1   0
8  1 1 1 2 5    0   1
8  1 1 3 1 5    0   1
8  1 1 3 2 4    1   0
9  5 5 2 4 0    0   1
9  5 6 2 2 2    1   0
9  5 6 4 3 0    0   1
9  6 6 3 2 0    0   1
10 1 1 3 1 70   0   1
10 1 2 1 1 70   0   1
10 1 3 3 3 66   1   0
10 2 2 1 4 70   0   1
10 2 5 4 1 70   0   1
10 3 4 3 2 66   1   0
10 4 4 2 4 66   1   0
10 5 4 3 4 70   0   1
10 5 5 1 3 70   0   1
11 4 4 3 1 28   1   0
11 4 4 3 4 0    0   1
11 4 4 4 1 0    0   1
12 5 5 1 3 6    1   0
12 5 5 1 4 60   0   1
12 5 5 4 3 60   0   1
13 1 1 2 3 8    0   1
13 1 3 3 3 8    0   1
13 2 1 3 2 8    0   1
13 2 2 3 4 63   1   0
13 2 3 4 3 63   1   0
14 1 1 3 1 27   0   1
14 2 1 1 1 6    1   0
14 2 2 4 1 6    1   0
14 3 2 3 4 6    1   0
14 3 3 4 3 6    1   0
14 4 1 3 3 27   0   1
14 4 4 2 3 27   0   1
14 5 4 1 2 27   0   1
14 5 5 2 1 27   0   1
14 6 3 2 4 6    1   0
14 6 5 2 2 27   0   1
15 3 3 4 3 25   0   1
15 3 4 3 2 25   0   1
15 3 6 4 2 0    1   0
15 4 5 2 1 25   0   1
15 5 5 1 2 25   0   1
15 6 5 2 2 0    1   0
;

