Index = 257
_solve_time = 1154.03

:              xp  xb    :=
1  2 2 1 2 50   0   1
1  2 2 1 4 1    1   0
1  2 3 2 1 50   0   1
1  2 5 4 1 1    1   0
1  3 3 1 3 50   0   1
1  3 4 3 2 50   0   1
1  4 4 2 1 50   0   1
1  4 4 2 3 1    1   0
1  4 4 3 1 1    1   0
1  5 4 1 2 1    1   0
2  3 3 2 3 16   0   1
2  3 3 2 4 10   1   0
2  3 3 3 4 16   0   1
3  2 2 1 2 54   0   1
3  2 2 1 4 36   1   0
3  2 3 2 1 54   0   1
3  2 5 4 1 36   1   0
3  3 3 1 4 54   0   1
3  3 6 4 2 54   0   1
3  5 5 1 4 36   1   0
3  5 6 4 3 36   1   0
3  6 6 2 3 54   0   1
4  3 3 2 4 0    0   1
4  3 6 2 1 59   1   0
4  3 6 4 2 0    0   1
4  6 6 1 3 59   1   0
4  6 6 2 3 0    0   1
5  1 1 3 1 57   0   1
5  1 2 1 1 57   0   1
5  1 3 3 3 61   1   0
5  2 2 1 4 57   0   1
5  2 5 4 1 57   0   1
5  3 4 3 2 61   1   0
5  4 4 2 3 61   1   0
5  4 4 4 3 57   0   1
5  5 4 3 4 57   0   1
5  5 5 1 3 57   0   1
6  4 4 3 2 0    0   1
6  4 4 3 4 0    1   0
6  4 5 2 1 0    0   1
6  4 5 4 3 0    1   0
6  5 5 1 4 0    0   1
6  5 5 3 4 0    1   0
7  5 5 4 2 0    1   0
7  5 6 2 2 0    1   0
7  5 6 4 3 0    0   1
7  6 6 3 2 0    0   1
8  5 5 2 4 0    0   1
8  5 5 3 2 0    0   1
8  5 5 3 4 10   1   0
9  1 1 3 2 44   0   1
9  4 1 1 2 57   1   0
9  4 1 3 3 44   0   1
9  4 4 3 1 57   1   0
10 2 2 1 2 6    1   0
10 2 2 1 4 9    0   1
10 2 3 2 1 6    1   0
10 2 5 4 1 9    0   1
10 3 3 1 2 6    1   0
10 3 6 2 1 6    1   0
10 5 5 1 2 9    0   1
10 5 6 2 2 9    0   1
10 6 6 2 1 9    0   1
11 3 3 4 3 36   0   1
11 3 4 3 2 36   0   1
11 4 4 2 1 36   0   1
11 4 4 4 1 40   1   0
11 5 4 3 4 40   1   0
11 5 5 2 3 40   1   0
11 6 3 2 4 36   0   1
11 6 5 2 2 40   1   0
12 5 5 3 1 3    1   0
12 5 5 3 4 71   0   1
12 5 5 4 1 71   0   1
13 4 4 4 2 60   0   1
13 5 4 1 2 37   1   0
13 5 4 3 4 60   0   1
13 5 5 3 1 37   1   0
14 2 2 1 2 0    1   0
14 2 2 1 3 59   0   1
14 2 2 3 2 59   0   1
15 2 2 2 3 25   1   0
15 2 2 4 3 32   0   1
15 3 2 1 2 25   1   0
15 3 2 3 4 32   0   1
15 3 3 1 3 32   0   1
;

