Index = 225
_solve_time = 1505.63

:              xp  xb    :=
1  2 2 2 1 9    1   0
1  2 2 4 1 25   0   1
1  3 2 1 2 9    1   0
1  3 2 3 4 25   0   1
1  3 3 2 1 9    1   0
1  3 3 2 3 25   0   1
2  4 4 3 2 5    0   1
2  4 4 3 4 0    1   0
2  4 5 2 1 5    0   1
2  4 5 4 3 0    1   0
2  5 5 1 4 5    0   1
2  5 5 3 4 0    1   0
3  2 3 4 3 3    1   0
3  2 5 4 1 70   0   1
3  3 4 3 2 3    1   0
3  4 4 2 1 3    1   0
3  4 4 2 3 70   0   1
3  4 4 3 1 70   0   1
3  5 4 1 2 70   0   1
4  4 4 1 2 59   0   1
4  4 4 1 3 40   1   0
4  4 4 2 3 59   0   1
5  3 3 1 2 0    1   0
5  3 3 1 3 17   0   1
5  3 3 3 2 17   0   1
6  1 1 1 2 68   0   1
6  1 2 1 1 0    1   0
6  1 2 2 3 68   0   1
6  2 2 1 2 0    1   0
6  2 2 3 2 68   0   1
7  3 3 2 3 4    1   0
7  3 4 3 2 4    1   0
7  3 6 2 1 0    0   1
7  4 4 2 3 4    1   0
7  4 4 4 3 0    0   1
7  5 4 3 4 0    0   1
7  5 5 4 3 0    0   1
7  6 5 3 4 0    0   1
7  6 6 1 3 0    0   1
8  2 2 2 1 45   0   1
8  2 2 4 1 4    1   0
8  2 2 4 2 45   0   1
9  2 2 1 2 58   0   1
9  2 2 1 4 39   1   0
9  2 3 2 1 58   0   1
9  2 5 4 1 39   1   0
9  3 3 1 4 58   0   1
9  3 6 4 2 58   0   1
9  5 5 1 2 39   1   0
9  5 6 2 2 39   1   0
10 4 4 2 1 21   0   1
10 4 4 4 1 59   1   0
10 5 4 1 2 21   0   1
10 5 4 3 4 59   1   0
10 5 5 3 1 21   0   1
11 1 1 3 2 21   0   1
11 4 1 1 2 40   1   0
11 4 1 3 3 21   0   1
11 4 4 2 1 40   1   0
11 4 4 2 3 21   0   1
12 1 1 2 1 70   1   0
12 1 1 3 1 67   0   1
12 4 1 1 2 70   1   0
12 4 1 3 3 67   0   1
12 4 4 2 1 70   1   0
12 4 4 2 3 67   0   1
13 3 2 3 4 11   0   1
13 3 3 4 3 11   0   1
13 5 2 1 4 23   1   0
13 5 5 4 1 23   1   0
13 6 3 2 4 11   0   1
13 6 5 3 4 23   1   0
13 6 6 3 2 11   0   1
14 1 1 2 1 5    0   1
14 2 1 1 1 0    1   0
14 2 2 4 1 0    1   0
14 4 1 1 2 5    0   1
14 4 4 4 1 5    0   1
14 5 2 1 4 0    1   0
14 5 4 3 4 5    0   1
14 5 5 2 1 0    1   0
14 5 5 2 3 5    0   1
15 1 2 2 3 0    1   0
15 1 3 2 1 0    0   1
15 2 2 3 4 0    1   0
15 2 5 4 1 0    1   0
15 3 3 1 4 0    0   1
15 3 6 4 2 0    0   1
15 5 5 1 4 0    1   0
15 5 5 2 4 0    0   1
15 6 5 2 2 0    0   1
;

