Index = 372
_solve_time = 33053.2

:              xp  xb    :=
1  1 3 2 1 70   0   1
1  2 1 3 2 70   0   1
1  2 2 3 4 23   1   0
1  2 5 4 1 23   1   0
1  3 3 1 2 70   0   1
1  3 6 2 1 70   0   1
1  5 5 1 4 23   1   0
1  6 5 3 4 70   0   1
1  6 6 1 3 70   0   1
2  1 3 3 3 64   1   0
2  3 3 2 4 50   0   1
2  3 3 3 2 50   0   1
2  3 3 3 4 64   1   0
2  4 1 3 3 64   1   0
2  4 3 2 3 50   0   1
2  4 4 3 2 50   0   1
3  2 2 4 2 48   1   0
3  3 2 1 2 48   0   1
3  3 2 3 4 48   1   0
3  3 3 3 1 48   0   1
4  1 1 3 2 0    0   1
4  1 2 2 3 0    0   1
4  1 3 3 3 19   1   0
4  2 2 3 4 0    0   1
4  2 5 4 1 0    0   1
4  3 3 3 4 19   1   0
4  3 6 4 2 19   1   0
4  5 5 1 2 0    0   1
4  6 5 2 2 19   1   0
5  1 1 1 2 0    1   0
5  1 1 1 3 46   0   1
5  1 1 3 2 46   0   1
6  1 1 3 2 36   0   1
6  1 3 2 1 36   0   1
6  1 3 3 3 58   1   0
6  3 3 1 2 36   0   1
6  3 3 3 4 58   1   0
6  3 6 2 1 36   0   1
6  3 6 4 2 58   1   0
6  6 6 2 1 58   1   0
7  4 4 2 1 24   1   0
7  4 4 4 1 27   0   1
7  5 4 1 2 24   1   0
7  5 4 3 4 27   0   1
7  5 5 1 3 27   0   1
8  5 5 2 4 26   0   1
8  5 6 2 2 48   1   0
8  5 6 4 3 26   0   1
8  6 6 3 2 26   0   1
9  2 2 2 4 12   0   1
9  2 5 4 1 12   0   1
9  3 2 1 2 12   0   1
9  3 3 1 3 24   1   0
9  3 4 3 2 24   1   0
9  4 4 2 4 24   1   0
9  5 4 3 4 12   0   1
9  5 5 1 3 12   0   1
10 1 1 1 3 52   1   0
10 1 1 2 3 24   0   1
10 2 1 1 1 52   1   0
10 2 1 3 2 24   0   1
10 2 2 2 1 52   1   0
10 2 2 2 3 24   0   1
11 2 2 2 1 28   1   0
11 2 2 4 1 3    0   1
11 3 2 1 2 28   1   0
11 3 3 2 1 28   1   0
11 5 2 1 4 3    0   1
11 5 5 4 1 3    0   1
11 6 3 1 2 28   1   0
11 6 5 3 4 3    0   1
11 6 6 1 3 3    0   1
12 1 1 1 2 56   1   0
12 1 1 1 3 23   0   1
12 1 3 2 1 56   1   0
12 1 3 3 3 23   0   1
12 3 3 3 1 23   0   1
13 1 2 2 3 19   1   0
13 2 2 3 2 19   1   0
13 2 2 4 2 12   0   1
13 3 2 3 4 12   0   1
13 4 1 1 2 19   1   0
13 4 3 2 3 12   0   1
13 4 4 1 2 12   0   1
14 1 3 2 1 40   0   1
14 2 1 3 2 40   0   1
14 2 2 1 2 52   1   0
14 2 2 1 3 40   0   1
14 2 3 2 1 52   1   0
15 5 5 2 1 28   0   1
15 5 5 4 1 45   1   0
15 6 5 2 2 28   0   1
15 6 5 3 4 45   1   0
15 6 6 1 2 28   0   1
15 6 6 1 3 45   1   0
;

