Index = 220
_solve_time = 16224.8

:              xp  xb    :=
1  2 2 2 3 13   0   1
1  2 2 4 3 42   1   0
1  3 2 1 2 13   0   1
1  3 3 2 1 13   0   1
1  5 2 1 4 42   1   0
1  5 5 4 1 42   1   0
1  6 3 1 2 13   0   1
1  6 5 3 4 42   1   0
1  6 6 3 1 13   0   1
2  2 3 4 3 0    1   0
2  3 3 3 2 0    1   0
2  5 2 1 4 0    1   0
2  5 5 3 1 0    1   0
2  5 5 3 2 24   0   1
2  5 6 2 2 24   0   1
2  6 3 1 2 24   0   1
2  6 6 2 1 24   0   1
3  2 2 3 2 0    0   1
3  2 2 4 2 46   1   0
3  2 2 4 3 0    0   1
4  4 4 4 2 0    0   1
4  4 5 2 1 0    0   1
4  4 5 4 3 48   1   0
4  5 5 1 4 0    0   1
4  5 5 3 4 48   1   0
5  1 1 2 1 20   0   1
5  1 1 3 1 10   1   0
5  1 1 3 2 20   0   1
6  2 5 4 1 0    0   1
6  3 2 3 4 0    0   1
6  3 4 3 2 49   1   0
6  4 4 2 4 49   1   0
6  5 4 3 4 0    0   1
6  5 5 1 3 0    0   1
7  4 4 2 4 5    1   0
7  4 5 2 1 10   0   1
7  4 5 4 3 5    1   0
7  5 5 1 3 10   0   1
8  5 5 4 2 0    0   1
8  5 6 2 2 0    0   1
8  5 6 4 3 0    1   0
8  6 6 2 1 0    0   1
8  6 6 3 1 0    1   0
9  3 2 3 4 19   1   0
9  3 3 2 3 19   1   0
9  5 2 1 4 46   0   1
9  5 5 2 1 46   0   1
9  6 3 1 2 19   1   0
9  6 5 2 2 46   0   1
9  6 6 1 2 46   0   1
10 5 5 1 2 34   1   0
10 5 5 1 4 25   0   1
10 5 6 2 2 34   1   0
10 5 6 4 3 25   0   1
10 6 6 2 1 34   1   0
10 6 6 3 1 25   0   1
11 5 5 2 1 71   0   1
11 5 5 4 1 51   1   0
11 6 5 2 2 71   0   1
11 6 5 3 4 51   1   0
11 6 6 3 2 71   0   1
12 1 3 3 3 70   0   1
12 4 1 3 3 70   0   1
12 4 3 2 3 50   1   0
12 4 4 3 2 50   1   0
13 2 2 2 4 42   1   0
13 2 5 4 1 42   1   0
13 3 2 1 2 42   1   0
13 3 3 1 3 21   0   1
13 3 4 3 2 21   0   1
13 4 5 2 1 21   0   1
14 3 3 3 4 38   0   1
14 3 4 3 2 48   1   0
14 3 6 4 2 38   0   1
14 4 5 2 1 48   1   0
14 5 5 1 2 48   1   0
14 6 5 2 2 38   0   1
15 5 5 2 3 0    1   0
15 5 5 4 3 33   0   1
15 6 5 2 2 0    1   0
15 6 5 3 4 33   0   1
15 6 6 2 3 33   0   1
;

