Index = 337
_solve_time = 2183.31

:              xp  xb    :=
1  5 5 2 3 24   0   1
1  5 5 4 3 41   1   0
1  6 5 2 2 24   0   1
1  6 5 3 4 41   1   0
1  6 6 1 2 24   0   1
1  6 6 1 3 41   1   0
2  2 3 4 3 49   1   0
2  3 3 3 4 49   1   0
2  5 2 1 4 49   1   0
2  5 5 1 2 0    0   1
2  5 6 2 2 0    0   1
2  6 3 2 4 0    0   1
3  2 1 3 2 0    0   1
3  2 2 4 3 0    0   1
3  3 3 4 3 61   1   0
3  3 4 3 2 61   1   0
3  4 1 1 2 61   1   0
3  4 4 2 1 61   1   0
3  5 2 1 4 0    0   1
3  5 5 2 1 0    0   1
3  6 3 2 4 61   1   0
3  6 5 2 2 0    0   1
4  1 1 2 1 45   0   1
4  1 1 3 1 53   1   0
4  4 1 1 2 45   0   1
4  4 1 3 3 53   1   0
4  4 4 3 1 45   0   1
5  1 1 1 2 45   0   1
5  2 1 1 1 45   0   1
5  2 1 3 2 47   1   0
5  2 2 3 1 45   0   1
6  1 1 3 1 38   0   1
6  1 2 1 1 38   0   1
6  1 3 3 3 65   1   0
6  2 2 1 4 38   0   1
6  2 5 4 1 38   0   1
6  3 4 3 2 65   1   0
6  4 5 2 1 65   1   0
7  1 1 2 3 51   1   0
7  1 2 2 3 28   0   1
7  1 3 3 3 51   1   0
7  2 2 3 4 28   0   1
7  2 5 4 1 28   0   1
7  3 4 3 2 51   1   0
7  4 4 2 4 51   1   0
7  5 4 3 4 28   0   1
7  5 5 1 3 28   0   1
8  5 5 1 3 25   0   1
8  5 5 2 1 25   0   1
8  5 5 2 3 48   1   0
9  1 1 3 2 26   1   0
9  1 3 2 1 26   1   0
9  1 3 3 3 2    0   1
9  3 3 1 2 26   1   0
9  3 3 3 4 2    0   1
9  3 6 2 1 26   1   0
9  3 6 4 2 2    0   1
9  6 6 2 1 2    0   1
10 3 3 1 2 48   1   0
10 3 3 1 3 42   0   1
10 3 3 3 2 42   0   1
11 3 2 3 4 19   0   1
11 3 3 4 3 19   0   1
11 5 2 1 4 70   1   0
11 5 5 2 1 70   1   0
11 5 6 2 2 19   0   1
11 6 3 2 4 19   0   1
12 1 3 2 1 18   0   1
12 3 3 3 1 23   1   0
12 4 1 1 2 18   0   1
12 4 3 2 3 23   1   0
12 4 4 2 1 18   0   1
13 3 3 1 2 31   0   1
13 3 3 1 4 31   1   0
13 3 6 2 1 31   0   1
13 3 6 4 2 31   1   0
13 6 6 1 2 31   0   1
14 1 3 3 3 70   1   0
14 3 2 3 4 70   1   0
14 4 1 3 3 70   1   0
14 4 4 3 2 3    0   1
14 4 5 2 1 3    0   1
14 5 2 1 4 3    0   1
15 1 1 2 1 18   0   1
15 1 2 1 1 18   0   1
15 1 2 2 3 58   1   0
15 2 2 3 1 58   1   0
;

