Index = 258
_solve_time = 2489.3

:              xp  xb    :=
1  3 3 3 4 20   1   0
1  4 3 2 3 20   1   0
1  5 4 1 2 20   1   0
1  5 5 1 2 20   0   1
1  5 6 2 2 20   0   1
1  6 3 2 4 20   0   1
2  2 1 3 2 48   0   1
2  2 2 2 3 48   0   1
2  3 2 1 2 48   0   1
2  3 3 2 1 48   0   1
2  3 3 2 3 25   1   0
2  3 4 3 2 25   1   0
2  4 1 1 2 25   1   0
2  4 4 2 1 25   1   0
3  3 3 2 3 10   1   0
3  3 4 3 2 10   1   0
3  3 6 2 1 49   0   1
3  4 4 2 4 10   1   0
3  5 4 3 4 49   0   1
3  5 5 4 3 49   0   1
3  6 5 3 4 49   0   1
3  6 6 1 3 49   0   1
4  5 5 2 4 0    0   1
4  6 5 2 2 0    0   1
4  6 5 3 4 0    1   0
4  6 6 1 2 0    0   1
4  6 6 1 3 0    1   0
5  2 1 3 2 71   0   1
5  2 2 4 3 71   0   1
5  3 3 2 3 48   1   0
5  3 4 3 2 48   1   0
5  4 1 1 2 48   1   0
5  4 4 2 1 48   1   0
5  5 2 1 4 71   0   1
5  5 5 4 1 71   0   1
5  6 3 1 2 48   1   0
5  6 5 3 4 71   0   1
5  6 6 1 3 71   0   1
6  1 1 3 1 17   0   1
6  1 2 1 1 17   0   1
6  1 3 3 3 6    1   0
6  2 2 1 4 17   0   1
6  2 5 4 1 17   0   1
6  3 4 3 2 6    1   0
6  4 5 2 1 6    1   0
7  2 3 4 3 14   0   1
7  2 5 4 1 1    1   0
7  3 3 3 2 14   0   1
7  3 6 2 1 14   0   1
7  5 5 1 4 1    1   0
7  5 6 4 3 1    1   0
7  6 6 1 3 14   0   1
8  1 1 1 2 26   0   1
8  1 1 3 1 26   0   1
8  1 1 3 2 29   1   0
9  1 1 3 2 15   0   1
9  4 1 1 2 55   1   0
9  4 1 3 3 15   0   1
9  4 4 3 1 55   1   0
10 4 4 2 4 2    0   1
10 5 4 1 2 2    0   1
10 5 4 3 4 20   1   0
10 5 5 2 1 2    0   1
10 5 5 2 3 20   1   0
11 2 2 1 2 0    1   0
11 2 2 1 4 4    0   1
11 2 3 2 1 0    1   0
11 2 3 4 3 4    0   1
11 3 3 1 2 0    1   0
11 3 3 3 2 4    0   1
12 1 1 2 1 25   0   1
12 2 1 1 1 0    1   0
12 2 1 3 2 25   0   1
12 2 2 3 1 0    1   0
13 2 2 4 2 49   1   0
13 3 2 1 2 25   0   1
13 3 3 3 1 25   0   1
13 4 3 2 3 25   0   1
13 5 2 1 4 49   1   0
13 5 4 1 2 25   0   1
14 1 1 2 1 53   1   0
14 1 2 1 1 53   1   0
14 1 2 2 3 49   0   1
14 2 2 3 1 49   0   1
15 4 4 2 4 49   0   1
15 5 4 1 2 49   0   1
15 5 4 3 4 55   1   0
15 5 5 3 1 49   0   1
;

