Index = 257
_solve_time = 699.54

:              xp  xb    :=
1  1 1 2 1 8    0   1
1  1 1 3 1 47   1   0
1  4 1 1 2 8    0   1
1  4 1 3 3 47   1   0
1  4 4 4 1 8    0   1
1  4 4 4 3 47   1   0
2  1 3 2 1 28   0   1
2  2 1 3 2 28   0   1
2  2 2 3 4 36   1   0
2  2 3 4 3 36   1   0
2  3 3 1 3 28   0   1
3  2 3 4 3 4    1   0
3  3 3 4 3 69   0   1
3  5 2 1 4 4    1   0
3  5 5 2 1 4    1   0
3  5 6 2 2 69   0   1
3  6 3 2 4 69   0   1
4  1 1 2 1 44   0   1
4  1 1 3 1 3    1   0
4  4 1 1 2 44   0   1
4  4 1 3 3 3    1   0
4  4 4 4 1 44   0   1
4  4 4 4 3 3    1   0
5  3 3 2 4 45   0   1
5  3 6 2 1 42   1   0
5  3 6 4 2 45   0   1
5  6 6 1 2 42   1   0
6  1 1 3 2 6    0   1
6  1 3 2 1 6    0   1
6  1 3 3 3 73   1   0
6  3 3 1 4 6    0   1
6  3 3 3 4 73   1   0
7  2 1 3 2 17   0   1
7  2 2 2 3 17   0   1
7  3 2 1 2 17   0   1
7  3 3 2 1 17   0   1
7  3 3 2 3 14   1   0
7  3 4 3 2 14   1   0
7  4 1 1 2 14   1   0
7  4 4 2 1 14   1   0
8  3 3 3 4 0    1   0
8  3 4 3 2 31   0   1
8  3 6 4 2 0    1   0
8  4 5 2 1 31   0   1
8  5 5 1 2 31   0   1
8  6 5 2 2 0    1   0
9  1 1 2 3 35   0   1
9  4 1 1 2 35   0   1
9  4 1 3 3 39   1   0
9  4 4 4 1 35   0   1
9  4 4 4 3 39   1   0
10 3 3 2 3 19   1   0
10 3 4 3 2 19   1   0
10 3 6 2 1 2    0   1
10 4 4 2 1 19   1   0
10 4 4 4 1 2    0   1
10 5 4 3 4 2    0   1
10 5 5 4 3 2    0   1
10 6 5 3 4 2    0   1
10 6 6 1 3 2    0   1
11 3 3 3 2 22   1   0
11 4 3 2 3 22   1   0
11 5 4 1 2 22   1   0
11 5 5 3 1 22   1   0
11 5 5 3 4 0    0   1
11 5 6 4 3 0    0   1
11 6 3 1 2 0    0   1
11 6 6 3 1 0    0   1
12 3 3 2 4 23   0   1
12 6 3 1 2 23   0   1
12 6 3 2 4 20   1   0
12 6 6 3 1 23   0   1
12 6 6 3 2 20   1   0
13 5 5 1 2 0    0   1
13 5 5 1 4 1    1   0
13 5 6 2 2 0    0   1
13 5 6 4 3 1    1   0
13 6 6 2 1 0    0   1
13 6 6 3 1 1    1   0
14 1 1 3 2 19   0   1
14 1 3 2 1 19   0   1
14 1 3 3 3 6    1   0
14 3 3 1 2 19   0   1
14 3 3 3 2 6    1   0
15 2 2 4 2 53   0   1
15 2 3 2 1 53   0   1
15 2 3 4 3 25   1   0
15 3 3 1 3 53   0   1
;

