Index = 238
_solve_time = 3146.77

:              xp  xb    :=
1  2 2 1 2 0    1   0
1  2 2 1 4 58   0   1
1  2 3 2 1 0    1   0
1  2 5 4 1 58   0   1
1  3 3 1 4 0    1   0
1  3 6 4 2 0    1   0
1  5 5 1 2 58   0   1
1  5 6 2 2 58   0   1
2  2 2 2 4 74   0   1
2  2 3 2 1 55   1   0
2  2 5 4 1 74   0   1
2  3 3 1 4 55   1   0
2  3 6 4 2 55   1   0
2  5 5 1 2 74   0   1
2  5 6 2 2 74   0   1
3  5 5 1 3 0    0   1
3  5 5 2 1 0    0   1
3  5 5 2 3 0    1   0
4  2 1 3 2 0    0   1
4  2 2 4 3 0    0   1
4  3 2 3 4 0    0   1
4  3 3 2 3 0    1   0
4  3 3 4 3 0    0   1
4  3 4 3 2 0    1   0
4  4 1 1 2 0    1   0
4  4 4 2 1 0    1   0
4  6 3 1 2 0    1   0
4  6 3 2 4 0    0   1
4  6 6 1 2 0    0   1
5  2 3 4 3 45   1   0
5  4 3 2 3 25   0   1
5  4 4 4 2 25   0   1
5  5 2 1 4 45   1   0
5  5 4 3 4 25   0   1
5  5 5 3 1 45   1   0
6  2 2 4 2 43   0   1
6  2 3 2 1 43   0   1
6  2 3 4 3 0    1   0
6  3 3 1 4 43   0   1
6  3 3 3 4 0    1   0
7  3 2 3 4 48   1   0
7  3 3 2 3 48   1   0
7  5 2 1 4 48   0   1
7  5 5 2 1 48   0   1
7  6 3 1 2 48   1   0
7  6 5 2 2 48   0   1
7  6 6 1 2 48   0   1
8  2 2 1 2 33   0   1
8  2 2 1 4 25   1   0
8  2 3 2 1 33   0   1
8  2 3 4 3 25   1   0
8  3 3 1 3 33   0   1
9  2 5 4 1 24   1   0
9  3 2 3 4 24   1   0
9  3 3 3 4 3    0   1
9  3 6 4 2 3    0   1
9  5 5 1 2 24   1   0
9  6 5 2 2 3    0   1
10 4 4 2 4 23   0   1
10 5 4 1 2 23   0   1
10 5 4 3 4 64   1   0
10 5 5 2 1 23   0   1
10 5 5 2 3 64   1   0
11 4 4 3 2 0    0   1
11 4 4 3 4 0    1   0
11 4 5 2 1 0    0   1
11 4 5 4 3 0    1   0
11 5 5 1 4 0    0   1
11 5 5 3 4 0    1   0
12 2 2 2 3 22   1   0
12 2 2 4 3 6    0   1
12 3 2 1 2 22   1   0
12 3 2 3 4 6    0   1
12 3 3 2 1 22   1   0
12 3 3 2 3 6    0   1
13 2 2 4 2 25   1   0
13 2 3 2 1 25   1   0
13 2 3 4 3 51   0   1
13 3 3 3 1 51   0   1
14 1 1 1 3 47   1   0
14 1 2 1 1 56   0   1
14 1 3 3 3 47   1   0
14 2 2 1 4 56   0   1
14 2 5 4 1 56   0   1
14 3 4 3 2 47   1   0
14 4 4 2 1 56   0   1
14 4 4 2 3 47   1   0
14 4 4 3 1 47   1   0
14 5 4 1 2 56   0   1
15 4 4 1 2 0    0   1
15 4 4 3 1 0    0   1
15 4 4 3 2 47   1   0
;

