Index = 266
_solve_time = 1214.97

:              xp  xb    :=
1  1 1 3 1 55   0   1
1  1 1 3 2 4    1   0
1  1 2 1 1 55   0   1
1  1 2 2 3 4    1   0
1  2 2 1 3 55   0   1
2  2 5 4 1 63   0   1
2  3 2 3 4 63   0   1
2  3 3 4 3 63   0   1
2  3 6 4 2 20   1   0
2  5 5 1 2 63   0   1
2  6 5 2 2 20   1   0
3  2 2 2 3 1    1   0
3  2 2 2 4 72   0   1
3  2 2 4 3 72   0   1
4  1 2 2 3 0    1   0
4  2 2 4 3 10   0   1
4  4 1 1 2 0    1   0
4  4 4 4 1 0    1   0
4  4 4 4 2 10   0   1
4  4 5 2 1 10   0   1
4  5 2 1 4 10   0   1
5  1 1 1 3 4    0   1
5  2 1 1 1 4    0   1
5  2 2 2 1 4    0   1
5  3 2 1 2 4    0   1
5  3 3 4 1 4    0   1
5  3 3 4 3 1    1   0
5  3 4 3 2 1    1   0
5  4 1 3 3 1    1   0
5  4 4 2 3 1    1   0
6  1 1 1 2 23   0   1
6  2 1 1 1 23   0   1
6  2 1 3 2 14   1   0
6  2 2 3 1 23   0   1
7  1 1 1 3 52   0   1
7  2 1 1 1 52   0   1
7  2 2 4 1 52   0   1
7  3 2 3 4 52   0   1
7  3 4 3 2 71   1   0
7  4 1 3 3 71   1   0
7  4 4 2 3 71   1   0
8  1 2 2 3 52   0   1
8  1 3 2 1 18   1   0
8  2 2 3 2 52   0   1
8  3 2 1 2 18   1   0
9  1 2 2 3 19   0   1
9  1 3 2 1 34   1   0
9  2 2 3 4 19   0   1
9  2 5 4 1 19   0   1
9  3 3 1 3 34   1   0
9  3 4 3 2 34   1   0
9  4 4 1 3 19   0   1
9  4 4 2 1 19   0   1
9  4 4 2 3 34   1   0
9  5 4 1 2 19   0   1
10 5 5 4 2 49   0   1
10 6 5 2 2 0    1   0
10 6 5 3 4 49   0   1
10 6 6 1 2 0    1   0
10 6 6 1 3 49   0   1
11 4 4 2 1 0    1   0
11 4 4 2 3 7    0   1
11 4 4 3 1 7    0   1
12 3 3 3 2 1    0   1
12 3 6 2 1 1    0   1
12 4 3 2 3 1    0   1
12 4 4 1 2 1    0   1
12 4 4 1 4 0    1   0
12 4 5 4 3 0    1   0
12 5 5 3 4 0    1   0
12 5 6 4 3 0    1   0
12 6 6 1 3 1    0   1
13 3 3 3 2 27   0   1
13 3 3 3 4 42   1   0
13 3 6 2 1 27   0   1
13 3 6 4 2 42   1   0
13 6 6 1 3 27   0   1
13 6 6 2 3 42   1   0
14 1 2 2 3 35   1   0
14 2 2 3 2 35   1   0
14 3 2 1 2 56   0   1
14 3 3 3 1 56   0   1
14 4 1 1 2 35   1   0
14 4 3 2 3 56   0   1
14 4 4 4 1 35   1   0
14 4 4 4 2 56   0   1
15 1 1 2 1 26   0   1
15 2 1 1 1 28   1   0
15 2 1 3 2 26   0   1
15 2 2 1 3 26   0   1
;

