Index = 251
_solve_time = 12508.4

:              xp  xb    :=
1  3 3 3 2 19   1   0
1  3 3 3 4 0    0   1
1  3 6 2 1 19   1   0
1  3 6 4 2 0    0   1
1  6 6 2 1 0    0   1
2  4 4 2 1 34   1   0
2  4 4 4 1 54   0   1
2  5 4 1 2 34   1   0
2  5 4 3 4 54   0   1
2  5 5 4 1 34   1   0
2  5 5 4 3 54   0   1
3  1 1 2 3 71   0   1
3  4 1 1 2 71   0   1
3  4 1 3 3 0    1   0
3  4 4 4 1 71   0   1
3  4 4 4 3 0    1   0
4  2 2 1 3 68   0   1
4  2 2 4 1 68   0   1
4  2 2 4 3 1    1   0
5  1 2 2 3 0    0   1
5  2 2 3 4 0    0   1
5  4 1 1 2 0    0   1
5  4 4 1 2 0    1   0
5  4 5 2 1 0    1   0
5  5 2 1 4 0    1   0
6  3 3 3 4 31   0   1
6  3 6 4 2 31   0   1
6  4 3 2 3 31   0   1
6  4 4 3 2 31   0   1
6  4 4 3 4 63   1   0
6  4 5 4 3 63   1   0
6  5 5 3 2 63   1   0
6  5 6 2 2 63   1   0
7  2 2 2 4 24   1   0
7  2 3 2 1 47   0   1
7  2 5 4 1 24   1   0
7  3 3 1 4 47   0   1
7  3 6 4 2 47   0   1
7  5 5 1 4 24   1   0
7  5 6 4 3 24   1   0
7  6 6 2 3 47   0   1
8  2 2 2 1 66   1   0
8  2 2 4 1 0    0   1
8  3 2 1 2 66   1   0
8  3 2 3 4 0    0   1
8  3 3 1 3 0    0   1
9  2 1 3 2 49   0   1
9  2 2 4 3 49   0   1
9  4 1 1 2 48   1   0
9  4 4 4 1 48   1   0
9  5 2 1 4 49   0   1
9  5 4 3 4 48   1   0
9  5 5 3 1 49   0   1
10 2 1 3 2 45   0   1
10 2 2 4 3 45   0   1
10 3 2 3 4 45   0   1
10 3 4 3 2 24   1   0
10 4 1 1 2 24   1   0
10 4 4 2 1 24   1   0
11 3 3 2 1 3    0   1
11 3 3 4 1 0    1   0
11 5 5 4 2 0    1   0
11 5 6 2 2 0    1   0
11 5 6 4 3 3    0   1
11 6 3 1 2 3    0   1
11 6 3 2 4 0    1   0
11 6 6 3 1 3    0   1
12 1 1 2 1 0    1   0
12 2 1 1 1 20   0   1
12 2 1 3 2 0    1   0
12 2 2 3 1 20   0   1
13 5 5 2 4 18   0   1
13 5 6 2 2 32   1   0
13 5 6 4 3 18   0   1
13 6 6 3 2 18   0   1
14 1 1 2 1 7    0   1
14 1 2 1 1 7    0   1
14 1 2 2 3 48   1   0
14 2 2 3 1 48   1   0
15 5 5 2 4 48   0   1
15 6 5 2 2 48   0   1
15 6 5 3 4 30   1   0
15 6 6 2 3 30   1   0
;

