Index = 186
_solve_time = 10916.5

:              xp  xb    :=
1  3 3 3 4 0    0   1
1  3 6 4 2 0    0   1
1  4 3 2 3 0    0   1
1  4 4 4 2 0    0   1
1  4 5 4 3 0    1   0
1  5 5 3 2 0    1   0
1  5 6 2 2 0    1   0
2  4 4 4 2 39   0   1
2  4 5 2 1 39   0   1
2  4 5 4 3 40   1   0
2  5 5 1 4 39   0   1
2  5 5 3 4 40   1   0
3  2 5 4 1 23   1   0
3  3 2 3 4 23   1   0
3  3 4 3 2 0    0   1
3  4 5 2 1 0    0   1
4  3 3 3 4 29   0   1
4  4 3 2 3 29   0   1
4  5 4 1 2 29   0   1
4  5 5 2 1 29   0   1
4  5 6 2 2 21   1   0
4  6 3 2 4 21   1   0
5  4 4 2 1 48   1   0
5  4 4 2 3 17   0   1
5  4 4 3 1 17   0   1
6  4 4 2 1 2    0   1
6  4 4 4 1 0    1   0
6  5 4 1 2 2    0   1
6  5 4 3 4 0    1   0
6  5 5 2 1 2    0   1
6  5 5 2 3 0    1   0
7  4 4 2 1 0    0   1
7  4 4 3 1 73   1   0
7  4 4 3 2 0    0   1
8  5 5 1 2 48   1   0
8  5 5 1 4 37   0   1
8  5 6 2 2 48   1   0
8  5 6 4 3 37   0   1
8  6 6 3 2 37   0   1
9  5 5 2 4 24   0   1
9  6 5 2 2 24   0   1
9  6 5 3 4 19   1   0
9  6 6 2 3 19   1   0
10 5 5 4 2 59   0   1
10 6 5 2 2 47   1   0
10 6 5 3 4 59   0   1
10 6 6 2 3 59   0   1
11 1 1 2 1 43   0   1
11 1 1 3 1 23   1   0
11 1 1 3 2 43   0   1
12 1 3 2 1 23   0   1
12 3 3 1 4 23   0   1
12 3 3 3 4 57   1   0
12 4 1 1 2 23   0   1
12 4 3 2 3 57   1   0
12 4 4 3 1 23   0   1
12 4 4 3 2 57   1   0
13 5 5 1 2 66   0   1
13 5 5 1 4 48   1   0
13 5 6 2 2 66   0   1
13 5 6 4 3 48   1   0
13 6 6 2 1 66   0   1
13 6 6 3 1 48   1   0
14 2 2 1 3 18   0   1
14 2 2 1 4 0    1   0
14 2 2 3 4 18   0   1
15 3 3 2 4 58   0   1
15 3 3 3 2 58   0   1
15 3 3 3 4 48   1   0
;

