Index = 341
_solve_time = 2568.23

:              xp  xb    :=
1  2 3 4 3 72   0   1
1  3 3 3 2 72   0   1
1  5 2 1 4 72   0   1
1  5 5 4 1 72   0   1
1  5 6 4 3 23   1   0
1  6 3 1 2 23   1   0
1  6 6 3 1 23   1   0
2  3 3 3 2 0    1   0
2  3 6 2 1 0    1   0
2  4 3 2 3 0    1   0
2  4 5 2 1 66   0   1
2  5 5 1 2 66   0   1
2  5 6 2 2 66   0   1
2  6 6 2 1 66   0   1
3  3 3 4 2 56   0   1
3  3 6 2 1 56   0   1
3  3 6 4 2 3    1   0
3  6 6 1 3 56   0   1
3  6 6 2 3 3    1   0
4  1 2 2 3 46   0   1
4  1 3 2 1 4    1   0
4  2 2 3 4 46   0   1
4  2 5 4 1 46   0   1
4  3 3 1 4 4    1   0
4  3 6 4 2 4    1   0
4  5 5 1 4 46   0   1
4  5 6 4 3 46   0   1
4  6 6 2 3 4    1   0
5  5 5 1 2 11   0   1
5  5 5 1 4 0    1   0
5  5 6 2 2 11   0   1
5  5 6 4 3 0    1   0
5  6 6 2 3 11   0   1
6  2 3 4 3 63   0   1
6  4 3 2 3 10   1   0
6  4 5 2 1 63   0   1
6  5 2 1 4 63   0   1
7  3 3 3 2 18   1   0
7  3 3 3 4 72   0   1
7  3 3 4 2 72   0   1
8  1 1 1 3 4    0   1
8  2 1 1 1 4    0   1
8  2 2 4 1 4    0   1
8  4 1 3 3 0    1   0
8  4 4 4 3 0    1   0
8  5 2 1 4 4    0   1
8  5 4 3 4 0    1   0
8  5 5 4 1 4    0   1
8  5 5 4 3 0    1   0
9  4 4 4 2 35   0   1
9  4 5 2 1 35   0   1
9  4 5 4 3 4    1   0
9  5 5 1 3 35   0   1
10 3 3 4 2 63   0   1
10 3 6 2 1 63   0   1
10 3 6 4 2 44   1   0
10 6 6 1 2 63   0   1
11 1 1 2 1 32   0   1
11 2 1 1 1 23   1   0
11 2 1 3 2 32   0   1
11 2 2 2 3 32   0   1
11 2 2 4 1 23   1   0
11 3 2 1 2 32   0   1
11 3 2 3 4 23   1   0
11 3 3 2 1 32   0   1
11 3 3 2 3 23   1   0
12 4 4 3 1 34   1   0
12 4 4 3 4 0    0   1
12 4 4 4 1 0    0   1
13 1 1 2 3 1    0   1
13 2 1 3 2 1    0   1
13 2 2 2 3 1    0   1
13 3 2 1 2 1    0   1
13 3 3 4 1 1    0   1
13 3 3 4 3 69   1   0
13 3 4 3 2 69   1   0
13 4 1 3 3 69   1   0
13 4 4 2 3 69   1   0
14 2 2 2 1 28   0   1
14 2 2 4 1 59   1   0
14 3 2 1 2 28   0   1
14 3 2 3 4 59   1   0
14 3 3 3 1 28   0   1
15 1 1 3 1 56   0   1
15 1 2 1 1 56   0   1
15 1 3 3 3 17   1   0
15 2 2 1 4 56   0   1
15 2 5 4 1 56   0   1
15 3 4 3 2 17   1   0
15 4 4 2 1 17   1   0
15 4 4 2 4 56   0   1
15 4 4 4 1 56   0   1
15 5 4 1 2 56   0   1
;

