Index = 264
_solve_time = 13045.8

:              xp  xb    :=
1  3 2 3 4 0    1   0
1  3 3 4 3 0    1   0
1  5 2 1 4 73   0   1
1  5 5 2 1 73   0   1
1  6 3 2 4 0    1   0
1  6 5 2 2 73   0   1
2  1 1 1 3 45   0   1
2  1 2 1 1 47   1   0
2  1 3 3 3 45   0   1
2  2 2 1 4 47   1   0
2  2 5 4 1 47   1   0
2  3 4 3 2 45   0   1
2  4 4 2 4 45   0   1
2  4 5 4 3 45   0   1
2  5 5 1 3 47   1   0
3  2 2 3 2 8    0   1
3  2 2 3 4 70   1   0
3  2 3 2 1 8    0   1
3  2 5 4 1 70   1   0
3  3 3 1 4 8    0   1
3  3 6 4 2 8    0   1
3  5 5 1 2 70   1   0
3  6 5 2 2 8    0   1
4  2 2 2 1 4    0   1
4  2 2 4 1 42   1   0
4  3 2 1 2 4    0   1
4  3 3 4 1 4    0   1
4  5 2 1 4 42   1   0
4  5 5 2 1 42   1   0
4  5 6 2 2 4    0   1
4  6 3 2 4 4    0   1
5  2 2 1 2 24   1   0
5  2 2 1 4 24   0   1
5  2 3 2 1 24   1   0
5  2 5 4 1 24   0   1
5  3 3 1 4 24   1   0
5  3 6 4 2 24   1   0
5  5 5 1 2 24   0   1
5  5 6 2 2 24   0   1
6  1 1 3 2 73   0   1
6  1 3 2 1 73   0   1
6  3 3 3 1 49   1   0
6  4 1 3 3 73   0   1
6  4 3 2 3 49   1   0
6  4 4 3 2 49   1   0
7  2 2 4 2 49   1   0
7  3 2 1 2 32   0   1
7  3 3 4 1 32   0   1
7  5 2 1 4 49   1   0
7  5 5 4 1 49   1   0
7  6 3 2 4 32   0   1
7  6 5 3 4 49   1   0
7  6 6 3 2 32   0   1
8  5 5 1 2 0    0   1
8  5 5 1 3 62   1   0
8  5 5 2 3 0    0   1
9  2 2 1 4 0    0   1
9  2 2 3 1 0    0   1
9  2 2 3 4 25   1   0
9  2 3 4 3 25   1   0
9  2 5 4 1 0    0   1
9  3 4 3 2 25   1   0
9  5 4 1 2 0    0   1
10 2 2 4 2 0    1   0
10 3 2 1 2 18   0   1
10 3 3 4 1 18   0   1
10 5 2 1 4 0    1   0
10 5 5 3 1 0    1   0
10 5 5 3 2 18   0   1
10 5 6 2 2 18   0   1
10 6 3 2 4 18   0   1
11 1 1 2 1 39   0   1
11 2 1 1 1 38   1   0
11 2 1 3 2 39   0   1
11 2 2 4 1 38   1   0
11 2 2 4 3 39   0   1
12 1 1 2 1 66   0   1
12 1 1 3 1 24   1   0
12 1 1 3 2 66   0   1
13 3 3 2 3 21   0   1
13 3 4 3 2 21   0   1
13 5 4 1 2 7    1   0
13 5 5 4 1 7    1   0
13 6 3 1 2 21   0   1
13 6 5 3 4 7    1   0
13 6 6 3 1 21   0   1
14 4 4 2 3 3    0   1
14 4 4 4 3 48   1   0
14 5 4 1 2 3    0   1
14 5 4 3 4 48   1   0
14 5 5 3 1 3    0   1
15 4 4 2 4 12   0   1
15 4 5 2 1 23   1   0
15 4 5 4 3 12   0   1
15 5 5 3 1 12   0   1
;

