Index = 324
_solve_time = 1142.3

:              xp  xb    :=
1  1 1 1 3 18   0   1
1  1 3 3 3 18   0   1
1  2 1 1 1 18   0   1
1  2 2 1 4 28   1   0
1  2 5 4 1 28   1   0
1  3 4 3 2 18   0   1
1  4 4 2 4 18   0   1
1  4 5 4 3 18   0   1
1  5 5 1 3 28   1   0
2  2 2 2 3 13   1   0
2  2 2 4 3 62   0   1
2  3 2 1 2 13   1   0
2  3 2 3 4 62   0   1
2  3 3 4 1 13   1   0
2  3 3 4 3 62   0   1
3  3 3 3 4 58   0   1
3  4 3 2 3 58   0   1
3  5 4 1 2 58   0   1
3  5 5 2 1 58   0   1
3  5 6 2 2 9    1   0
3  6 3 2 4 9    1   0
4  2 1 3 2 10   0   1
4  2 2 4 3 10   0   1
4  4 1 1 2 71   1   0
4  4 4 4 1 71   1   0
4  5 2 1 4 10   0   1
4  5 4 3 4 71   1   0
4  5 5 4 1 10   0   1
4  5 5 4 3 71   1   0
5  2 2 2 1 60   1   0
5  2 2 4 1 4    0   1
5  3 2 1 2 60   1   0
5  3 2 3 4 4    0   1
5  3 3 1 3 4    0   1
6  2 2 2 1 0    0   1
6  2 2 4 1 0    1   0
6  3 2 1 2 0    0   1
6  3 2 3 4 0    1   0
6  3 3 3 1 0    0   1
7  1 1 1 3 71   1   0
7  1 1 2 3 12   0   1
7  2 1 1 1 71   1   0
7  2 1 3 2 12   0   1
7  2 2 4 1 71   1   0
7  2 2 4 3 12   0   1
8  1 2 2 3 35   0   1
8  2 2 4 3 0    1   0
8  4 1 1 2 35   0   1
8  4 4 4 1 35   0   1
8  5 2 1 4 0    1   0
8  5 4 3 4 35   0   1
8  5 5 4 1 0    1   0
8  5 5 4 3 35   0   1
9  2 3 4 3 66   0   1
9  2 5 4 1 48   1   0
9  3 4 3 2 66   0   1
9  5 4 1 2 48   1   0
10 2 2 2 3 8    0   1
10 2 2 4 3 30   1   0
10 3 2 1 2 8    0   1
10 3 3 2 1 8    0   1
10 5 2 1 4 30   1   0
10 5 5 4 1 30   1   0
10 6 3 1 2 8    0   1
10 6 5 3 4 30   1   0
10 6 6 3 1 8    0   1
11 1 2 2 3 53   0   1
11 2 2 3 2 53   0   1
11 2 2 4 2 4    1   0
11 4 1 1 2 53   0   1
11 4 4 4 1 53   0   1
11 4 4 4 2 4    1   0
11 4 5 2 1 4    1   0
11 5 2 1 4 4    1   0
12 1 1 2 1 16   0   1
12 2 1 1 1 58   1   0
12 2 1 3 2 16   0   1
12 2 2 3 1 58   1   0
13 4 4 1 2 32   0   1
13 4 4 1 4 26   1   0
13 4 5 2 1 32   0   1
13 4 5 4 3 26   1   0
13 5 5 1 3 32   0   1
14 4 4 3 1 0    1   0
14 4 4 3 4 63   0   1
14 4 4 4 1 63   0   1
15 2 1 3 2 70   1   0
15 2 2 2 3 70   1   0
15 3 2 1 2 70   1   0
15 3 3 4 1 70   1   0
15 3 3 4 3 2    0   1
15 3 4 3 2 2    0   1
15 4 1 1 2 2    0   1
15 4 4 2 1 2    0   1
;

