Index = 326
_solve_time = 3038.87

:              xp  xb    :=
1  5 5 2 1 13   1   0
1  5 5 2 3 8    0   1
1  5 5 3 1 8    0   1
2  4 4 4 2 6    0   1
2  4 5 2 1 6    0   1
2  4 5 4 3 68   1   0
2  5 5 1 4 6    0   1
2  5 5 3 4 68   1   0
3  1 1 3 1 73   1   0
3  1 2 1 1 73   1   0
3  2 2 4 1 66   0   1
3  3 2 3 4 66   0   1
3  4 1 3 3 73   1   0
3  4 3 2 3 66   0   1
3  4 4 3 2 66   0   1
4  3 3 1 3 0    1   0
4  3 3 1 4 61   0   1
4  3 4 3 2 0    1   0
4  3 6 4 2 61   0   1
4  4 5 2 1 0    1   0
4  5 5 1 4 0    1   0
4  5 5 2 4 61   0   1
4  6 5 2 2 61   0   1
5  1 1 2 1 5    0   1
5  2 1 1 1 0    1   0
5  2 1 3 2 5    0   1
5  2 2 2 3 5    0   1
5  2 2 4 1 0    1   0
5  3 2 1 2 5    0   1
5  3 2 3 4 0    1   0
5  3 3 2 1 5    0   1
5  3 3 2 3 0    1   0
6  1 3 2 1 37   1   0
6  3 3 1 4 37   1   0
6  3 6 4 2 37   1   0
6  4 1 1 2 37   1   0
6  4 4 1 2 38   0   1
6  4 5 2 1 38   0   1
6  5 5 1 2 38   0   1
6  5 6 2 2 38   0   1
7  1 1 3 2 0    0   1
7  1 3 2 1 0    0   1
7  1 3 3 3 10   1   0
7  3 3 1 2 0    0   1
7  3 3 3 4 10   1   0
7  3 6 2 1 0    0   1
7  3 6 4 2 10   1   0
7  6 6 1 3 0    0   1
7  6 6 2 3 10   1   0
8  3 3 2 4 3    0   1
8  3 6 2 1 58   1   0
8  3 6 4 2 3    0   1
8  6 6 2 1 3    0   1
9  1 1 1 3 60   0   1
9  1 3 3 3 60   0   1
9  2 1 1 1 60   0   1
9  2 2 1 4 28   1   0
9  2 5 4 1 28   1   0
9  3 4 3 2 60   0   1
9  4 4 2 4 60   0   1
9  4 5 4 3 60   0   1
9  5 5 1 3 28   1   0
10 2 2 2 3 51   1   0
10 2 2 4 3 1    0   1
10 3 2 1 2 51   1   0
10 3 3 2 1 51   1   0
10 5 2 1 4 1    0   1
10 5 5 2 1 1    0   1
10 6 3 1 2 51   1   0
10 6 5 2 2 1    0   1
10 6 6 1 2 1    0   1
11 3 3 3 2 13   0   1
11 3 6 2 1 13   0   1
11 4 3 2 3 13   0   1
11 4 5 2 1 29   1   0
11 5 5 1 4 29   1   0
11 5 6 4 3 29   1   0
11 6 6 1 3 13   0   1
12 1 3 2 1 25   0   1
12 3 3 1 2 25   0   1
12 3 3 3 2 11   1   0
12 4 1 1 2 25   0   1
12 4 3 2 3 11   1   0
12 4 4 4 1 25   0   1
12 4 4 4 2 11   1   0
13 3 2 3 4 18   0   1
13 4 3 2 3 18   0   1
13 4 4 4 2 18   0   1
13 4 5 4 3 12   1   0
13 5 2 1 4 12   1   0
13 5 5 3 1 12   1   0
14 2 2 2 1 34   0   1
14 2 2 4 1 36   1   0
14 3 2 1 2 34   0   1
14 3 3 2 1 34   0   1
14 5 2 1 4 36   1   0
14 5 5 4 1 36   1   0
14 6 3 1 2 34   0   1
14 6 5 3 4 36   1   0
14 6 6 3 1 34   0   1
15 2 2 1 2 50   0   1
15 2 2 1 4 0    1   0
15 2 3 2 1 50   0   1
15 2 3 4 3 0    1   0
15 3 3 1 3 50   0   1
;

