Index = 301
_solve_time = 2770.07

:              xp  xb    :=
1  3 3 4 2 0    0   1
1  3 6 2 1 0    0   1
1  3 6 4 2 50   1   0
1  6 6 1 3 0    0   1
1  6 6 2 3 50   1   0
2  4 4 3 2 31   1   0
2  4 4 3 4 21   0   1
2  4 5 2 1 31   1   0
2  4 5 4 3 21   0   1
2  5 5 3 1 21   0   1
3  3 3 3 2 67   0   1
3  3 6 2 1 67   0   1
3  4 3 2 3 67   0   1
3  4 4 4 2 67   0   1
3  4 5 4 3 35   1   0
3  5 5 3 2 35   1   0
3  5 6 2 2 35   1   0
3  6 6 2 1 35   1   0
4  1 2 2 3 53   0   1
4  2 2 4 3 48   1   0
4  4 1 1 2 53   0   1
4  4 4 2 1 53   0   1
4  4 5 2 1 48   1   0
4  5 2 1 4 48   1   0
5  1 1 3 1 15   0   1
5  2 1 1 1 57   1   0
5  2 2 4 1 57   1   0
5  3 2 3 4 57   1   0
5  3 4 3 2 15   0   1
5  4 1 3 3 15   0   1
5  4 4 2 3 15   0   1
6  3 3 2 1 11   0   1
6  3 3 4 1 27   1   0
6  3 3 4 2 11   0   1
7  2 2 1 2 12   1   0
7  2 2 1 4 73   0   1
7  2 3 2 1 12   1   0
7  2 5 4 1 73   0   1
7  3 3 1 3 12   1   0
7  3 4 3 2 12   1   0
7  4 4 1 3 73   0   1
7  4 4 2 1 73   0   1
7  4 4 2 3 12   1   0
7  5 4 1 2 73   0   1
8  3 3 3 4 7    1   0
8  4 3 2 3 7    1   0
8  4 5 2 1 15   0   1
8  5 5 1 2 15   0   1
8  5 6 2 2 15   0   1
8  6 3 2 4 15   0   1
9  4 4 3 2 4    1   0
9  4 4 3 4 50   0   1
9  4 5 2 1 4    1   0
9  4 5 4 3 50   0   1
9  5 5 3 1 50   0   1
10 1 1 3 1 27   1   0
10 1 2 1 1 27   1   0
10 1 3 3 3 68   0   1
10 2 2 1 4 27   1   0
10 2 5 4 1 27   1   0
10 3 4 3 2 68   0   1
10 4 5 2 1 68   0   1
10 5 5 1 3 68   0   1
10 5 5 1 4 27   1   0
10 5 5 3 4 68   0   1
11 3 3 3 4 28   0   1
11 3 6 4 2 28   0   1
11 4 3 2 3 28   0   1
11 4 5 2 1 0    1   0
11 5 5 1 2 0    1   0
11 5 6 2 2 0    1   0
12 1 1 2 3 65   1   0
12 1 2 2 3 3    0   1
12 1 3 3 3 65   1   0
12 2 2 3 4 3    0   1
12 2 5 4 1 3    0   1
12 3 4 3 2 65   1   0
12 4 4 1 3 3    0   1
12 4 4 2 1 3    0   1
12 4 4 2 3 65   1   0
12 5 4 1 2 3    0   1
13 2 3 4 3 50   1   0
13 2 5 4 1 1    0   1
13 3 4 3 2 50   1   0
13 4 4 2 4 50   1   0
13 5 4 3 4 1    0   1
13 5 5 1 3 1    0   1
14 1 1 2 1 18   0   1
14 1 1 3 1 2    1   0
14 1 1 3 2 18   0   1
15 1 1 1 3 0    1   0
15 1 3 3 3 0    1   0
15 2 1 1 1 0    1   0
15 2 2 1 4 33   0   1
15 2 5 4 1 33   0   1
15 3 4 3 2 0    1   0
15 4 4 1 3 33   0   1
15 4 4 2 1 33   0   1
15 4 4 2 3 0    1   0
15 5 4 1 2 33   0   1
;

