Index = 308
_solve_time = 4143.13

:              xp  xb    :=
1  2 3 4 3 30   1   0
1  4 3 2 3 69   0   1
1  5 2 1 4 30   1   0
1  5 4 1 2 69   0   1
2  1 1 3 1 55   1   0
2  1 1 3 2 9    0   1
2  1 2 1 1 55   1   0
2  1 2 2 3 9    0   1
2  2 2 3 1 9    0   1
3  3 3 4 3 16   1   0
3  3 4 3 2 16   1   0
3  3 6 4 2 7    0   1
3  4 4 2 4 16   1   0
3  5 4 3 4 7    0   1
3  5 5 2 3 7    0   1
3  6 5 2 2 7    0   1
4  3 3 2 3 46   0   1
4  3 4 3 2 46   0   1
4  3 6 2 1 17   1   0
4  4 5 2 1 46   0   1
4  5 5 1 4 46   0   1
4  6 5 3 4 17   1   0
4  6 6 1 3 17   1   0
5  2 3 4 3 50   0   1
5  2 5 4 1 43   1   0
5  3 3 3 4 50   0   1
5  3 6 4 2 50   0   1
5  5 5 1 2 43   1   0
5  6 5 2 2 50   0   1
6  2 2 3 2 51   0   1
6  2 2 3 4 0    1   0
6  2 3 2 1 51   0   1
6  2 5 4 1 0    1   0
6  3 3 1 3 51   0   1
6  3 4 3 2 51   0   1
6  4 4 2 1 51   0   1
6  4 4 2 3 0    1   0
6  4 4 3 1 0    1   0
6  5 4 1 2 0    1   0
7  1 1 1 3 0    0   1
7  2 1 1 1 0    0   1
7  2 2 2 1 0    0   1
7  3 2 1 2 0    0   1
7  3 3 2 1 0    0   1
7  4 1 3 3 0    1   0
7  4 4 4 3 0    1   0
7  5 4 3 4 0    1   0
7  5 5 4 3 0    1   0
7  6 3 1 2 0    0   1
7  6 5 3 4 0    1   0
7  6 6 1 3 0    1   0
8  2 2 1 2 66   1   0
8  2 2 1 4 66   0   1
8  2 3 2 1 66   1   0
8  2 3 4 3 66   0   1
8  3 3 1 4 66   1   0
8  3 3 3 4 66   0   1
9  3 3 3 2 12   0   1
9  3 4 3 2 8    1   0
9  3 6 2 1 12   0   1
9  4 5 2 1 8    1   0
9  5 5 1 4 8    1   0
9  6 5 3 4 12   0   1
9  6 6 1 3 12   0   1
10 4 4 2 1 4    0   1
10 4 4 4 1 11   1   0
10 5 4 1 2 4    0   1
10 5 4 3 4 11   1   0
10 5 5 3 1 4    0   1
11 3 3 4 3 4    1   0
11 3 4 3 2 4    1   0
11 3 6 4 2 44   0   1
11 4 4 2 3 4    1   0
11 4 4 4 3 44   0   1
11 5 4 3 4 44   0   1
11 5 5 2 3 44   0   1
11 6 5 2 2 44   0   1
12 1 1 1 2 21   0   1
12 2 1 1 1 21   0   1
12 2 1 3 2 29   1   0
12 2 2 3 1 21   0   1
13 1 1 2 3 8    0   1
13 1 3 2 1 0    1   0
13 1 3 3 3 8    0   1
13 3 3 1 4 0    1   0
13 3 3 3 2 8    0   1
13 3 6 2 1 8    0   1
13 3 6 4 2 0    1   0
13 6 6 2 1 0    1   0
14 3 3 2 3 48   0   1
14 3 4 3 2 48   0   1
14 3 6 2 1 4    1   0
14 4 5 2 1 48   0   1
14 5 5 1 2 48   0   1
14 6 5 2 2 4    1   0
14 6 6 1 2 4    1   0
15 3 2 3 4 23   1   0
15 3 3 2 3 23   1   0
15 5 2 1 4 15   0   1
15 5 5 2 1 15   0   1
15 6 3 1 2 23   1   0
15 6 5 2 2 15   0   1
15 6 6 1 2 15   0   1
;

