Index = 298
_solve_time = 1597.75

:              xp  xb    :=
1  1 1 2 1 29   1   0
1  1 1 3 1 46   0   1
1  4 1 1 2 29   1   0
1  4 1 3 3 46   0   1
1  4 4 4 1 29   1   0
1  4 4 4 3 46   0   1
2  2 3 4 3 4    1   0
2  4 3 2 3 73   0   1
2  5 2 1 4 4    1   0
2  5 4 1 2 73   0   1
3  2 2 2 4 20   0   1
3  2 3 2 1 62   1   0
3  2 3 4 3 20   0   1
3  3 3 1 2 62   1   0
3  3 3 3 2 20   0   1
4  1 1 2 3 57   0   1
4  1 3 3 3 57   0   1
4  4 1 1 2 57   0   1
4  4 3 2 3 1    1   0
4  4 4 1 2 1    1   0
5  3 3 4 2 7    0   1
5  3 6 2 1 7    0   1
5  3 6 4 2 6    1   0
5  6 6 1 3 7    0   1
5  6 6 2 3 6    1   0
6  1 2 2 3 23   0   1
6  1 3 2 1 45   1   0
6  2 2 3 4 23   0   1
6  2 5 4 1 23   0   1
6  3 3 1 4 45   1   0
6  3 6 4 2 45   1   0
6  5 5 1 2 23   0   1
6  6 5 2 2 45   1   0
7  2 2 1 2 9    0   1
7  2 2 3 1 9    0   1
7  2 2 3 2 4    1   0
8  1 1 1 2 55   0   1
8  1 2 1 1 0    1   0
8  1 3 2 1 55   0   1
8  2 2 1 4 0    1   0
8  2 5 4 1 0    1   0
8  3 3 1 4 55   0   1
8  3 6 4 2 55   0   1
8  5 5 1 2 0    1   0
8  6 5 2 2 55   0   1
9  1 3 2 1 1    0   1
9  2 1 3 2 1    0   1
9  2 2 3 2 49   1   0
9  2 3 2 1 49   1   0
9  3 3 1 2 49   1   0
9  3 3 1 4 1    0   1
9  3 6 2 1 49   1   0
9  3 6 4 2 1    0   1
9  6 6 2 1 1    0   1
10 1 1 1 2 2    0   1
10 1 2 1 1 22   1   0
10 1 2 2 3 2    0   1
10 2 2 1 3 22   1   0
11 2 3 4 3 0    0   1
11 2 5 4 1 37   1   0
11 3 4 3 2 0    0   1
11 4 4 1 3 0    0   1
11 4 4 2 1 0    0   1
11 4 4 2 3 37   1   0
11 5 4 1 2 37   1   0
12 4 4 2 4 0    0   1
12 4 5 2 1 4    1   0
12 4 5 4 3 0    0   1
12 5 5 1 4 4    1   0
12 5 5 3 4 0    0   1
13 3 3 3 4 64   0   1
13 3 6 4 2 64   0   1
13 4 3 2 3 64   0   1
13 4 5 2 1 31   1   0
13 5 5 1 2 31   1   0
13 5 6 2 2 31   1   0
14 1 1 1 2 14   0   1
14 1 2 1 1 13   1   0
14 1 3 2 1 14   0   1
14 2 2 1 2 13   1   0
14 3 2 1 2 14   0   1
15 1 1 3 2 26   0   1
15 1 3 2 1 26   0   1
15 1 3 3 3 9    1   0
15 2 5 4 1 9    1   0
15 3 2 3 4 9    1   0
15 3 3 1 4 26   0   1
15 3 6 4 2 26   0   1
15 5 5 1 2 9    1   0
15 6 5 2 2 26   0   1
;

