Index = 349
_solve_time = 19519.2

:              xp  xb    :=
1  1 3 3 3 22   0   1
1  4 1 3 3 22   0   1
1  4 3 2 3 47   1   0
1  4 4 3 2 47   1   0
2  2 2 4 2 28   0   1
2  2 3 2 1 28   0   1
2  3 3 3 1 56   1   0
2  4 3 2 3 56   1   0
2  5 2 1 4 28   0   1
2  5 4 1 2 56   1   0
3  2 2 4 2 0    0   1
3  2 3 2 1 0    0   1
3  2 3 4 3 1    1   0
3  3 3 1 2 0    0   1
3  3 3 3 2 1    1   0
4  1 1 2 3 67   0   1
4  4 1 1 2 67   0   1
4  4 1 3 3 0    1   0
4  4 4 2 1 67   0   1
4  4 4 2 3 0    1   0
5  2 2 2 4 13   0   1
5  2 5 4 1 13   0   1
5  3 2 1 2 13   0   1
5  3 3 1 3 18   1   0
5  3 4 3 2 18   1   0
5  4 4 2 1 13   0   1
5  4 4 2 4 18   1   0
5  4 4 4 1 18   1   0
5  5 4 1 2 13   0   1
6  2 3 4 3 33   0   1
6  2 5 4 1 19   1   0
6  3 4 3 2 33   0   1
6  4 4 2 3 19   1   0
6  4 4 2 4 33   0   1
6  4 4 4 3 33   0   1
6  5 4 1 2 19   1   0
7  3 3 2 3 74   1   0
7  3 3 4 3 0    0   1
7  6 3 1 2 74   1   0
7  6 3 2 4 0    0   1
7  6 6 3 1 74   1   0
7  6 6 3 2 0    0   1
8  3 3 2 3 69   1   0
8  3 4 3 2 69   1   0
8  3 6 2 1 24   0   1
8  4 4 2 3 69   1   0
8  4 4 4 3 24   0   1
8  5 4 3 4 24   0   1
8  5 5 4 3 24   0   1
8  6 5 3 4 24   0   1
8  6 6 1 3 24   0   1
9  1 1 2 3 47   0   1
9  4 1 1 2 47   0   1
9  4 1 3 3 29   1   0
9  4 4 2 1 47   0   1
9  4 4 2 3 29   1   0
10 2 1 3 2 49   1   0
10 2 2 4 3 49   1   0
10 3 3 4 3 4    0   1
10 3 4 3 2 4    0   1
10 4 1 1 2 4    0   1
10 4 4 2 1 4    0   1
10 5 2 1 4 49   1   0
10 5 5 2 1 49   1   0
10 6 3 2 4 4    0   1
10 6 5 2 2 49   1   0
11 6 6 2 1 74   0   1
11 6 6 3 1 29   1   0
11 6 6 3 2 74   0   1
12 1 1 2 3 73   0   1
12 4 1 1 2 73   0   1
12 4 1 3 3 59   1   0
12 4 4 1 3 59   1   0
13 1 2 2 3 22   1   0
13 2 2 4 3 23   0   1
13 4 1 1 2 22   1   0
13 4 4 3 1 22   1   0
13 4 4 3 2 23   0   1
13 4 5 2 1 23   0   1
13 5 2 1 4 23   0   1
14 2 2 1 2 35   0   1
14 2 2 1 4 48   1   0
14 2 3 2 1 35   0   1
14 2 5 4 1 48   1   0
14 3 3 1 4 35   0   1
14 3 6 4 2 35   0   1
14 5 5 1 3 48   1   0
14 5 5 2 3 35   0   1
14 6 5 2 2 35   0   1
15 2 2 1 3 0    0   1
15 2 2 2 1 0    0   1
15 2 2 2 3 2    1   0
;

