Index = 249
_solve_time = 1691.33

:              xp  xb    :=
1  5 5 2 4 40   1   0
1  6 5 2 2 40   1   0
1  6 5 3 4 25   0   1
1  6 6 2 3 25   0   1
2  3 3 3 4 10   0   1
2  3 6 4 2 10   0   1
2  4 3 2 3 10   0   1
2  4 4 4 2 10   0   1
2  4 5 4 3 0    1   0
2  5 5 3 2 0    1   0
2  5 6 2 2 0    1   0
3  3 3 4 3 29   1   0
3  3 4 3 2 29   1   0
3  3 6 4 2 2    0   1
3  4 4 2 1 29   1   0
3  4 4 4 1 2    0   1
3  5 4 3 4 2    0   1
3  5 5 2 3 2    0   1
3  6 5 2 2 2    0   1
4  2 2 4 2 17   0   1
4  3 2 1 2 65   1   0
4  3 2 3 4 17   0   1
4  3 3 4 1 65   1   0
4  3 3 4 3 17   0   1
5  1 1 2 1 60   0   1
5  1 2 1 1 60   0   1
5  2 2 4 1 6    1   0
5  4 1 1 2 60   0   1
5  4 4 4 1 60   0   1
5  5 2 1 4 6    1   0
5  5 4 3 4 60   0   1
5  5 5 3 1 6    1   0
6  2 5 4 1 0    1   0
6  3 2 3 4 0    1   0
6  3 4 3 2 26   0   1
6  4 4 2 4 26   0   1
6  4 5 4 3 26   0   1
6  5 5 1 4 0    1   0
6  5 5 3 4 26   0   1
7  6 6 1 2 1    1   0
7  6 6 1 3 13   0   1
7  6 6 3 2 13   0   1
8  3 3 2 4 14   0   1
8  3 6 2 1 0    1   0
8  3 6 4 2 14   0   1
8  6 6 2 1 14   0   1
9  1 1 2 1 50   1   0
9  1 1 3 1 57   0   1
9  4 1 1 2 50   1   0
9  4 1 3 3 57   0   1
9  4 4 1 3 57   0   1
10 1 1 2 1 6    1   0
10 1 1 3 1 38   0   1
10 4 1 1 2 6    1   0
10 4 1 3 3 38   0   1
10 4 4 1 3 38   0   1
11 2 2 2 3 0    0   1
11 2 2 4 3 58   1   0
11 3 2 1 2 0    0   1
11 3 3 4 1 0    0   1
11 5 2 1 4 58   1   0
11 5 5 4 1 58   1   0
11 6 3 2 4 0    0   1
11 6 5 3 4 58   1   0
11 6 6 3 2 0    0   1
12 5 5 1 2 51   0   1
12 5 5 3 1 51   0   1
12 5 5 3 2 4    1   0
13 4 4 4 2 0    1   0
13 4 5 2 1 0    1   0
13 4 5 4 3 30   0   1
13 5 5 3 1 30   0   1
14 3 3 3 4 42   0   1
14 3 6 4 2 42   0   1
14 4 3 2 3 42   0   1
14 4 4 4 2 42   0   1
14 4 5 4 3 58   1   0
14 5 5 3 2 58   1   0
14 5 6 2 2 58   1   0
15 1 1 3 1 13   1   0
15 1 2 1 1 13   1   0
15 2 2 4 1 8    0   1
15 4 1 3 3 13   1   0
15 4 4 3 2 8    0   1
15 4 5 2 1 8    0   1
15 5 2 1 4 8    0   1
;

