Index = 291
_solve_time = 16350.5

:              xp  xb    :=
1  2 2 1 2 29   0   1
1  2 2 1 4 0    1   0
1  2 3 2 1 29   0   1
1  2 3 4 3 0    1   0
1  3 3 1 2 29   0   1
1  3 3 3 2 0    1   0
2  1 1 3 2 23   0   1
2  1 3 2 1 23   0   1
2  3 3 1 2 23   0   1
2  3 3 3 2 35   1   0
2  4 1 3 3 23   0   1
2  4 3 2 3 35   1   0
2  4 4 3 2 35   1   0
3  4 4 2 3 34   1   0
3  4 4 4 3 2    0   1
3  5 4 1 2 34   1   0
3  5 4 3 4 2    0   1
3  5 5 4 1 34   1   0
3  5 5 4 3 2    0   1
4  2 2 3 2 50   0   1
4  2 2 3 4 49   1   0
4  2 3 2 1 50   0   1
4  2 3 4 3 49   1   0
4  3 3 1 4 50   0   1
4  3 3 3 4 49   1   0
5  4 4 2 4 60   0   1
5  5 4 1 2 60   0   1
5  5 4 3 4 73   1   0
5  5 5 2 1 60   0   1
5  5 5 2 3 73   1   0
6  2 2 2 3 0    0   1
6  2 2 4 3 46   1   0
6  3 2 1 2 0    0   1
6  3 3 4 1 0    0   1
6  5 2 1 4 46   1   0
6  5 5 4 1 46   1   0
6  6 3 2 4 0    0   1
6  6 5 3 4 46   1   0
6  6 6 3 2 0    0   1
7  4 4 3 2 51   0   1
7  4 4 3 4 22   1   0
7  4 5 2 1 51   0   1
7  4 5 4 3 22   1   0
7  5 5 1 4 51   0   1
7  5 5 3 4 22   1   0
8  4 4 2 3 2    0   1
8  4 4 2 4 24   1   0
8  4 4 3 4 2    0   1
9  3 3 2 3 39   1   0
9  3 4 3 2 39   1   0
9  5 4 1 2 20   0   1
9  5 5 4 1 20   0   1
9  6 3 1 2 39   1   0
9  6 5 3 4 20   0   1
9  6 6 1 3 20   0   1
10 2 1 3 2 67   0   1
10 2 2 4 3 67   0   1
10 3 2 3 4 67   0   1
10 3 4 3 2 48   1   0
10 4 1 1 2 48   1   0
10 4 4 2 1 48   1   0
11 1 1 1 3 0    1   0
11 1 2 1 1 25   0   1
11 1 3 3 3 0    1   0
11 2 2 1 4 25   0   1
11 2 5 4 1 25   0   1
11 3 3 3 4 0    1   0
11 3 6 4 2 0    1   0
11 5 5 1 4 25   0   1
11 5 6 4 3 25   0   1
11 6 6 2 3 0    1   0
12 3 3 1 2 74   1   0
12 3 3 1 3 18   0   1
12 3 3 3 2 18   0   1
13 3 3 4 3 16   0   1
13 3 4 3 2 16   0   1
13 5 4 1 2 7    1   0
13 5 5 2 1 7    1   0
13 6 3 2 4 16   0   1
13 6 5 2 2 7    1   0
14 2 3 4 3 42   0   1
14 2 5 4 1 48   1   0
14 3 3 3 4 42   0   1
14 3 6 4 2 42   0   1
14 5 5 1 2 48   1   0
14 5 6 2 2 48   1   0
15 1 1 1 3 49   0   1
15 1 2 1 1 73   1   0
15 1 3 3 3 49   0   1
15 2 2 1 4 73   1   0
15 2 5 4 1 73   1   0
15 3 4 3 2 49   0   1
15 4 5 2 1 49   0   1
;

