Index = 295
_solve_time = 1715.45

:              xp  xb    :=
1  2 2 2 1 26   1   0
1  2 2 4 1 6    0   1
1  3 2 1 2 26   1   0
1  3 2 3 4 6    0   1
1  3 3 1 3 6    0   1
2  2 2 2 3 3    1   0
2  2 2 4 3 13   0   1
2  3 2 1 2 3    1   0
2  3 2 3 4 13   0   1
2  3 3 2 1 3    1   0
2  3 3 4 3 13   0   1
2  6 3 1 2 3    1   0
2  6 3 2 4 13   0   1
2  6 6 1 2 13   0   1
3  1 1 2 1 28   1   0
3  1 1 2 3 37   0   1
3  1 1 3 1 37   0   1
4  2 2 1 2 38   0   1
4  2 2 1 4 68   1   0
4  2 3 2 1 38   0   1
4  2 5 4 1 68   1   0
4  3 3 1 3 38   0   1
4  3 4 3 2 38   0   1
4  4 4 2 1 68   1   0
4  4 4 2 3 38   0   1
4  4 4 3 1 38   0   1
4  5 4 1 2 68   1   0
5  3 3 1 2 26   0   1
5  3 3 1 4 49   1   0
5  3 6 2 1 26   0   1
5  3 6 4 2 49   1   0
5  6 6 1 2 26   0   1
6  1 1 2 3 17   0   1
6  1 3 3 3 17   0   1
6  2 1 3 2 17   0   1
6  2 2 3 4 0    1   0
6  2 5 4 1 0    1   0
6  3 4 3 2 17   0   1
6  4 5 2 1 17   0   1
7  2 2 1 3 8    0   1
7  2 2 1 4 60   1   0
7  2 2 3 4 8    0   1
7  2 3 4 3 60   1   0
7  2 5 4 1 8    0   1
7  3 4 3 2 60   1   0
7  5 4 1 2 8    0   1
8  2 2 1 2 8    0   1
8  2 2 1 4 7    1   0
8  2 3 2 1 8    0   1
8  2 3 4 3 7    1   0
8  3 3 1 4 8    0   1
8  3 3 3 4 7    1   0
9  2 3 4 3 48   1   0
9  2 5 4 1 33   0   1
9  4 3 2 3 33   0   1
9  5 4 1 2 33   0   1
10 2 1 3 2 69   1   0
10 2 2 4 3 69   1   0
10 4 1 1 2 16   0   1
10 4 4 2 1 16   0   1
10 5 2 1 4 69   1   0
10 5 4 1 2 16   0   1
11 4 4 2 4 43   0   1
11 5 4 1 2 43   0   1
11 5 4 3 4 6    1   0
11 5 5 3 1 43   0   1
12 1 1 3 1 19   0   1
12 2 1 1 1 48   1   0
12 2 2 4 1 48   1   0
12 4 1 3 3 19   0   1
12 4 4 2 3 19   0   1
12 5 2 1 4 48   1   0
12 5 4 1 2 19   0   1
13 2 5 4 1 20   0   1
13 3 2 3 4 20   0   1
13 3 3 1 3 20   0   1
13 3 3 2 1 20   0   1
13 3 3 2 3 30   1   0
13 3 4 3 2 30   1   0
13 5 4 1 2 20   0   1
14 5 5 1 2 70   0   1
14 5 5 3 1 70   0   1
14 5 5 3 2 9    1   0
15 2 1 3 2 37   0   1
15 2 2 4 3 37   0   1
15 4 1 1 2 0    1   0
15 4 4 2 1 0    1   0
15 5 2 1 4 37   0   1
15 5 4 1 2 0    1   0
;

