Index = 295
_solve_time = 1475.12

:              xp  xb    :=
1  1 1 3 2 1    0   1
1  4 1 1 2 5    1   0
1  4 1 3 3 1    0   1
1  4 4 2 1 5    1   0
1  4 4 2 3 1    0   1
2  2 2 4 2 46   0   1
2  3 2 1 2 26   1   0
2  3 3 2 1 26   1   0
2  5 2 1 4 46   0   1
2  5 5 2 1 46   0   1
2  6 3 1 2 26   1   0
2  6 5 2 2 46   0   1
2  6 6 1 2 46   0   1
3  1 1 2 3 0    0   1
3  4 1 1 2 0    0   1
3  4 1 3 3 9    1   0
3  4 4 2 1 0    0   1
3  4 4 2 3 9    1   0
4  2 2 2 1 0    0   1
4  2 2 3 1 4    1   0
4  2 2 3 2 0    0   1
5  4 4 4 2 0    1   0
5  4 5 2 1 0    1   0
5  4 5 4 3 38   0   1
5  5 5 1 4 0    1   0
5  5 5 3 2 38   0   1
5  5 6 2 2 38   0   1
5  5 6 4 3 0    1   0
5  6 6 2 3 38   0   1
6  1 2 2 3 20   0   1
6  2 2 4 3 50   1   0
6  4 1 1 2 20   0   1
6  4 4 2 1 20   0   1
6  5 2 1 4 50   1   0
6  5 4 1 2 20   0   1
7  2 2 1 4 0    0   1
7  2 2 3 1 0    0   1
7  2 2 3 4 15   1   0
7  2 3 4 3 0    0   1
7  2 5 4 1 15   1   0
7  3 4 3 2 0    0   1
7  4 4 2 4 0    0   1
7  4 5 4 3 0    0   1
7  5 5 1 3 15   1   0
8  3 3 2 1 5    1   0
8  3 3 2 4 52   0   1
8  3 3 4 1 52   0   1
9  3 3 2 1 52   0   1
9  3 3 4 1 13   1   0
9  6 3 1 2 52   0   1
9  6 3 2 4 13   1   0
9  6 6 2 1 52   0   1
10 4 4 1 3 12   0   1
10 4 4 2 1 12   0   1
10 4 4 2 3 59   1   0
11 2 2 2 3 2    0   1
11 2 2 4 3 1    1   0
11 3 2 1 2 2    0   1
11 3 3 2 1 2    0   1
11 5 2 1 4 1    1   0
11 5 5 4 1 1    1   0
11 6 3 1 2 2    0   1
11 6 5 3 4 1    1   0
11 6 6 3 1 2    0   1
12 5 5 4 2 3    0   1
12 6 5 2 2 5    1   0
12 6 5 3 4 3    0   1
12 6 6 2 3 3    0   1
13 3 3 1 3 36   0   1
13 3 3 1 4 30   1   0
13 3 3 3 4 36   0   1
14 2 2 2 4 9    0   1
14 2 5 4 1 9    0   1
14 3 2 1 2 9    0   1
14 3 3 1 3 70   1   0
14 3 4 3 2 70   1   0
14 4 4 2 1 70   1   0
14 4 4 2 4 9    0   1
14 4 4 4 1 9    0   1
14 5 4 1 2 9    0   1
15 2 2 1 3 57   1   0
15 2 2 1 4 41   0   1
15 2 2 4 3 41   0   1
;

