Index = 256
_solve_time = 2840.43

:              xp  xb    :=
1  3 3 1 3 12   0   1
1  3 3 2 1 12   0   1
1  3 3 2 3 16   1   0
2  3 3 2 3 73   1   0
2  3 3 4 3 3    0   1
2  6 3 1 2 73   1   0
2  6 3 2 4 3    0   1
2  6 6 3 1 73   1   0
2  6 6 3 2 3    0   1
3  2 2 1 2 34   1   0
3  2 2 1 4 7    0   1
3  2 3 2 1 34   1   0
3  2 3 4 3 7    0   1
3  3 3 1 4 34   1   0
3  3 3 3 4 7    0   1
4  1 1 2 1 25   0   1
4  2 1 1 1 0    1   0
4  2 1 3 2 25   0   1
4  2 2 2 1 0    1   0
4  2 2 4 3 25   0   1
4  3 2 1 2 0    1   0
4  3 3 4 1 0    1   0
4  5 2 1 4 25   0   1
4  5 5 2 1 25   0   1
4  6 3 2 4 0    1   0
4  6 5 2 2 25   0   1
5  1 1 1 3 60   0   1
5  2 1 1 1 60   0   1
5  2 2 2 1 60   0   1
5  3 2 1 2 60   0   1
5  3 3 2 1 60   0   1
5  3 3 2 3 1    1   0
5  3 4 3 2 1    1   0
5  4 1 3 3 1    1   0
5  4 4 2 3 1    1   0
6  2 2 1 2 0    1   0
6  2 2 1 4 11   0   1
6  2 3 2 1 0    1   0
6  2 3 4 3 11   0   1
6  3 3 1 2 0    1   0
6  3 3 3 4 11   0   1
6  3 6 2 1 0    1   0
6  3 6 4 2 11   0   1
6  6 6 2 1 11   0   1
7  3 3 4 2 14   0   1
7  3 6 2 1 14   0   1
7  3 6 4 2 68   1   0
7  6 6 1 2 14   0   1
8  3 3 4 2 42   0   1
8  6 3 1 2 2    1   0
8  6 3 2 4 42   0   1
8  6 6 3 1 2    1   0
8  6 6 3 2 42   0   1
9  5 5 2 3 44   1   0
9  5 5 4 3 68   0   1
9  6 5 2 2 44   1   0
9  6 5 3 4 68   0   1
9  6 6 2 3 68   0   1
10 2 3 4 3 41   1   0
10 2 5 4 1 25   0   1
10 3 3 3 4 41   1   0
10 3 6 4 2 41   1   0
10 5 5 1 2 25   0   1
10 5 6 2 2 25   0   1
11 5 5 2 3 64   0   1
11 5 5 4 3 9    1   0
11 6 5 2 2 64   0   1
11 6 5 3 4 9    1   0
11 6 6 3 2 64   0   1
12 1 1 2 3 2    1   0
12 2 1 3 2 2    1   0
12 2 2 2 3 2    1   0
12 3 2 1 2 2    1   0
12 3 3 1 3 0    0   1
12 3 4 3 2 0    0   1
12 4 1 3 3 0    0   1
12 4 4 2 3 0    0   1
13 2 3 4 3 57   0   1
13 3 3 3 4 57   0   1
13 5 2 1 4 57   0   1
13 5 5 4 1 57   0   1
13 5 6 4 3 16   1   0
13 6 3 2 4 16   1   0
13 6 6 3 2 16   1   0
14 2 2 2 3 9    0   1
14 2 2 4 3 58   1   0
14 3 2 1 2 9    0   1
14 3 2 3 4 58   1   0
14 3 3 3 1 9    0   1
15 3 3 3 2 1    1   0
15 3 6 2 1 1    1   0
15 4 3 2 3 1    1   0
15 4 4 3 2 1    1   0
15 4 4 3 4 4    0   1
15 4 5 4 3 4    0   1
15 5 5 3 2 4    0   1
15 5 6 2 2 4    0   1
15 6 6 2 1 4    0   1
;

