Index = 224
_solve_time = 1051.3

:              xp  xb    :=
1  3 3 2 3 43   1   0
1  3 3 4 3 11   0   1
1  6 3 1 2 43   1   0
1  6 3 2 4 11   0   1
1  6 6 1 2 11   0   1
2  2 2 4 2 1    0   1
2  3 2 1 2 0    1   0
2  3 3 3 1 0    1   0
2  4 3 2 3 0    1   0
2  4 5 2 1 1    0   1
2  5 2 1 4 1    0   1
3  1 1 2 1 26   1   0
3  2 1 1 1 29   0   1
3  2 2 2 1 29   0   1
3  3 2 1 2 29   0   1
3  3 3 2 3 26   1   0
3  3 3 4 1 29   0   1
3  3 4 3 2 26   1   0
3  4 1 1 2 26   1   0
3  4 4 2 1 26   1   0
3  6 3 1 2 26   1   0
3  6 3 2 4 29   0   1
3  6 6 1 2 29   0   1
4  3 3 2 1 46   1   0
4  3 3 2 3 73   0   1
4  3 3 3 1 73   0   1
5  1 1 1 3 41   0   1
5  2 1 1 1 41   0   1
5  2 2 4 1 41   0   1
5  4 1 3 3 4    1   0
5  4 4 2 3 4    1   0
5  5 2 1 4 41   0   1
5  5 4 1 2 4    1   0
6  1 3 2 1 3    0   1
6  3 3 1 2 3    0   1
6  3 3 3 2 18   1   0
6  4 1 1 2 3    0   1
6  4 3 2 3 18   1   0
6  4 4 4 1 3    0   1
6  4 4 4 2 18   1   0
7  1 3 3 3 12   0   1
7  3 3 3 4 12   0   1
7  3 6 4 2 12   0   1
7  4 1 3 3 12   0   1
7  4 4 3 4 0    1   0
7  4 5 4 3 0    1   0
7  5 5 3 2 0    1   0
7  5 6 2 2 0    1   0
8  2 2 3 2 48   0   1
8  2 2 4 2 7    1   0
8  2 2 4 3 48   0   1
9  2 2 4 2 30   0   1
9  2 3 2 1 30   0   1
9  2 3 4 3 56   1   0
9  3 3 1 4 30   0   1
9  3 3 3 4 56   1   0
10 2 2 2 3 55   1   0
10 2 2 4 3 66   0   1
10 3 2 1 2 55   1   0
10 3 2 3 4 66   0   1
10 3 3 1 3 66   0   1
11 5 5 2 1 28   0   1
11 5 5 4 1 3    1   0
11 6 5 2 2 28   0   1
11 6 5 3 4 3    1   0
11 6 6 3 2 28   0   1
12 1 1 1 2 10   0   1
12 1 3 2 1 10   0   1
12 2 1 1 1 10   0   1
12 2 2 1 2 63   1   0
12 2 3 2 1 63   1   0
13 1 1 1 2 1    0   1
13 1 2 1 1 1    1   0
13 1 2 2 3 1    0   1
13 2 2 1 3 1    1   0
14 3 3 2 3 38   1   0
14 3 3 2 4 4    0   1
14 3 3 4 3 4    0   1
15 2 2 1 2 72   0   1
15 2 2 1 4 71   1   0
15 2 3 2 1 72   0   1
15 2 3 4 3 71   1   0
15 3 3 1 4 72   0   1
15 3 3 3 2 71   1   0
15 3 6 2 1 71   1   0
15 3 6 4 2 72   0   1
15 6 6 2 1 72   0   1
;

