Index = 330
_solve_time = 19513.1

:              xp  xb    :=
1  2 3 4 3 23   0   1
1  3 3 3 4 23   0   1
1  5 2 1 4 23   0   1
1  5 5 1 2 0    1   0
1  5 6 2 2 0    1   0
1  6 3 2 4 0    1   0
2  1 1 1 2 28   0   1
2  1 1 1 3 49   1   0
2  1 3 2 1 28   0   1
2  1 3 3 3 49   1   0
2  3 3 1 4 28   0   1
2  3 3 3 2 49   1   0
2  3 6 2 1 49   1   0
2  3 6 4 2 28   0   1
2  6 6 1 3 49   1   0
2  6 6 2 3 28   0   1
3  1 1 3 2 49   0   1
3  4 1 1 2 48   1   0
3  4 1 3 3 49   0   1
3  4 4 3 1 48   1   0
4  2 2 2 4 2    0   1
4  2 3 2 1 11   1   0
4  2 3 4 3 2    0   1
4  3 3 3 1 2    0   1
5  1 1 1 2 61   0   1
5  1 2 1 1 31   1   0
5  1 2 2 3 61   0   1
5  2 2 3 1 61   0   1
6  2 2 2 1 46   0   1
6  2 2 4 1 9    1   0
6  3 2 1 2 46   0   1
6  3 3 4 1 46   0   1
6  5 2 1 4 9    1   0
6  5 5 4 1 9    1   0
6  6 3 2 4 46   0   1
6  6 5 3 4 9    1   0
6  6 6 3 2 46   0   1
7  1 2 2 3 24   0   1
7  1 3 2 1 50   1   0
7  2 2 3 2 24   0   1
7  3 2 1 2 50   1   0
8  2 1 3 2 38   1   0
8  2 2 2 3 38   1   0
8  3 2 1 2 38   1   0
8  3 3 1 3 44   0   1
8  3 4 3 2 44   0   1
8  4 1 1 2 44   0   1
8  4 4 2 1 44   0   1
9  3 3 2 1 34   1   0
9  3 3 3 1 42   0   1
9  4 3 2 3 42   0   1
9  5 4 1 2 42   0   1
9  5 5 4 1 42   0   1
9  5 6 4 3 34   1   0
9  6 3 1 2 34   1   0
9  6 6 3 1 34   1   0
10 1 1 1 3 67   0   1
10 1 1 2 3 69   1   0
10 2 1 1 1 67   0   1
10 2 1 3 2 69   1   0
10 2 2 3 1 67   0   1
11 2 5 4 1 47   0   1
11 3 2 3 4 47   0   1
11 3 3 2 3 47   0   1
11 3 3 2 4 1    1   0
11 3 6 4 2 1    1   0
11 5 5 1 2 47   0   1
11 6 5 2 2 1    1   0
12 4 4 4 2 3    0   1
12 5 4 1 2 22   1   0
12 5 4 3 4 3    0   1
12 5 5 2 1 22   1   0
12 5 5 2 3 3    0   1
13 3 3 2 3 22   1   0
13 3 3 2 4 49   0   1
13 3 4 3 2 22   1   0
13 3 6 4 2 49   0   1
13 4 4 2 4 22   1   0
13 5 4 3 4 49   0   1
13 5 5 2 3 49   0   1
13 6 5 2 2 49   0   1
14 1 1 3 1 46   1   0
14 1 2 1 1 46   1   0
14 2 2 4 1 47   0   1
14 4 1 3 3 46   1   0
14 4 4 3 2 47   0   1
14 4 5 2 1 47   0   1
14 5 2 1 4 47   0   1
15 1 1 2 3 0    1   0
15 1 2 2 3 70   0   1
15 1 3 3 3 0    1   0
15 2 2 3 4 70   0   1
15 2 5 4 1 70   0   1
15 3 4 3 2 0    1   0
15 4 4 2 4 0    1   0
15 5 4 3 4 70   0   1
15 5 5 1 3 70   0   1
;

