Index = 268
_solve_time = 1517.18

:              xp  xb    :=
1  3 3 4 2 8    0   1
1  3 6 2 1 8    0   1
1  3 6 4 2 68   1   0
1  6 6 1 3 8    0   1
1  6 6 2 3 68   1   0
2  2 5 4 1 56   0   1
2  3 2 3 4 56   0   1
2  3 4 3 2 5    1   0
2  5 4 1 2 56   0   1
3  2 2 4 2 62   0   1
3  2 3 2 1 62   0   1
3  2 3 4 3 0    1   0
3  3 3 1 3 62   0   1
4  2 2 2 3 0    0   1
4  2 2 4 3 2    1   0
4  3 2 1 2 0    0   1
4  3 3 2 1 0    0   1
4  5 2 1 4 2    1   0
4  5 5 4 1 2    1   0
4  6 3 1 2 0    0   1
4  6 5 3 4 2    1   0
4  6 6 3 1 0    0   1
5  2 2 2 4 16   0   1
5  3 2 1 2 16   0   1
5  3 2 3 4 38   1   0
5  3 3 3 1 16   0   1
6  1 1 2 1 40   0   1
6  1 1 3 1 5    1   0
6  4 1 1 2 40   0   1
6  4 1 3 3 5    1   0
6  4 4 3 1 40   0   1
7  2 2 2 3 61   0   1
7  2 2 4 3 51   1   0
7  3 2 1 2 61   0   1
7  3 2 3 4 51   1   0
7  3 3 3 1 61   0   1
8  1 2 2 3 0    1   0
8  1 3 2 1 0    0   1
8  2 2 3 4 0    1   0
8  2 5 4 1 0    1   0
8  3 3 1 2 0    0   1
8  3 6 2 1 0    0   1
8  5 5 1 4 0    1   0
8  6 5 3 4 0    0   1
8  6 6 1 3 0    0   1
9  5 5 4 2 38   1   0
9  6 5 2 2 8    0   1
9  6 5 3 4 38   1   0
9  6 6 3 2 8    0   1
10 1 1 2 1 15   0   1
10 2 1 1 1 24   1   0
10 2 1 3 2 15   0   1
10 2 2 2 3 15   0   1
10 2 2 4 1 24   1   0
10 3 2 1 2 15   0   1
10 3 2 3 4 24   1   0
10 3 3 4 1 15   0   1
10 3 3 4 3 24   1   0
11 4 4 4 2 33   0   1
11 5 4 1 2 1    1   0
11 5 4 3 4 33   0   1
11 5 5 2 1 1    1   0
11 5 5 2 3 33   0   1
12 5 5 3 2 9    1   0
12 5 5 3 4 25   0   1
12 5 6 2 2 9    1   0
12 5 6 4 3 25   0   1
12 6 6 3 2 25   0   1
13 3 2 3 4 18   0   1
13 4 3 2 3 18   0   1
13 4 4 4 2 18   0   1
13 4 5 4 3 24   1   0
13 5 2 1 4 24   1   0
13 5 5 3 1 24   1   0
14 3 3 3 4 31   0   1
14 4 3 2 3 31   0   1
14 5 4 1 2 31   0   1
14 5 5 3 1 31   0   1
14 5 5 3 2 19   1   0
14 5 6 2 2 19   1   0
14 6 3 2 4 19   1   0
15 2 2 2 1 46   1   0
15 2 2 4 1 71   0   1
15 2 2 4 2 46   1   0
15 3 2 3 4 71   0   1
15 4 3 2 3 71   0   1
15 5 2 1 4 46   1   0
15 5 4 1 2 71   0   1
;

