Index = 280
_solve_time = 1449

:              xp  xb    :=
1  1 1 3 2 40   0   1
1  1 3 2 1 40   0   1
1  1 3 3 3 0    1   0
1  3 3 1 2 40   0   1
1  3 3 3 2 0    1   0
2  2 5 4 1 8    0   1
2  3 2 3 4 8    0   1
2  3 3 2 3 8    0   1
2  3 3 2 4 16   1   0
2  3 6 4 2 16   1   0
2  5 5 1 2 8    0   1
2  6 5 2 2 16   1   0
3  1 3 2 1 50   1   0
3  3 3 3 1 2    0   1
3  4 1 1 2 50   1   0
3  4 3 2 3 2    0   1
3  4 4 1 2 2    0   1
4  2 2 2 4 61   1   0
4  2 3 2 1 5    0   1
4  2 3 4 3 61   1   0
4  3 3 1 3 5    0   1
5  2 2 2 4 43   0   1
5  2 5 4 1 43   0   1
5  3 2 1 2 43   0   1
5  3 3 1 3 7    1   0
5  3 4 3 2 7    1   0
5  4 4 1 3 7    1   0
5  4 4 2 1 7    1   0
5  4 4 2 3 43   0   1
5  5 4 1 2 43   0   1
6  2 2 2 4 67   0   1
6  2 3 2 1 0    1   0
6  2 3 4 3 67   0   1
6  3 3 1 2 0    1   0
6  3 3 3 2 67   0   1
7  5 5 2 1 65   1   0
7  5 5 2 3 28   0   1
7  5 5 3 1 28   0   1
8  1 1 1 2 12   0   1
8  1 1 1 3 58   1   0
8  1 3 2 1 12   0   1
8  1 3 3 3 58   1   0
8  3 3 1 2 12   0   1
8  3 3 3 2 58   1   0
9  2 2 1 2 72   0   1
9  2 2 1 4 0    1   0
9  2 3 2 1 72   0   1
9  2 5 4 1 0    1   0
9  3 3 1 2 72   0   1
9  3 6 2 1 72   0   1
9  5 5 1 4 0    1   0
9  5 6 4 3 0    1   0
9  6 6 1 3 72   0   1
10 3 3 2 3 30   0   1
10 3 3 2 4 1    1   0
10 3 3 3 4 30   0   1
11 1 1 1 3 65   1   0
11 1 1 2 3 4    0   1
11 2 1 1 1 65   1   0
11 2 1 3 2 4    0   1
11 2 2 4 1 65   1   0
11 2 2 4 3 4    0   1
12 1 1 3 1 7    1   0
12 1 2 1 1 7    1   0
12 1 2 2 3 0    0   1
12 2 2 1 2 7    1   0
12 2 2 3 2 0    0   1
12 4 1 1 2 0    0   1
12 4 1 3 3 7    1   0
12 4 4 3 1 0    0   1
13 1 1 3 2 24   0   1
13 1 2 2 3 24   0   1
13 1 3 3 3 47   1   0
13 2 2 3 4 24   0   1
13 3 2 3 4 47   1   0
14 2 2 2 3 49   1   0
14 2 2 4 3 0    0   1
14 3 2 1 2 49   1   0
14 3 3 2 1 49   1   0
14 5 2 1 4 0    0   1
14 5 5 2 1 0    0   1
14 6 3 1 2 49   1   0
14 6 5 2 2 0    0   1
14 6 6 1 2 0    0   1
15 2 5 4 1 38   0   1
15 3 2 3 4 38   0   1
15 3 4 3 2 62   1   0
15 4 4 2 1 38   0   1
15 4 4 2 3 62   1   0
15 4 4 3 1 62   1   0
15 5 4 1 2 38   0   1
;

