Index = 275
_solve_time = 1260

:              xp  xb    :=
1  3 2 3 4 67   0   1
1  4 3 2 3 67   0   1
1  4 4 4 2 67   0   1
1  4 5 4 3 0    1   0
1  5 2 1 4 0    1   0
1  5 5 3 1 0    1   0
2  1 1 3 2 44   0   1
2  1 3 2 1 44   0   1
2  1 3 3 3 72   1   0
2  3 3 1 3 44   0   1
3  1 3 2 1 0    0   1
3  2 1 3 2 0    0   1
3  2 2 3 4 12   1   0
3  2 5 4 1 12   1   0
3  3 3 1 4 0    0   1
3  3 6 4 2 0    0   1
3  5 5 1 3 12   1   0
3  5 5 2 3 0    0   1
3  6 5 2 2 0    0   1
4  2 3 4 3 2    0   1
4  2 5 4 1 51   1   0
4  3 4 3 2 2    0   1
4  4 4 2 1 51   1   0
4  4 4 2 4 2    0   1
4  4 4 4 1 2    0   1
4  5 4 1 2 51   1   0
5  3 3 1 3 0    0   1
5  3 3 1 4 2    1   0
5  3 4 3 2 0    0   1
5  3 6 4 2 2    1   0
5  4 5 2 1 0    0   1
5  5 5 1 2 0    0   1
5  6 5 2 2 2    1   0
6  2 3 4 3 6    0   1
6  2 5 4 1 2    1   0
6  3 4 3 2 6    0   1
6  4 4 2 4 6    0   1
6  4 5 4 3 6    0   1
6  5 5 1 3 2    1   0
7  1 1 2 3 32   0   1
7  1 2 2 3 0    1   0
7  1 3 3 3 32   0   1
7  2 2 3 4 0    1   0
7  2 5 4 1 0    1   0
7  3 4 3 2 32   0   1
7  4 4 1 3 32   0   1
7  4 4 2 1 32   0   1
7  4 4 2 3 0    1   0
7  5 4 1 2 0    1   0
8  1 1 2 1 36   1   0
8  1 1 3 1 50   0   1
8  4 1 1 2 36   1   0
8  4 1 3 3 50   0   1
8  4 4 4 1 36   1   0
8  4 4 4 3 50   0   1
9  4 4 1 2 47   0   1
9  4 4 3 1 47   0   1
9  4 4 3 2 54   1   0
10 3 2 3 4 53   1   0
10 4 3 2 3 53   1   0
10 4 5 2 1 61   0   1
10 5 2 1 4 61   0   1
11 1 1 3 2 6    0   1
11 1 3 2 1 6    0   1
11 1 3 3 3 62   1   0
11 3 3 1 4 6    0   1
11 3 3 3 4 62   1   0
12 1 1 3 1 0    0   1
12 1 2 1 1 0    0   1
12 1 2 2 3 40   1   0
12 2 2 1 2 0    0   1
12 2 2 3 2 40   1   0
12 4 1 1 2 40   1   0
12 4 1 3 3 0    0   1
12 4 4 3 1 40   1   0
13 1 1 2 1 56   0   1
13 2 1 1 1 27   1   0
13 2 1 3 2 56   0   1
13 2 2 2 1 27   1   0
13 2 2 4 3 56   0   1
13 3 2 1 2 27   1   0
13 3 3 4 1 27   1   0
13 5 2 1 4 56   0   1
13 5 5 2 1 56   0   1
13 6 3 2 4 27   1   0
13 6 5 2 2 56   0   1
14 2 2 2 1 70   1   0
14 2 2 2 4 1    0   1
14 2 2 4 1 1    0   1
15 4 4 2 3 61   0   1
15 4 4 4 3 4    1   0
15 5 4 1 2 61   0   1
15 5 4 3 4 4    1   0
15 5 5 4 1 61   0   1
15 5 5 4 3 4    1   0
;

