Index = 280
_solve_time = 2074.92

:              xp  xb    :=
1  4 4 2 1 46   0   1
1  4 4 4 1 12   1   0
1  5 4 1 2 46   0   1
1  5 4 3 4 12   1   0
1  5 5 3 1 46   0   1
2  2 3 4 3 59   0   1
2  2 5 4 1 0    1   0
2  3 4 3 2 59   0   1
2  4 4 2 4 59   0   1
2  4 5 4 3 59   0   1
2  5 5 1 3 0    1   0
3  1 1 2 1 14   0   1
3  1 2 1 1 14   0   1
3  1 2 2 3 49   1   0
3  2 2 1 4 14   0   1
3  2 2 3 4 49   1   0
4  3 3 2 3 34   1   0
4  3 4 3 2 34   1   0
4  3 6 2 1 27   0   1
4  4 4 2 1 34   1   0
4  4 4 4 1 27   0   1
4  5 4 3 4 27   0   1
4  5 5 4 3 27   0   1
4  6 5 3 4 27   0   1
4  6 6 1 3 27   0   1
5  3 3 1 2 2    1   0
5  3 3 1 4 45   0   1
5  3 6 2 1 2    1   0
5  3 6 4 2 45   0   1
5  6 6 1 3 2    1   0
5  6 6 2 3 45   0   1
6  2 2 4 2 12   1   0
6  3 2 1 2 57   0   1
6  3 3 3 1 57   0   1
6  4 3 2 3 57   0   1
6  5 2 1 4 12   1   0
6  5 4 1 2 57   0   1
7  2 2 2 4 23   0   1
7  2 3 2 1 6    1   0
7  2 3 4 3 23   0   1
7  3 3 1 2 6    1   0
7  3 3 3 2 23   0   1
8  4 4 4 2 67   0   1
8  4 5 2 1 67   0   1
8  4 5 4 3 32   1   0
8  5 5 1 3 67   0   1
9  2 2 4 2 4    0   1
9  3 2 1 2 52   1   0
9  3 3 3 1 52   1   0
9  4 3 2 3 52   1   0
9  4 5 2 1 4    0   1
9  5 2 1 4 4    0   1
10 3 3 2 3 9    1   0
10 3 4 3 2 9    1   0
10 4 4 2 1 9    1   0
10 4 4 4 1 0    0   1
10 5 4 3 4 0    0   1
10 5 5 2 3 0    0   1
10 6 3 1 2 9    1   0
10 6 5 2 2 0    0   1
10 6 6 1 2 0    0   1
11 5 5 2 1 13   0   1
11 5 5 4 1 0    1   0
11 5 5 4 2 13   0   1
12 1 1 1 3 35   0   1
12 1 2 1 1 73   1   0
12 1 3 3 3 35   0   1
12 2 2 1 4 73   1   0
12 2 5 4 1 73   1   0
12 3 4 3 2 35   0   1
12 4 4 2 1 73   1   0
12 4 4 2 3 35   0   1
12 4 4 3 1 35   0   1
12 5 4 1 2 73   1   0
13 1 1 2 1 26   1   0
13 2 1 1 1 8    0   1
13 2 1 3 2 26   1   0
13 2 2 2 3 26   1   0
13 2 2 4 1 8    0   1
13 3 2 1 2 26   1   0
13 3 2 3 4 8    0   1
13 3 3 1 3 8    0   1
14 2 2 2 4 26   1   0
14 2 3 2 1 0    0   1
14 2 5 4 1 26   1   0
14 3 3 1 3 0    0   1
14 3 4 3 2 0    0   1
14 4 4 2 4 0    0   1
14 4 5 4 3 0    0   1
14 5 5 1 3 26   1   0
15 3 3 3 2 19   1   0
15 3 3 3 4 1    0   1
15 3 6 2 1 19   1   0
15 3 6 4 2 1    0   1
15 6 6 1 3 19   1   0
15 6 6 2 3 1    0   1
;

