Index = 218
_solve_time = 1472.45

:              xp  xb    :=
1  3 3 2 1 61   1   0
1  3 3 4 1 16   0   1
1  6 3 1 2 61   1   0
1  6 3 2 4 16   0   1
1  6 6 3 1 61   1   0
1  6 6 3 2 16   0   1
2  1 3 2 1 37   1   0
2  3 3 3 1 0    0   1
2  4 1 1 2 37   1   0
2  4 3 2 3 0    0   1
2  4 4 1 2 0    0   1
3  2 2 3 2 0    0   1
3  2 2 3 4 65   1   0
3  2 3 2 1 0    0   1
3  2 5 4 1 65   1   0
3  3 3 1 4 0    0   1
3  3 6 4 2 0    0   1
3  5 5 1 4 65   1   0
3  5 6 4 3 65   1   0
3  6 6 2 3 0    0   1
4  4 4 2 3 23   0   1
4  4 4 4 2 23   0   1
4  4 4 4 3 65   1   0
5  3 3 2 3 16   0   1
5  3 4 3 2 16   0   1
5  3 6 2 1 0    1   0
5  4 5 2 1 16   0   1
5  5 5 1 3 16   0   1
5  5 5 4 3 0    1   0
5  6 5 3 4 0    1   0
5  6 6 1 3 0    1   0
6  1 3 2 1 73   1   0
6  3 3 1 4 73   1   0
6  3 3 3 4 28   0   1
6  4 1 1 2 73   1   0
6  4 3 2 3 28   0   1
6  4 4 1 2 28   0   1
7  2 2 2 4 0    0   1
7  2 5 4 1 0    0   1
7  3 2 1 2 0    0   1
7  3 3 1 3 42   1   0
7  3 4 3 2 42   1   0
7  4 4 1 3 42   1   0
7  4 4 2 1 42   1   0
7  4 4 2 3 0    0   1
7  5 4 1 2 0    0   1
8  2 5 4 1 58   1   0
8  3 2 3 4 58   1   0
8  3 4 3 2 21   0   1
8  4 5 2 1 21   0   1
9  1 3 2 1 0    0   1
9  3 3 1 2 0    0   1
9  3 3 3 2 3    1   0
9  4 1 1 2 0    0   1
9  4 3 2 3 3    1   0
9  4 4 4 1 0    0   1
9  4 4 4 2 3    1   0
10 2 2 1 3 6    0   1
10 2 2 2 1 6    0   1
10 2 2 2 3 1    1   0
11 4 4 2 1 2    1   0
11 4 4 4 1 22   0   1
11 5 4 1 2 2    1   0
11 5 4 3 4 22   0   1
11 5 5 1 3 22   0   1
12 3 3 2 4 20   0   1
12 6 3 1 2 20   0   1
12 6 3 2 4 9    1   0
12 6 6 2 1 20   0   1
13 4 4 1 2 41   0   1
13 4 4 4 1 41   0   1
13 4 4 4 2 20   1   0
14 1 2 2 3 37   1   0
14 1 3 2 1 50   0   1
14 2 2 3 4 37   1   0
14 2 5 4 1 37   1   0
14 3 3 1 4 50   0   1
14 3 6 4 2 50   0   1
14 5 5 1 3 37   1   0
14 5 5 2 3 50   0   1
14 6 5 2 2 50   0   1
15 1 2 2 3 25   0   1
15 2 2 4 3 9    1   0
15 4 1 1 2 25   0   1
15 4 4 4 1 25   0   1
15 5 2 1 4 9    1   0
15 5 4 3 4 25   0   1
15 5 5 2 1 9    1   0
15 5 5 2 3 25   0   1
;

