Index = 248
_solve_time = 1100.38

:              xp  xb    :=
1  2 2 2 1 16   1   0
1  2 2 2 3 17   0   1
1  2 2 3 1 17   0   1
2  2 2 2 4 18   0   1
2  3 2 1 2 18   0   1
2  3 2 3 4 1    1   0
2  3 3 2 1 18   0   1
2  3 3 2 3 1    1   0
3  2 2 1 3 10   0   1
3  2 2 1 4 20   1   0
3  2 2 3 4 10   0   1
4  3 3 1 2 7    0   1
4  3 3 1 3 42   1   0
4  3 3 2 3 7    0   1
5  4 4 4 2 0    0   1
5  5 4 1 2 29   1   0
5  5 4 3 4 0    0   1
5  5 5 1 3 0    0   1
6  3 2 3 4 64   0   1
6  3 3 4 3 64   0   1
6  5 2 1 4 0    1   0
6  5 5 2 1 0    1   0
6  6 3 2 4 64   0   1
6  6 5 2 2 0    1   0
7  1 1 1 2 11   0   1
7  1 2 1 1 0    1   0
7  1 2 2 3 11   0   1
7  2 2 3 1 11   0   1
8  1 1 1 2 0    1   0
8  1 1 1 3 5    0   1
8  1 3 2 1 0    1   0
8  1 3 3 3 5    0   1
8  3 3 1 4 0    1   0
8  3 3 3 4 5    0   1
9  2 2 1 2 0    0   1
9  2 2 1 4 0    1   0
9  2 3 2 1 0    0   1
9  2 5 4 1 0    1   0
9  3 3 1 3 0    0   1
9  3 4 3 2 0    0   1
9  4 5 2 1 0    0   1
10 1 3 3 3 34   0   1
10 4 1 3 3 34   0   1
10 4 3 2 3 61   1   0
10 4 4 1 2 61   1   0
10 4 4 1 3 34   0   1
11 1 3 3 3 1    0   1
11 3 3 2 4 1    0   1
11 3 3 3 2 1    0   1
11 3 3 3 4 0    1   0
11 4 1 3 3 1    0   1
11 4 3 2 3 0    1   0
11 4 4 3 2 0    1   0
12 4 4 4 2 35   0   1
12 4 5 2 1 35   0   1
12 4 5 4 3 27   1   0
12 5 5 1 2 35   0   1
12 5 5 3 2 27   1   0
13 2 3 4 3 14   0   1
13 3 3 3 2 14   0   1
13 5 2 1 4 14   0   1
13 5 5 4 1 14   0   1
13 5 6 4 3 33   1   0
13 6 3 1 2 33   1   0
13 6 6 3 1 33   1   0
14 1 3 2 1 3    1   0
14 2 1 3 2 3    1   0
14 2 2 3 4 34   0   1
14 2 3 4 3 34   0   1
14 3 3 1 2 3    1   0
14 3 3 3 2 34   0   1
15 1 3 2 1 23   1   0
15 2 1 3 2 23   1   0
15 2 2 3 4 64   0   1
15 2 3 4 3 64   0   1
15 3 3 1 2 23   1   0
15 3 3 3 2 64   0   1
;

