Index = 274
_solve_time = 13943

:              xp  xb    :=
1  1 3 2 1 2    1   0
1  3 3 3 1 71   0   1
1  4 1 1 2 2    1   0
1  4 3 2 3 71   0   1
1  4 4 4 1 2    1   0
1  4 4 4 2 71   0   1
2  4 4 4 2 53   0   1
2  4 5 2 1 53   0   1
2  4 5 4 3 0    1   0
2  5 5 1 4 53   0   1
2  5 5 3 4 0    1   0
3  1 1 3 1 1    0   1
3  1 2 1 1 1    0   1
3  1 3 3 3 55   1   0
3  2 2 1 4 1    0   1
3  2 5 4 1 1    0   1
3  3 4 3 2 55   1   0
3  4 4 2 4 55   1   0
3  5 4 3 4 1    0   1
3  5 5 1 3 1    0   1
4  2 2 4 2 72   1   0
4  2 3 2 1 72   1   0
4  3 3 3 1 54   0   1
4  4 3 2 3 54   0   1
4  5 2 1 4 72   1   0
4  5 4 1 2 54   0   1
5  1 1 1 2 22   0   1
5  1 1 3 1 22   0   1
5  1 1 3 2 0    1   0
6  3 3 2 4 0    0   1
6  3 6 2 1 9    1   0
6  3 6 4 2 0    0   1
6  6 6 1 2 9    1   0
7  1 1 2 3 47   0   1
7  4 1 1 2 47   0   1
7  4 1 3 3 0    1   0
7  4 4 2 3 0    1   0
7  4 4 4 1 47   0   1
7  5 4 1 2 0    1   0
7  5 4 3 4 47   0   1
7  5 5 3 1 0    1   0
8  1 1 1 2 0    1   0
8  1 1 1 3 73   0   1
8  1 3 2 1 0    1   0
8  1 3 3 3 73   0   1
8  3 3 1 4 0    1   0
8  3 3 3 4 73   0   1
9  1 1 2 3 21   0   1
9  3 3 2 3 21   0   1
9  3 4 3 2 21   0   1
9  4 1 1 2 21   0   1
9  4 1 3 3 24   1   0
9  4 4 2 1 21   0   1
9  4 4 2 3 24   1   0
9  5 4 1 2 24   1   0
9  5 5 2 1 24   1   0
9  6 3 1 2 21   0   1
9  6 5 2 2 24   1   0
9  6 6 1 2 24   1   0
10 3 2 3 4 49   0   1
10 4 3 2 3 49   0   1
10 5 2 1 4 11   1   0
10 5 4 1 2 49   0   1
11 3 3 2 4 48   0   1
11 3 6 2 1 28   1   0
11 3 6 4 2 48   0   1
11 6 6 1 3 28   1   0
11 6 6 2 3 48   0   1
12 5 5 4 2 63   0   1
12 5 6 2 2 63   0   1
12 5 6 4 3 22   1   0
12 6 6 2 1 63   0   1
12 6 6 3 1 22   1   0
13 3 3 3 2 2    1   0
13 3 6 2 1 2    1   0
13 4 3 2 3 2    1   0
13 4 5 2 1 71   0   1
13 5 5 1 4 71   0   1
13 5 6 4 3 71   0   1
13 6 6 3 1 71   0   1
14 2 3 4 3 0    0   1
14 2 5 4 1 48   1   0
14 3 4 3 2 0    0   1
14 5 4 1 2 48   1   0
15 1 1 2 1 48   1   0
15 1 1 2 3 71   0   1
15 1 1 3 1 71   0   1
;

