Index = 315
_solve_time = 2497.84

:              xp  xb    :=
1  4 4 1 2 0    1   0
1  4 4 1 4 48   0   1
1  4 5 2 1 0    1   0
1  4 5 4 3 48   0   1
1  5 5 3 1 48   0   1
2  3 3 2 3 62   1   0
2  3 3 4 3 23   0   1
2  6 3 1 2 62   1   0
2  6 3 2 4 23   0   1
2  6 6 1 2 23   0   1
3  5 5 2 4 1    1   0
3  6 5 2 2 1    1   0
3  6 5 3 4 24   0   1
3  6 6 2 3 24   0   1
4  1 1 3 2 47   0   1
4  4 1 1 2 53   1   0
4  4 1 3 3 47   0   1
4  4 4 1 3 47   0   1
5  3 3 3 2 66   1   0
5  3 6 2 1 66   1   0
5  4 3 2 3 66   1   0
5  4 4 4 2 66   1   0
5  4 5 4 3 24   0   1
5  5 5 3 2 24   0   1
5  5 6 2 2 24   0   1
5  6 6 2 1 24   0   1
6  1 1 3 1 33   0   1
6  2 1 1 1 47   1   0
6  2 2 2 1 47   1   0
6  3 2 1 2 47   1   0
6  3 3 2 1 47   1   0
6  3 3 2 3 33   0   1
6  3 4 3 2 33   0   1
6  4 1 3 3 33   0   1
6  4 4 2 3 33   0   1
7  1 1 2 3 0    0   1
7  1 3 2 1 46   1   0
7  1 3 3 3 0    0   1
7  3 3 1 4 46   1   0
7  3 3 3 2 0    0   1
7  3 6 2 1 0    0   1
7  3 6 4 2 46   1   0
7  6 6 1 3 0    0   1
7  6 6 2 3 46   1   0
8  1 1 3 1 28   0   1
8  1 2 1 1 28   0   1
8  1 2 2 3 52   1   0
8  2 2 3 1 52   1   0
8  4 1 1 2 52   1   0
8  4 1 3 3 28   0   1
8  4 4 1 3 28   0   1
9  1 1 3 1 1    0   1
9  2 1 1 1 2    1   0
9  2 2 4 1 2    1   0
9  4 1 3 3 1    0   1
9  4 4 2 3 1    0   1
9  5 2 1 4 2    1   0
9  5 4 1 2 1    0   1
10 2 2 2 4 66   0   1
10 2 2 3 2 66   0   1
10 2 2 3 4 24   1   0
10 2 3 4 3 66   0   1
10 2 5 4 1 24   1   0
10 3 4 3 2 66   0   1
10 4 4 2 4 66   0   1
10 5 4 3 4 24   1   0
10 5 5 1 3 24   1   0
11 3 3 2 1 24   1   0
11 3 3 2 4 47   0   1
11 3 3 4 1 47   0   1
12 1 1 2 1 28   0   1
12 2 1 1 1 60   1   0
12 2 1 3 2 28   0   1
12 2 2 4 1 60   1   0
12 2 2 4 3 28   0   1
12 3 2 3 4 60   1   0
12 3 3 4 3 60   1   0
12 5 2 1 4 28   0   1
12 5 5 2 1 28   0   1
12 6 3 2 4 60   1   0
12 6 5 2 2 28   0   1
13 4 4 2 4 4    1   0
13 4 5 2 1 66   0   1
13 4 5 4 3 4    1   0
13 5 5 1 3 66   0   1
14 2 2 2 4 42   0   1
14 2 5 4 1 42   0   1
14 3 2 1 2 42   0   1
14 3 3 1 3 54   1   0
14 3 4 3 2 54   1   0
14 4 4 2 4 54   1   0
14 5 4 3 4 42   0   1
14 5 5 1 3 42   0   1
15 2 2 4 2 20   1   0
15 3 2 1 2 5    0   1
15 3 3 3 1 5    0   1
15 4 3 2 3 5    0   1
15 5 2 1 4 20   1   0
15 5 4 1 2 5    0   1
;

