Index = 266
_solve_time = 1464.79

:              xp  xb    :=
1  4 4 3 2 0    1   0
1  4 4 3 4 9    0   1
1  4 5 2 1 0    1   0
1  4 5 4 3 9    0   1
1  5 5 3 1 9    0   1
2  2 2 2 4 59   0   1
2  2 3 2 1 21   1   0
2  2 3 4 3 59   0   1
2  3 3 1 4 21   1   0
2  3 3 3 4 59   0   1
3  2 2 2 4 1    1   0
3  2 3 2 1 1    0   1
3  2 5 4 1 1    1   0
3  3 3 1 3 1    0   1
3  3 4 3 2 1    0   1
3  5 4 1 2 1    1   0
4  2 2 2 4 72   1   0
4  2 3 2 1 72   0   1
4  2 5 4 1 72   1   0
4  3 3 1 3 72   0   1
4  3 4 3 2 72   0   1
4  4 4 1 3 72   0   1
4  4 4 2 1 72   0   1
4  4 4 2 3 72   1   0
4  5 4 1 2 72   1   0
5  1 1 2 1 0    1   0
5  1 1 2 3 0    0   1
5  1 1 3 1 0    0   1
6  4 4 4 2 5    0   1
6  4 5 2 1 5    0   1
6  4 5 4 3 0    1   0
6  5 5 1 2 5    0   1
6  5 5 3 2 0    1   0
7  2 2 2 4 67   0   1
7  2 3 2 1 45   1   0
7  2 3 4 3 67   0   1
7  3 3 1 4 45   1   0
7  3 3 3 4 67   0   1
8  2 2 2 1 32   1   0
8  2 2 4 1 1    0   1
8  3 2 1 2 32   1   0
8  3 3 4 1 32   1   0
8  5 2 1 4 1    0   1
8  5 5 2 1 1    0   1
8  6 3 2 4 32   1   0
8  6 5 2 2 1    0   1
9  1 1 2 1 14   1   0
9  1 1 3 1 8    0   1
9  4 1 1 2 14   1   0
9  4 1 3 3 8    0   1
9  4 4 1 3 8    0   1
10 3 3 2 3 9    1   0
10 3 4 3 2 9    1   0
10 3 6 2 1 12   0   1
10 4 4 2 3 9    1   0
10 4 4 4 3 12   0   1
10 5 4 3 4 12   0   1
10 5 5 4 3 12   0   1
10 6 5 3 4 12   0   1
10 6 6 1 3 12   0   1
11 4 4 2 4 40   0   1
11 5 4 1 2 40   0   1
11 5 4 3 4 55   1   0
11 5 5 2 1 40   0   1
11 5 5 4 3 55   1   0
11 6 5 2 2 40   0   1
11 6 5 3 4 55   1   0
11 6 6 3 2 40   0   1
12 1 1 2 3 24   0   1
12 1 3 3 3 24   0   1
12 2 1 3 2 24   0   1
12 2 2 3 4 28   1   0
12 2 5 4 1 28   1   0
12 3 4 3 2 24   0   1
12 4 4 2 4 24   0   1
12 5 4 3 4 28   1   0
12 5 5 1 3 28   1   0
13 2 2 2 4 0    0   1
13 2 3 2 1 6    1   0
13 2 5 4 1 0    0   1
13 3 3 1 2 6    1   0
13 3 6 2 1 6    1   0
13 5 5 1 4 0    0   1
13 5 6 4 3 0    0   1
13 6 6 1 3 6    1   0
14 1 1 1 3 64   0   1
14 1 1 2 1 64   0   1
14 1 1 2 3 67   1   0
15 1 1 3 1 4    0   1
15 1 2 1 1 4    0   1
15 1 2 2 3 0    1   0
15 2 2 1 3 4    0   1
15 4 1 1 2 0    1   0
15 4 1 3 3 4    0   1
15 4 4 3 1 0    1   0
;

