Index = 239
_solve_time = 1428.38

:              xp  xb    :=
1  3 3 4 3 36   1   0
1  3 4 3 2 36   1   0
1  3 6 4 2 71   0   1
1  5 4 1 2 71   0   1
1  5 5 2 1 71   0   1
1  6 5 2 2 71   0   1
2  1 1 1 2 60   0   1
2  1 1 1 3 4    1   0
2  1 1 2 3 60   0   1
3  6 6 1 2 16   0   1
3  6 6 3 1 16   0   1
3  6 6 3 2 32   1   0
4  1 1 2 3 0    0   1
4  1 2 2 3 70   1   0
4  1 3 3 3 0    0   1
4  2 2 3 4 70   1   0
4  2 5 4 1 70   1   0
4  3 4 3 2 0    0   1
4  4 5 2 1 0    0   1
5  1 2 2 3 74   0   1
5  2 2 4 3 5    1   0
5  4 1 1 2 74   0   1
5  4 4 4 1 74   0   1
5  5 2 1 4 5    1   0
5  5 4 3 4 74   0   1
5  5 5 4 1 5    1   0
5  5 5 4 3 74   0   1
6  1 1 1 3 13   0   1
6  2 1 1 1 13   0   1
6  2 2 2 1 13   0   1
6  3 2 1 2 13   0   1
6  3 3 1 3 3    1   0
6  3 4 3 2 3    1   0
6  4 1 3 3 3    1   0
6  4 4 2 3 3    1   0
7  1 3 2 1 57   0   1
7  1 3 3 3 51   1   0
7  3 3 1 2 57   0   1
7  3 3 3 2 51   1   0
7  4 1 1 2 57   0   1
7  4 1 3 3 51   1   0
7  4 4 3 1 57   0   1
8  3 2 3 4 32   1   0
8  3 3 4 3 32   1   0
8  5 2 1 4 0    0   1
8  5 5 2 1 0    0   1
8  6 3 2 4 32   1   0
8  6 5 2 2 0    0   1
9  1 1 3 1 60   0   1
9  1 2 1 1 60   0   1
9  2 2 4 1 23   1   0
9  3 2 3 4 23   1   0
9  4 1 3 3 60   0   1
9  4 3 2 3 23   1   0
9  4 4 2 3 60   0   1
10 4 4 2 3 31   0   1
10 4 4 4 3 54   1   0
10 5 4 1 2 31   0   1
10 5 4 3 4 54   1   0
10 5 5 4 1 31   0   1
10 5 5 4 3 54   1   0
11 1 2 2 3 25   0   1
11 2 2 3 2 25   0   1
11 2 2 4 2 10   1   0
11 4 1 1 2 25   0   1
11 4 4 4 1 25   0   1
11 5 2 1 4 10   1   0
11 5 4 3 4 25   0   1
11 5 5 3 1 10   1   0
12 2 2 4 2 8    0   1
12 2 3 2 1 8    0   1
12 2 3 4 3 19   1   0
12 3 3 3 1 19   1   0
13 3 3 3 2 19   0   1
13 3 3 3 4 3    1   0
13 3 6 2 1 19   0   1
13 3 6 4 2 3    1   0
13 6 6 1 2 19   0   1
14 3 3 2 3 47   1   0
14 3 4 3 2 47   1   0
14 3 6 2 1 0    0   1
14 4 4 2 3 47   1   0
14 4 4 4 3 0    0   1
14 5 4 3 4 0    0   1
14 5 5 4 3 0    0   1
14 6 5 3 4 0    0   1
14 6 6 1 3 0    0   1
15 4 4 1 4 19   0   1
15 4 4 2 1 19   0   1
15 4 4 2 4 1    1   0
;

