Index = 288
_solve_time = 15503.9

:              xp  xb    :=
1  3 3 4 3 0    1   0
1  3 4 3 2 0    1   0
1  4 4 2 1 0    1   0
1  4 4 4 1 0    0   1
1  5 4 3 4 0    0   1
1  5 5 2 3 0    0   1
1  6 3 2 4 0    1   0
1  6 5 2 2 0    0   1
2  2 2 4 2 65   1   0
2  3 2 1 2 22   0   1
2  3 3 4 1 22   0   1
2  5 2 1 4 65   1   0
2  5 5 2 1 65   1   0
2  5 6 2 2 22   0   1
2  6 3 2 4 22   0   1
3  5 5 2 4 10   0   1
3  6 5 2 2 10   0   1
3  6 5 3 4 24   1   0
3  6 6 3 2 10   0   1
4  1 2 2 3 51   0   1
4  2 2 4 3 21   1   0
4  4 1 1 2 51   0   1
4  4 4 4 1 51   0   1
4  5 2 1 4 21   1   0
4  5 4 3 4 51   0   1
4  5 5 4 1 21   1   0
4  5 5 4 3 51   0   1
5  4 4 1 2 0    0   1
5  4 4 1 4 35   1   0
5  4 5 2 1 0    0   1
5  4 5 4 3 35   1   0
5  5 5 1 3 0    0   1
6  5 5 1 3 23   1   0
6  5 5 1 4 45   0   1
6  5 5 4 3 45   0   1
7  1 1 1 2 47   1   0
7  1 2 1 1 66   0   1
7  1 3 2 1 47   1   0
7  2 2 1 2 66   0   1
7  2 3 2 1 66   0   1
8  2 2 2 4 45   0   1
8  3 2 1 2 45   0   1
8  3 2 3 4 2    1   0
8  3 3 4 1 45   0   1
8  3 3 4 3 2    1   0
9  4 4 1 2 1    0   1
9  4 4 3 1 1    0   1
9  4 4 3 2 0    1   0
10 3 3 1 3 4    0   1
10 3 3 4 1 4    0   1
10 3 3 4 3 47   1   0
11 1 1 1 3 45   0   1
11 2 1 1 1 45   0   1
11 2 2 4 1 45   0   1
11 3 2 3 4 45   0   1
11 3 4 3 2 66   1   0
11 4 1 3 3 66   1   0
11 4 4 2 3 66   1   0
12 1 1 1 3 29   0   1
12 1 2 1 1 1    1   0
12 1 3 3 3 29   0   1
12 2 2 1 4 1    1   0
12 2 5 4 1 1    1   0
12 3 4 3 2 29   0   1
12 4 5 2 1 29   0   1
13 1 1 2 1 70   0   1
13 2 1 1 1 70   1   0
13 2 1 3 2 70   0   1
13 2 2 2 3 70   0   1
13 2 2 4 1 70   1   0
13 3 2 1 2 70   0   1
13 3 2 3 4 70   1   0
13 3 3 4 1 70   0   1
13 3 3 4 3 70   1   0
14 3 3 1 3 74   0   1
14 3 3 1 4 8    1   0
14 3 4 3 2 74   0   1
14 3 6 4 2 8    1   0
14 4 5 2 1 74   0   1
14 5 5 1 3 74   0   1
14 5 5 2 3 8    1   0
14 6 5 2 2 8    1   0
15 4 4 2 3 0    1   0
15 4 4 2 4 0    0   1
15 4 4 4 3 0    0   1
;

