Index = 272
_solve_time = 974.18

:              xp  xb    :=
1  2 3 4 3 0    1   0
1  2 5 4 1 34   0   1
1  3 3 3 4 0    1   0
1  3 6 4 2 0    1   0
1  5 5 1 2 34   0   1
1  5 6 2 2 34   0   1
2  4 4 2 4 12   0   1
2  4 5 2 1 0    1   0
2  4 5 4 3 12   0   1
2  5 5 1 2 0    1   0
2  5 5 3 2 12   0   1
3  3 3 4 3 0    0   1
3  3 4 3 2 0    0   1
3  4 4 2 3 0    0   1
3  4 4 4 3 68   1   0
3  5 4 3 4 68   1   0
3  5 5 2 3 68   1   0
3  6 3 2 4 0    0   1
3  6 5 2 2 68   1   0
4  2 3 4 3 17   0   1
4  3 3 3 2 17   0   1
4  5 2 1 4 17   0   1
4  5 5 4 1 17   0   1
4  5 6 4 3 64   1   0
4  6 3 1 2 64   1   0
4  6 6 3 1 64   1   0
5  1 1 3 2 0    0   1
5  1 2 2 3 0    0   1
5  1 3 3 3 2    1   0
5  2 2 3 4 0    0   1
5  3 2 3 4 2    1   0
6  2 2 2 1 18   0   1
6  2 2 4 1 11   1   0
6  3 2 1 2 18   0   1
6  3 2 3 4 11   1   0
6  3 3 2 3 11   1   0
6  3 3 4 1 18   0   1
6  6 3 1 2 11   1   0
6  6 3 2 4 18   0   1
6  6 6 1 2 18   0   1
7  4 4 4 2 19   0   1
7  4 5 2 1 19   0   1
7  4 5 4 3 0    1   0
7  5 5 1 4 19   0   1
7  5 5 3 4 0    1   0
8  3 3 1 2 25   0   1
8  3 3 1 4 10   1   0
8  3 6 2 1 25   0   1
8  3 6 4 2 10   1   0
8  6 6 1 2 25   0   1
9  1 3 2 1 1    0   1
9  2 1 3 2 1    0   1
9  2 2 3 2 34   1   0
9  2 3 2 1 34   1   0
10 1 1 2 3 70   0   1
10 1 3 2 1 66   1   0
10 1 3 3 3 70   0   1
10 3 3 1 2 66   1   0
10 3 3 3 2 70   0   1
11 3 3 4 2 7    0   1
11 3 6 2 1 7    0   1
11 3 6 4 2 28   1   0
11 6 6 1 2 7    0   1
12 2 2 3 2 66   1   0
12 2 2 3 4 19   0   1
12 2 3 2 1 66   1   0
12 2 5 4 1 19   0   1
12 3 3 1 4 66   1   0
12 3 6 4 2 66   1   0
12 5 5 1 2 19   0   1
12 5 6 2 2 19   0   1
13 3 2 3 4 41   0   1
13 3 3 2 3 41   0   1
13 5 2 1 4 69   1   0
13 5 5 4 1 69   1   0
13 6 3 1 2 41   0   1
13 6 5 3 4 69   1   0
13 6 6 3 1 41   0   1
14 4 4 2 4 56   1   0
14 5 4 1 2 56   1   0
14 5 4 3 4 34   0   1
14 5 5 2 3 34   0   1
14 5 5 4 1 56   1   0
14 6 5 2 2 34   0   1
14 6 5 3 4 56   1   0
14 6 6 3 2 34   0   1
15 3 3 4 3 30   0   1
15 3 4 3 2 30   0   1
15 4 4 2 3 30   0   1
15 4 4 4 3 50   1   0
15 5 4 3 4 50   1   0
15 5 5 2 3 50   1   0
15 6 3 2 4 30   0   1
15 6 5 2 2 50   1   0
;

