Index = 271
_solve_time = 3604.97

:              xp  xb    :=
1  1 1 1 2 0    0   1
1  2 1 1 1 0    0   1
1  2 1 3 2 49   1   0
1  2 2 4 1 0    0   1
1  2 2 4 3 49   1   0
2  4 4 3 2 67   0   1
2  4 4 3 4 57   1   0
2  4 5 2 1 67   0   1
2  4 5 4 3 57   1   0
2  5 5 1 3 67   0   1
3  1 1 3 2 26   0   1
3  4 1 1 2 26   1   0
3  4 1 3 3 26   0   1
3  4 4 1 3 26   0   1
4  1 1 2 3 22   0   1
4  4 1 1 2 22   0   1
4  4 1 3 3 48   1   0
4  4 4 2 3 48   1   0
4  4 4 4 1 22   0   1
4  5 4 1 2 48   1   0
4  5 4 3 4 22   0   1
4  5 5 3 1 48   1   0
5  3 3 3 2 48   0   1
5  3 3 3 4 0    1   0
5  3 6 2 1 48   0   1
5  3 6 4 2 0    1   0
5  6 6 1 2 48   0   1
6  5 5 2 3 34   1   0
6  5 5 4 3 24   0   1
6  6 5 2 2 34   1   0
6  6 5 3 4 24   0   1
6  6 6 2 3 24   0   1
7  3 3 2 3 33   0   1
7  3 3 4 3 10   1   0
7  6 3 1 2 33   0   1
7  6 3 2 4 10   1   0
7  6 6 2 1 33   0   1
8  2 2 2 4 20   1   0
8  2 3 2 1 7    0   1
8  2 5 4 1 20   1   0
8  3 3 1 3 7    0   1
8  3 4 3 2 7    0   1
8  4 4 1 3 7    0   1
8  4 4 2 1 7    0   1
8  4 4 2 3 20   1   0
8  5 4 1 2 20   1   0
9  1 2 2 3 46   1   0
9  2 2 4 3 0    0   1
9  3 2 3 4 0    0   1
9  4 1 1 2 46   1   0
9  4 3 2 3 0    0   1
9  4 4 4 1 46   1   0
9  4 4 4 2 0    0   1
10 2 2 2 3 20   0   1
10 2 2 4 3 22   1   0
10 3 2 1 2 20   0   1
10 3 2 3 4 22   1   0
10 3 3 4 1 20   0   1
10 3 3 4 3 22   1   0
11 1 2 2 3 36   1   0
11 2 2 3 2 36   1   0
11 2 2 4 2 21   0   1
11 4 1 1 2 36   1   0
11 4 4 1 2 21   0   1
11 4 5 2 1 21   0   1
11 5 2 1 4 21   0   1
12 2 2 2 4 0    1   0
12 2 5 4 1 0    1   0
12 3 2 1 2 0    1   0
12 3 3 1 4 69   0   1
12 3 6 4 2 69   0   1
12 5 5 1 4 0    1   0
12 5 5 2 4 69   0   1
12 6 5 2 2 69   0   1
13 2 1 3 2 62   1   0
13 2 2 2 3 62   1   0
13 3 2 1 2 62   1   0
13 3 3 2 1 62   1   0
13 3 3 2 3 0    0   1
13 3 4 3 2 0    0   1
13 4 1 1 2 0    0   1
13 4 4 2 1 0    0   1
14 4 4 1 2 24   0   1
14 4 4 1 4 46   1   0
14 4 5 2 1 24   0   1
14 4 5 4 3 46   1   0
14 5 5 1 3 24   0   1
15 3 3 2 1 26   1   0
15 3 3 2 4 49   0   1
15 3 3 4 1 49   0   1
;

