Index = 181
_solve_time = 13060.7

:              xp  xb    :=
1  1 1 3 2 0    0   1
1  1 3 2 1 0    0   1
1  1 3 3 3 0    1   0
1  3 3 1 2 0    0   1
1  3 3 3 2 0    1   0
2  1 1 1 3 54   0   1
2  1 1 2 1 54   0   1
2  1 1 2 3 29   1   0
3  4 4 2 4 31   0   1
3  5 4 1 2 31   0   1
3  5 4 3 4 0    1   0
3  5 5 2 1 31   0   1
3  5 5 2 3 0    1   0
4  3 3 2 4 0    0   1
4  3 6 2 1 0    1   0
4  3 6 4 2 0    0   1
4  6 6 2 1 0    0   1
5  1 1 2 3 20   0   1
5  1 3 2 1 24   1   0
5  1 3 3 3 20   0   1
5  3 3 3 1 20   0   1
6  1 1 1 3 29   0   1
6  1 2 1 1 8    1   0
6  1 3 3 3 29   0   1
6  2 2 1 4 8    1   0
6  2 5 4 1 8    1   0
6  3 3 3 4 29   0   1
6  3 6 4 2 29   0   1
6  5 5 1 2 8    1   0
6  6 5 2 2 29   0   1
7  2 5 4 1 47   0   1
7  3 2 3 4 47   0   1
7  3 4 3 2 45   1   0
7  4 4 2 4 45   1   0
7  4 5 4 3 45   1   0
7  5 5 1 3 47   0   1
8  1 3 2 1 72   1   0
8  3 3 3 1 24   0   1
8  4 1 1 2 72   1   0
8  4 3 2 3 24   0   1
8  4 4 1 2 24   0   1
9  1 1 1 3 65   0   1
9  1 3 3 3 65   0   1
9  2 1 1 1 65   0   1
9  2 2 1 4 36   1   0
9  2 5 4 1 36   1   0
9  3 4 3 2 65   0   1
9  4 4 2 4 65   0   1
9  5 4 3 4 36   1   0
9  5 5 1 3 36   1   0
10 5 5 1 4 34   0   1
10 5 5 3 1 34   0   1
10 5 5 3 4 0    1   0
11 1 1 3 2 63   0   1
11 4 1 1 2 0    1   0
11 4 1 3 3 63   0   1
11 4 4 2 1 0    1   0
11 4 4 2 3 63   0   1
12 4 4 4 2 30   0   1
12 5 4 1 2 73   1   0
12 5 4 3 4 30   0   1
12 5 5 4 1 73   1   0
12 5 5 4 3 30   0   1
13 3 3 2 3 12   1   0
13 3 3 4 3 0    0   1
13 6 3 1 2 12   1   0
13 6 3 2 4 0    0   1
13 6 6 3 1 12   1   0
13 6 6 3 2 0    0   1
14 2 2 2 4 0    0   1
14 2 5 4 1 0    0   1
14 3 2 1 2 0    0   1
14 3 3 1 3 24   1   0
14 3 4 3 2 24   1   0
14 5 4 1 2 0    0   1
15 4 4 1 2 60   1   0
15 4 4 1 4 36   0   1
15 4 5 2 1 60   1   0
15 4 5 4 3 36   0   1
15 5 5 1 2 60   1   0
15 5 5 3 2 36   0   1
;

