Index = 245
_solve_time = 1313.45

:              xp  xb    :=
1  2 2 3 2 7    0   1
1  2 2 3 4 4    1   0
1  2 3 2 1 7    0   1
1  2 5 4 1 4    1   0
1  3 3 1 3 7    0   1
1  3 4 3 2 7    0   1
1  4 4 2 4 7    0   1
1  4 5 4 3 7    0   1
1  5 5 1 3 4    1   0
2  4 4 2 4 1    0   1
2  5 4 1 2 1    0   1
2  5 4 3 4 31   1   0
2  5 5 3 1 1    0   1
3  2 3 4 3 38   1   0
3  3 3 3 2 38   1   0
3  3 3 4 2 3    0   1
3  5 2 1 4 38   1   0
3  5 5 1 2 3    0   1
3  5 6 2 2 3    0   1
3  6 3 2 4 3    0   1
4  1 1 3 2 0    0   1
4  1 3 2 1 0    0   1
4  1 3 3 3 2    1   0
4  3 3 1 2 0    0   1
4  3 3 3 2 2    1   0
5  2 2 4 2 0    1   0
5  3 2 1 2 7    0   1
5  3 2 3 4 0    1   0
5  3 3 3 1 7    0   1
6  6 6 1 3 8    0   1
6  6 6 2 1 8    0   1
6  6 6 2 3 71   1   0
7  1 3 3 3 17   0   1
7  3 3 3 2 17   0   1
7  3 6 2 1 17   0   1
7  4 1 3 3 17   0   1
7  4 4 3 2 0    1   0
7  4 5 2 1 0    1   0
7  5 5 1 4 0    1   0
7  5 6 4 3 0    1   0
7  6 6 1 3 17   0   1
8  1 1 3 2 11   1   0
8  1 3 2 1 11   1   0
8  1 3 3 3 26   0   1
8  3 3 1 4 11   1   0
8  3 3 3 2 26   0   1
8  3 6 2 1 26   0   1
8  3 6 4 2 11   1   0
8  6 6 1 2 26   0   1
9  5 5 2 3 1    1   0
9  5 5 4 3 6    0   1
9  6 5 2 2 1    1   0
9  6 5 3 4 6    0   1
9  6 6 1 2 1    1   0
9  6 6 1 3 6    0   1
10 1 1 2 1 33   0   1
10 2 1 1 1 3    1   0
10 2 1 3 2 33   0   1
10 2 2 3 1 3    1   0
11 3 3 3 4 18   1   0
11 4 3 2 3 18   1   0
11 5 4 1 2 18   1   0
11 5 5 1 2 1    0   1
11 5 6 2 2 1    0   1
11 6 3 2 4 1    0   1
12 1 1 3 2 69   0   1
12 4 1 1 2 13   1   0
12 4 1 3 3 69   0   1
12 4 4 4 1 13   1   0
12 4 4 4 3 69   0   1
13 1 3 2 1 53   0   1
13 2 1 3 2 53   0   1
13 2 2 1 2 1    1   0
13 2 2 1 3 53   0   1
13 2 3 2 1 1    1   0
14 5 5 2 1 4    0   1
14 5 5 4 1 30   1   0
14 6 5 2 2 4    0   1
14 6 5 3 4 30   1   0
14 6 6 3 2 4    0   1
15 1 3 2 1 3    1   0
15 3 3 3 1 3    0   1
15 4 1 1 2 3    1   0
15 4 3 2 3 3    0   1
15 4 4 1 2 3    0   1
;

