Index = 367
_solve_time = 3964.46

:              xp  xb    :=
1  3 2 3 4 26   0   1
1  4 3 2 3 26   0   1
1  5 2 1 4 15   1   0
1  5 4 1 2 26   0   1
2  3 3 2 3 3    1   0
2  3 4 3 2 3    1   0
2  4 4 2 1 3    1   0
2  4 4 4 1 22   0   1
2  5 4 3 4 22   0   1
2  5 5 4 3 22   0   1
2  6 3 1 2 3    1   0
2  6 5 3 4 22   0   1
2  6 6 1 3 22   0   1
3  1 1 2 1 13   0   1
3  2 1 1 1 46   1   0
3  2 1 3 2 13   0   1
3  2 2 2 3 13   0   1
3  2 2 4 1 46   1   0
3  3 2 1 2 13   0   1
3  3 2 3 4 46   1   0
3  3 3 4 1 13   0   1
3  3 3 4 3 46   1   0
4  4 4 4 2 6    0   1
4  4 5 2 1 6    0   1
4  4 5 4 3 48   1   0
4  5 5 1 2 6    0   1
4  5 5 3 2 48   1   0
5  1 1 3 2 13   0   1
5  4 1 1 2 55   1   0
5  4 1 3 3 13   0   1
5  4 4 2 1 55   1   0
5  4 4 2 3 13   0   1
6  1 1 1 2 0    0   1
6  1 2 1 1 68   1   0
6  1 3 2 1 0    0   1
6  2 2 1 4 68   1   0
6  2 5 4 1 68   1   0
6  3 3 1 4 0    0   1
6  3 6 4 2 0    0   1
6  5 5 1 2 68   1   0
6  6 5 2 2 0    0   1
7  1 1 3 1 1    0   1
7  1 2 1 1 1    0   1
7  1 3 3 3 73   1   0
7  2 2 1 4 1    0   1
7  2 5 4 1 1    0   1
7  3 4 3 2 73   1   0
7  4 4 1 3 1    0   1
7  4 4 2 1 1    0   1
7  4 4 2 3 73   1   0
7  5 4 1 2 1    0   1
8  4 4 2 4 0    1   0
8  4 5 2 1 0    0   1
8  4 5 4 3 0    1   0
8  5 5 1 3 0    0   1
9  2 2 1 2 7    0   1
9  2 2 1 4 21   1   0
9  2 3 2 1 7    0   1
9  2 5 4 1 21   1   0
9  3 3 1 4 7    0   1
9  3 6 4 2 7    0   1
9  5 5 1 2 21   1   0
9  6 5 2 2 7    0   1
10 2 2 2 4 37   1   0
10 2 3 2 1 0    0   1
10 2 5 4 1 37   1   0
10 3 3 1 2 0    0   1
10 3 6 2 1 0    0   1
10 5 5 1 4 37   1   0
10 6 5 3 4 0    0   1
10 6 6 1 3 0    0   1
11 2 2 1 2 63   1   0
11 2 2 1 4 28   0   1
11 2 3 2 1 63   1   0
11 2 3 4 3 28   0   1
11 3 3 1 2 63   1   0
11 3 3 3 4 28   0   1
11 3 6 2 1 63   1   0
11 3 6 4 2 28   0   1
11 6 6 2 1 28   0   1
12 1 1 1 2 14   0   1
12 2 1 1 1 14   0   1
12 2 1 3 2 0    1   0
12 2 2 3 1 14   0   1
13 4 4 2 3 59   0   1
13 4 4 4 3 59   1   0
13 5 4 1 2 59   0   1
13 5 4 3 4 59   1   0
13 5 5 3 1 59   0   1
14 2 2 1 4 16   0   1
14 2 2 2 1 16   0   1
14 2 2 2 4 3    1   0
15 1 3 2 1 21   0   1
15 2 1 3 2 21   0   1
15 2 2 3 4 0    1   0
15 2 3 4 3 0    1   0
15 3 3 1 4 21   0   1
15 3 3 3 4 0    1   0
;

