Index = 328
_solve_time = 2480.08

:              xp  xb    :=
1  5 5 2 1 67   0   1
1  5 5 4 1 10   1   0
1  6 5 2 2 67   0   1
1  6 5 3 4 10   1   0
1  6 6 3 2 67   0   1
2  1 1 2 1 58   0   1
2  2 1 1 1 1    1   0
2  2 1 3 2 58   0   1
2  2 2 2 3 58   0   1
2  2 2 4 1 1    1   0
2  3 2 1 2 58   0   1
2  3 2 3 4 1    1   0
2  3 3 4 1 58   0   1
2  3 3 4 3 1    1   0
3  2 2 2 4 0    1   0
3  2 3 2 1 5    0   1
3  2 5 4 1 0    1   0
3  3 3 1 4 5    0   1
3  3 6 4 2 5    0   1
3  5 5 1 4 0    1   0
3  6 5 3 4 5    0   1
3  6 6 2 3 5    0   1
4  2 1 3 2 32   0   1
4  2 2 4 3 32   0   1
4  4 1 1 2 24   1   0
4  4 4 4 1 24   1   0
4  5 2 1 4 32   0   1
4  5 4 3 4 24   1   0
4  5 5 2 1 32   0   1
4  5 5 2 3 24   1   0
5  5 5 2 3 20   1   0
5  5 5 4 3 33   0   1
5  6 5 2 2 20   1   0
5  6 5 3 4 33   0   1
5  6 6 2 3 33   0   1
6  4 4 2 1 1    0   1
6  4 4 3 1 0    1   0
6  4 4 3 2 1    0   1
7  3 2 3 4 5    1   0
7  3 3 2 3 5    1   0
7  5 2 1 4 37   0   1
7  5 5 4 1 37   0   1
7  6 3 1 2 5    1   0
7  6 5 3 4 37   0   1
7  6 6 1 3 37   0   1
8  4 4 2 1 33   1   0
8  4 4 4 1 11   0   1
8  5 4 1 2 33   1   0
8  5 4 3 4 11   0   1
8  5 5 1 3 11   0   1
9  1 1 2 1 62   1   0
9  1 1 3 1 0    0   1
9  4 1 1 2 62   1   0
9  4 1 3 3 0    0   1
9  4 4 2 1 62   1   0
9  4 4 2 3 0    0   1
10 3 3 4 3 41   1   0
10 3 4 3 2 41   1   0
10 3 6 4 2 1    0   1
10 5 4 1 2 1    0   1
10 5 5 2 1 1    0   1
10 6 5 2 2 1    0   1
11 3 3 1 2 53   0   1
11 3 3 1 4 15   1   0
11 3 6 2 1 53   0   1
11 3 6 4 2 15   1   0
11 6 6 1 2 53   0   1
12 1 1 3 1 67   0   1
12 2 1 1 1 57   1   0
12 2 2 4 1 57   1   0
12 4 1 3 3 67   0   1
12 4 4 4 3 67   0   1
12 5 2 1 4 57   1   0
12 5 4 3 4 67   0   1
12 5 5 3 1 57   1   0
13 5 5 3 2 6    1   0
13 5 5 3 4 2    0   1
13 5 6 2 2 6    1   0
13 5 6 4 3 2    0   1
13 6 6 3 2 2    0   1
14 1 1 3 2 37   0   1
14 1 3 2 1 37   0   1
14 1 3 3 3 14   1   0
14 3 3 1 4 37   0   1
14 3 3 3 4 14   1   0
15 1 1 2 3 28   0   1
15 4 1 1 2 28   0   1
15 4 1 3 3 17   1   0
15 4 4 2 1 28   0   1
15 4 4 2 3 17   1   0
;

