Index = 348
_solve_time = 18187.3

:              xp  xb    :=
1  2 2 2 4 59   0   1
1  3 2 1 2 59   0   1
1  3 2 3 4 23   1   0
1  3 3 4 1 59   0   1
1  3 3 4 3 23   1   0
2  3 3 3 4 59   0   1
2  3 4 3 2 25   1   0
2  3 6 4 2 59   0   1
2  4 5 2 1 25   1   0
2  5 5 1 2 25   1   0
2  6 5 2 2 59   0   1
3  2 2 4 2 21   1   0
3  3 2 1 2 4    0   1
3  3 3 3 1 4    0   1
3  4 3 2 3 4    0   1
3  5 2 1 4 21   1   0
3  5 4 1 2 4    0   1
4  4 4 2 3 31   1   0
4  4 4 4 3 9    0   1
4  5 4 1 2 31   1   0
4  5 4 3 4 9    0   1
4  5 5 2 1 31   1   0
4  5 5 2 3 9    0   1
5  5 5 2 3 55   1   0
5  5 5 4 3 72   0   1
5  6 5 2 2 55   1   0
5  6 5 3 4 72   0   1
5  6 6 2 3 72   0   1
6  1 1 1 2 41   0   1
6  1 1 1 3 26   1   0
6  1 3 2 1 41   0   1
6  1 3 3 3 26   1   0
6  3 3 1 2 41   0   1
6  3 3 3 2 26   1   0
7  2 2 1 2 0    1   0
7  2 2 1 4 68   0   1
7  2 3 2 1 0    1   0
7  2 5 4 1 68   0   1
7  3 3 1 2 0    1   0
7  3 6 2 1 0    1   0
7  5 5 1 4 68   0   1
7  5 6 4 3 68   0   1
7  6 6 3 1 68   0   1
8  3 3 2 4 51   0   1
8  3 6 2 1 47   1   0
8  3 6 4 2 51   0   1
8  6 6 1 3 47   1   0
8  6 6 2 3 51   0   1
9  5 5 2 4 48   0   1
9  5 6 2 2 0    1   0
9  5 6 4 3 48   0   1
9  6 6 2 3 0    1   0
10 1 1 2 3 12   1   0
10 1 3 2 1 22   0   1
10 1 3 3 3 12   1   0
10 3 3 1 3 22   0   1
11 2 2 2 1 51   0   1
11 2 2 4 1 49   1   0
11 3 2 1 2 51   0   1
11 3 2 3 4 49   1   0
11 3 3 2 1 51   0   1
11 3 3 2 3 49   1   0
12 2 2 4 2 45   1   0
12 3 2 1 2 43   0   1
12 3 3 4 1 43   0   1
12 5 2 1 4 45   1   0
12 5 5 2 1 45   1   0
12 5 6 2 2 43   0   1
12 6 3 2 4 43   0   1
13 1 1 1 3 47   1   0
13 1 2 1 1 26   0   1
13 1 3 3 3 47   1   0
13 2 2 1 4 26   0   1
13 2 5 4 1 26   0   1
13 3 4 3 2 47   1   0
13 5 4 1 2 26   0   1
14 4 4 4 2 31   1   0
14 4 5 2 1 31   1   0
14 4 5 4 3 21   0   1
14 5 5 1 4 31   1   0
14 5 5 3 2 21   0   1
14 5 6 2 2 21   0   1
14 5 6 4 3 31   1   0
14 6 6 2 3 21   0   1
15 4 4 2 4 13   0   1
15 4 5 2 1 0    1   0
15 4 5 4 3 13   0   1
15 5 5 1 2 0    1   0
15 5 5 3 2 13   0   1
;

