Index = 310
_solve_time = 2479.53

:              xp  xb    :=
1  3 2 3 4 34   1   0
1  4 3 2 3 34   1   0
1  4 4 4 2 34   1   0
1  4 5 4 3 39   0   1
1  5 2 1 4 39   0   1
1  5 5 3 1 39   0   1
2  1 1 3 1 48   0   1
2  1 2 1 1 48   0   1
2  2 2 4 1 13   1   0
2  4 1 3 3 48   0   1
2  4 4 4 3 48   0   1
2  4 5 4 3 13   1   0
2  5 2 1 4 13   1   0
2  5 5 3 1 13   1   0
3  2 1 3 2 1    1   0
3  2 2 4 3 1    1   0
3  4 1 1 2 3    0   1
3  4 4 4 1 3    0   1
3  5 2 1 4 1    1   0
3  5 4 3 4 3    0   1
3  5 5 4 1 1    1   0
3  5 5 4 3 3    0   1
4  6 6 2 1 26   0   1
4  6 6 3 1 0    1   0
4  6 6 3 2 26   0   1
5  2 2 1 2 0    0   1
5  2 2 1 4 43   1   0
5  2 3 2 1 0    0   1
5  2 5 4 1 43   1   0
5  3 3 1 2 0    0   1
5  3 6 2 1 0    0   1
5  5 5 1 4 43   1   0
5  5 6 4 3 43   1   0
5  6 6 1 3 0    0   1
6  1 2 2 3 0    1   0
6  1 3 2 1 46   0   1
6  2 2 2 3 46   0   1
6  3 2 1 2 46   0   1
7  3 3 2 3 3    1   0
7  3 4 3 2 3    1   0
7  4 4 2 1 3    1   0
7  4 4 4 1 70   0   1
7  5 4 3 4 70   0   1
7  5 5 2 3 70   0   1
7  6 3 1 2 3    1   0
7  6 5 2 2 70   0   1
7  6 6 1 2 70   0   1
8  2 2 2 1 9    0   1
8  2 2 4 1 52   1   0
8  3 2 1 2 9    0   1
8  3 2 3 4 52   1   0
8  3 3 2 3 52   1   0
8  3 3 4 1 9    0   1
8  6 3 1 2 52   1   0
8  6 3 2 4 9    0   1
8  6 6 1 2 9    0   1
9  1 1 1 3 13   1   0
9  1 2 1 1 62   0   1
9  1 3 3 3 13   1   0
9  2 2 1 4 62   0   1
9  2 5 4 1 62   0   1
9  3 4 3 2 13   1   0
9  4 4 2 1 13   1   0
9  4 4 4 1 62   0   1
9  5 4 3 4 62   0   1
9  5 5 1 3 62   0   1
10 3 3 3 4 51   0   1
10 4 3 2 3 51   0   1
10 4 4 4 2 51   0   1
10 5 4 3 4 51   0   1
10 5 5 3 2 14   1   0
10 5 6 2 2 14   1   0
10 6 3 2 4 14   1   0
11 2 3 4 3 19   0   1
11 3 3 1 2 19   0   1
11 3 3 3 1 19   0   1
11 3 3 3 2 0    1   0
11 4 3 2 3 0    1   0
11 5 2 1 4 19   0   1
11 5 4 1 2 0    1   0
12 1 1 2 1 18   0   1
12 1 1 3 1 30   1   0
12 1 1 3 2 18   0   1
13 2 2 2 1 55   1   0
13 2 2 4 1 10   0   1
13 3 2 1 2 55   1   0
13 3 2 3 4 10   0   1
13 3 3 1 3 10   0   1
14 2 2 1 2 72   1   0
14 2 2 1 4 2    0   1
14 2 3 2 1 72   1   0
14 2 3 4 3 2    0   1
14 3 3 1 2 72   1   0
14 3 3 3 2 2    0   1
15 1 1 2 3 18   1   0
15 1 3 2 1 65   0   1
15 1 3 3 3 18   1   0
15 3 3 1 3 65   0   1
;

