Index = 369
_solve_time = 5395.23

:              xp  xb    :=
1  2 2 4 2 0    1   0
1  3 2 1 2 61   0   1
1  3 3 3 1 61   0   1
1  4 3 2 3 61   0   1
1  5 2 1 4 0    1   0
1  5 4 1 2 61   0   1
2  3 2 3 4 69   0   1
2  4 3 2 3 69   0   1
2  5 2 1 4 56   1   0
2  5 4 1 2 69   0   1
2  5 5 2 1 69   0   1
2  5 5 4 1 56   1   0
2  5 5 4 2 69   0   1
3  2 2 4 2 7    1   0
3  3 2 1 2 9    0   1
3  3 3 3 1 9    0   1
3  4 3 2 3 9    0   1
3  5 2 1 4 7    1   0
3  5 4 1 2 9    0   1
4  1 1 1 3 67   0   1
4  1 1 2 3 71   1   0
4  2 1 1 1 67   0   1
4  2 1 3 2 71   1   0
4  2 2 3 1 67   0   1
5  4 4 1 3 42   1   0
5  4 4 1 4 4    0   1
5  4 4 4 3 4    0   1
6  2 1 3 2 0    1   0
6  2 2 2 3 0    1   0
6  3 2 1 2 0    1   0
6  3 3 4 1 0    1   0
6  3 3 4 3 54   0   1
6  3 4 3 2 54   0   1
6  4 1 1 2 54   0   1
6  4 4 2 1 54   0   1
7  1 1 3 2 0    0   1
7  1 3 2 1 0    0   1
7  1 3 3 3 57   1   0
7  3 3 1 4 0    0   1
7  3 4 3 2 57   1   0
7  3 6 4 2 0    0   1
7  4 5 2 1 57   1   0
7  5 5 1 2 57   1   0
7  6 5 2 2 0    0   1
8  3 3 4 2 69   0   1
8  6 3 1 2 11   1   0
8  6 3 2 4 69   0   1
8  6 6 3 1 11   1   0
8  6 6 3 2 69   0   1
9  1 3 2 1 16   0   1
9  3 3 3 1 0    1   0
9  4 1 1 2 16   0   1
9  4 3 2 3 0    1   0
9  4 4 4 1 16   0   1
9  4 4 4 2 0    1   0
10 1 3 2 1 45   1   0
10 2 1 3 2 45   1   0
10 2 2 3 2 11   0   1
10 2 3 2 1 11   0   1
11 1 3 3 3 62   0   1
11 3 3 3 2 62   0   1
11 3 6 2 1 62   0   1
11 4 1 3 3 62   0   1
11 4 4 3 4 67   1   0
11 4 5 4 3 67   1   0
11 5 5 3 4 67   1   0
11 5 6 4 3 67   1   0
11 6 6 1 3 62   0   1
12 2 1 3 2 16   0   1
12 2 2 4 3 16   0   1
12 4 1 1 2 26   1   0
12 4 4 2 1 26   1   0
12 5 2 1 4 16   0   1
12 5 4 1 2 26   1   0
12 5 5 2 1 16   0   1
12 5 5 4 1 26   1   0
12 6 5 2 2 16   0   1
12 6 5 3 4 26   1   0
12 6 6 3 2 16   0   1
13 1 1 1 2 41   1   0
13 1 1 1 3 28   0   1
13 1 3 2 1 41   1   0
13 1 3 3 3 28   0   1
13 3 3 1 4 41   1   0
13 3 3 3 2 28   0   1
13 3 6 2 1 28   0   1
13 3 6 4 2 41   1   0
13 6 6 1 2 28   0   1
14 3 3 1 4 72   0   1
14 3 3 2 1 72   0   1
14 3 3 2 4 20   1   0
15 1 1 3 1 59   0   1
15 1 2 1 1 59   0   1
15 2 2 4 1 35   1   0
15 4 1 3 3 59   0   1
15 4 4 4 3 59   0   1
15 5 2 1 4 35   1   0
15 5 4 3 4 59   0   1
15 5 5 4 1 35   1   0
15 5 5 4 3 59   0   1
;

