Index = 251
_solve_time = 3169.73

:              xp  xb    :=
1  2 3 4 3 8    1   0
1  4 3 2 3 12   0   1
1  5 2 1 4 8    1   0
1  5 4 1 2 12   0   1
1  5 5 2 1 12   0   1
1  5 5 4 1 8    1   0
1  5 5 4 2 12   0   1
2  2 2 2 4 68   1   0
2  2 3 2 1 42   0   1
2  2 5 4 1 68   1   0
2  3 3 1 3 42   0   1
2  3 4 3 2 42   0   1
2  4 4 2 3 68   1   0
2  4 4 2 4 42   0   1
2  4 4 4 3 42   0   1
2  5 4 1 2 68   1   0
3  4 4 2 1 29   0   1
3  4 4 4 1 55   1   0
3  5 4 1 2 29   0   1
3  5 4 3 4 55   1   0
3  5 5 2 1 29   0   1
3  5 5 2 3 55   1   0
4  1 2 2 3 38   0   1
4  2 2 4 3 0    1   0
4  4 1 1 2 38   0   1
4  4 4 2 1 38   0   1
4  5 2 1 4 0    1   0
4  5 4 1 2 38   0   1
5  3 3 3 4 66   1   0
5  4 3 2 3 66   1   0
5  4 5 2 1 0    0   1
5  5 5 1 2 0    0   1
5  5 6 2 2 0    0   1
5  6 3 2 4 0    0   1
6  1 1 3 2 31   0   1
6  1 2 2 3 31   0   1
6  1 3 3 3 56   1   0
6  2 2 3 4 31   0   1
6  2 5 4 1 31   0   1
6  3 4 3 2 56   1   0
6  4 4 2 4 56   1   0
6  4 5 4 3 56   1   0
6  5 5 1 3 31   0   1
7  3 3 2 4 16   0   1
7  3 6 2 1 0    1   0
7  3 6 4 2 16   0   1
7  6 6 2 1 16   0   1
8  1 1 1 2 1    1   0
8  1 1 1 3 57   0   1
8  1 1 3 2 57   0   1
9  1 1 1 2 0    1   0
9  1 1 1 3 47   0   1
9  1 3 2 1 0    1   0
9  1 3 3 3 47   0   1
9  3 3 1 4 0    1   0
9  3 3 3 2 47   0   1
9  3 6 2 1 47   0   1
9  3 6 4 2 0    1   0
9  6 6 1 2 47   0   1
10 2 2 4 2 54   0   1
10 3 2 1 2 66   1   0
10 3 2 3 4 54   0   1
10 3 3 3 1 66   1   0
11 2 2 2 4 44   0   1
11 2 3 2 1 68   1   0
11 2 5 4 1 44   0   1
11 3 3 1 3 68   1   0
11 3 4 3 2 68   1   0
11 5 4 1 2 44   0   1
12 5 5 4 2 28   0   1
12 5 6 2 2 28   0   1
12 5 6 4 3 5    1   0
12 6 6 2 1 28   0   1
12 6 6 3 1 5    1   0
13 2 2 1 3 0    0   1
13 2 2 1 4 72   1   0
13 2 2 3 4 0    0   1
13 2 3 4 3 72   1   0
13 2 5 4 1 0    0   1
13 3 4 3 2 72   1   0
13 5 4 1 2 0    0   1
14 2 5 4 1 22   1   0
14 3 2 3 4 22   1   0
14 3 3 3 4 1    0   1
14 3 6 4 2 1    0   1
14 5 5 1 2 22   1   0
14 6 5 2 2 1    0   1
15 2 2 1 2 25   0   1
15 2 2 1 4 25   1   0
15 2 3 2 1 25   0   1
15 2 5 4 1 25   1   0
15 3 3 1 4 25   0   1
15 3 6 4 2 25   0   1
15 5 5 1 4 25   1   0
15 5 6 4 3 25   1   0
15 6 6 2 3 25   0   1
;

