Index = 300
_solve_time = 1446.09

:              xp  xb    :=
1  1 3 2 1 0    0   1
1  3 3 3 1 18   1   0
1  4 1 1 2 0    0   1
1  4 3 2 3 18   1   0
1  4 4 4 1 0    0   1
1  4 4 4 2 18   1   0
2  2 2 2 1 36   0   1
2  2 2 4 1 44   1   0
2  3 2 1 2 36   0   1
2  3 3 3 1 36   0   1
2  4 3 2 3 36   0   1
2  5 2 1 4 44   1   0
2  5 4 1 2 36   0   1
3  6 6 1 2 55   0   1
3  6 6 3 1 55   0   1
3  6 6 3 2 7    1   0
4  1 2 2 3 0    0   1
4  1 3 2 1 60   1   0
4  2 2 3 4 0    0   1
4  2 5 4 1 0    0   1
4  3 3 1 4 60   1   0
4  3 6 4 2 60   1   0
4  5 5 1 2 0    0   1
4  6 5 2 2 60   1   0
5  1 3 2 1 34   0   1
5  3 3 1 2 34   0   1
5  3 3 3 2 2    1   0
5  4 1 1 2 34   0   1
5  4 3 2 3 2    1   0
5  4 4 4 1 34   0   1
5  4 4 4 2 2    1   0
6  3 3 1 4 61   0   1
6  3 3 2 1 61   0   1
6  3 3 2 4 11   1   0
7  2 1 3 2 19   0   1
7  2 2 4 3 19   0   1
7  3 3 4 3 3    1   0
7  3 4 3 2 3    1   0
7  4 1 1 2 3    1   0
7  4 4 2 1 3    1   0
7  5 2 1 4 19   0   1
7  5 5 2 1 19   0   1
7  6 3 2 4 3    1   0
7  6 5 2 2 19   0   1
8  3 3 3 2 46   0   1
8  3 6 2 1 46   0   1
8  4 3 2 3 46   0   1
8  4 5 2 1 64   1   0
8  5 5 1 4 64   1   0
8  5 6 4 3 64   1   0
8  6 6 1 3 46   0   1
9  5 5 4 2 24   0   1
9  6 5 2 2 13   1   0
9  6 5 3 4 24   0   1
9  6 6 1 2 13   1   0
9  6 6 1 3 24   0   1
10 1 3 2 1 41   1   0
10 2 1 3 2 41   1   0
10 2 2 3 2 44   0   1
10 2 3 2 1 44   0   1
11 2 5 4 1 35   0   1
11 3 2 3 4 35   0   1
11 3 3 1 3 35   0   1
11 3 3 1 4 2    1   0
11 3 6 4 2 2    1   0
11 5 5 1 2 35   0   1
11 6 5 2 2 2    1   0
12 1 1 2 1 37   0   1
12 1 2 1 1 37   0   1
12 1 2 2 3 58   1   0
12 2 2 3 1 58   1   0
13 1 3 2 1 53   1   0
13 3 3 3 1 65   0   1
13 4 1 1 2 53   1   0
13 4 3 2 3 65   0   1
13 4 4 1 2 65   0   1
14 1 3 2 1 11   1   0
14 3 3 3 1 27   0   1
14 4 1 1 2 11   1   0
14 4 3 2 3 27   0   1
14 4 4 1 2 27   0   1
15 2 2 4 2 0    1   0
15 2 3 2 1 0    1   0
15 3 3 3 1 7    0   1
15 4 3 2 3 7    0   1
15 5 2 1 4 0    1   0
15 5 4 1 2 7    0   1
;

