Index = 250
_solve_time = 1123.64

:              xp  xb    :=
1  1 2 2 3 57   0   1
1  2 2 3 1 57   0   1
1  2 2 4 1 0    1   0
1  4 1 1 2 57   0   1
1  4 4 4 1 57   0   1
1  5 2 1 4 0    1   0
1  5 4 3 4 57   0   1
1  5 5 3 1 0    1   0
2  2 2 2 3 35   0   1
2  2 2 4 2 35   0   1
2  2 2 4 3 71   1   0
3  2 3 4 3 54   1   0
3  3 3 3 4 54   1   0
3  5 2 1 4 54   1   0
3  5 5 1 2 20   0   1
3  5 6 2 2 20   0   1
3  6 3 2 4 20   0   1
4  2 1 3 2 21   0   1
4  2 2 4 3 21   0   1
4  4 1 1 2 29   1   0
4  4 4 2 1 29   1   0
4  5 2 1 4 21   0   1
4  5 4 1 2 29   1   0
5  2 3 4 3 45   0   1
5  3 3 3 4 45   0   1
5  5 2 1 4 45   0   1
5  5 5 4 1 45   0   1
5  5 6 4 3 0    1   0
5  6 3 2 4 0    1   0
5  6 6 3 2 0    1   0
6  1 1 2 3 0    0   1
6  1 3 3 3 0    0   1
6  2 1 3 2 0    0   1
6  2 2 3 4 56   1   0
6  2 5 4 1 56   1   0
6  3 4 3 2 0    0   1
6  5 4 1 2 56   1   0
7  3 3 4 2 72   0   1
7  6 3 1 2 0    1   0
7  6 3 2 4 72   0   1
7  6 6 2 1 0    1   0
8  2 2 2 1 14   1   0
8  2 2 2 3 0    0   1
8  2 2 3 1 0    0   1
9  1 1 2 3 63   0   1
9  1 2 2 3 8    1   0
9  1 3 3 3 63   0   1
9  2 2 3 4 8    1   0
9  2 5 4 1 8    1   0
9  3 4 3 2 63   0   1
9  4 4 2 1 8    1   0
9  4 4 2 3 63   0   1
9  4 4 3 1 63   0   1
9  5 4 1 2 8    1   0
10 3 3 3 4 71   0   1
10 3 6 4 2 71   0   1
10 4 3 2 3 71   0   1
10 4 4 3 2 71   0   1
10 4 4 3 4 5    1   0
10 4 5 4 3 5    1   0
10 5 5 3 2 5    1   0
10 5 6 2 2 5    1   0
11 4 4 3 2 0    0   1
11 4 4 3 4 60   1   0
11 4 5 2 1 0    0   1
11 4 5 4 3 60   1   0
11 5 5 1 3 0    0   1
12 1 1 3 1 54   0   1
12 1 1 3 2 70   1   0
12 1 2 1 1 54   0   1
12 1 2 2 3 70   1   0
12 2 2 1 3 54   0   1
13 2 3 4 3 5    0   1
13 3 3 3 4 5    0   1
13 5 2 1 4 5    0   1
13 5 5 1 2 12   1   0
13 5 6 2 2 12   1   0
13 6 3 2 4 12   1   0
14 4 4 1 3 8    0   1
14 4 4 4 1 8    0   1
14 4 4 4 3 32   1   0
15 4 4 2 4 0    0   1
15 4 5 2 1 5    1   0
15 4 5 4 3 0    0   1
15 5 5 1 2 5    1   0
15 5 5 3 2 0    0   1
;

