Index = 281
_solve_time = 849.812

:              xp  xb    :=
1  2 1 3 2 20   0   1
1  2 2 4 3 20   0   1
1  4 1 1 2 36   1   0
1  4 4 2 1 36   1   0
1  5 2 1 4 20   0   1
1  5 4 1 2 36   1   0
2  1 1 2 3 6    0   1
2  1 3 2 1 0    1   0
2  1 3 3 3 6    0   1
2  3 3 1 4 0    1   0
2  3 3 3 2 6    0   1
2  3 6 2 1 6    0   1
2  3 6 4 2 0    1   0
2  6 6 2 1 0    1   0
3  2 2 2 3 27   1   0
3  2 2 4 3 68   0   1
3  3 2 1 2 27   1   0
3  3 2 3 4 68   0   1
3  3 3 4 1 27   1   0
3  3 3 4 3 68   0   1
4  3 3 4 3 0    1   0
4  3 4 3 2 0    1   0
4  4 4 2 3 0    1   0
4  4 4 4 3 24   0   1
4  5 4 3 4 24   0   1
4  5 5 2 3 24   0   1
4  6 3 2 4 0    1   0
4  6 5 2 2 24   0   1
5  2 2 2 4 1    1   0
5  2 5 4 1 1    1   0
5  3 2 1 2 1    1   0
5  3 3 1 4 60   0   1
5  3 6 4 2 60   0   1
5  5 5 1 4 1    1   0
5  5 5 2 4 60   0   1
5  6 5 2 2 60   0   1
6  3 2 3 4 1    1   0
6  3 3 2 3 1    1   0
6  5 2 1 4 63   0   1
6  5 5 4 1 63   0   1
6  6 3 1 2 1    1   0
6  6 5 3 4 63   0   1
6  6 6 1 3 63   0   1
7  4 4 2 1 10   1   0
7  4 4 4 1 0    0   1
7  5 4 1 2 10   1   0
7  5 4 3 4 0    0   1
7  5 5 4 1 10   1   0
7  5 5 4 3 0    0   1
8  1 1 1 2 41   1   0
8  1 1 1 3 70   0   1
8  1 3 2 1 41   1   0
8  1 3 3 3 70   0   1
8  3 3 3 1 70   0   1
9  3 3 1 3 23   0   1
9  3 3 2 1 23   0   1
9  3 3 2 3 45   1   0
10 1 3 3 3 10   1   0
10 4 1 3 3 10   1   0
10 4 3 2 3 46   0   1
10 4 4 3 2 46   0   1
11 3 3 3 4 5    0   1
11 3 6 4 2 5    0   1
11 4 3 2 3 5    0   1
11 4 4 3 2 5    0   1
11 4 4 3 4 0    1   0
11 4 5 4 3 0    1   0
11 5 5 3 2 0    1   0
11 5 6 2 2 0    1   0
12 4 4 2 4 10   0   1
12 4 5 2 1 22   1   0
12 4 5 4 3 10   0   1
12 5 5 1 2 22   1   0
12 5 5 3 2 10   0   1
13 4 4 4 2 66   0   1
13 4 5 2 1 66   0   1
13 4 5 4 3 24   1   0
13 5 5 1 3 66   0   1
14 6 6 1 3 9    0   1
14 6 6 2 1 9    0   1
14 6 6 2 3 7    1   0
15 1 3 2 1 49   0   1
15 2 1 3 2 49   0   1
15 2 2 3 4 42   1   0
15 2 5 4 1 42   1   0
15 3 3 1 4 49   0   1
15 3 6 4 2 49   0   1
15 5 5 1 4 42   1   0
15 5 6 4 3 42   1   0
15 6 6 2 3 49   0   1
;

