Index = 200
_solve_time = 1969.25

:              xp  xb    :=
1  1 1 1 3 0    0   1
1  1 1 2 3 26   1   0
1  2 1 1 1 0    0   1
1  2 1 3 2 26   1   0
1  2 2 3 1 0    0   1
2  1 1 3 1 0    1   0
2  1 2 1 1 0    1   0
2  1 2 2 3 21   0   1
2  2 2 3 1 21   0   1
2  4 1 1 2 21   0   1
2  4 1 3 3 0    1   0
2  4 4 3 1 21   0   1
3  3 3 2 3 0    1   0
3  3 4 3 2 0    1   0
3  4 4 2 1 0    1   0
3  4 4 4 1 4    0   1
3  5 4 3 4 4    0   1
3  5 5 2 3 4    0   1
3  6 3 1 2 0    1   0
3  6 5 2 2 4    0   1
3  6 6 1 2 4    0   1
4  2 3 4 3 12   0   1
4  2 5 4 1 49   1   0
4  3 3 3 4 12   0   1
4  3 6 4 2 12   0   1
4  5 5 1 2 49   1   0
4  5 6 2 2 49   1   0
5  2 2 1 3 18   0   1
5  2 2 4 1 18   0   1
5  2 2 4 3 70   1   0
6  2 3 4 3 64   0   1
6  2 5 4 1 66   1   0
6  3 3 3 4 64   0   1
6  3 6 4 2 64   0   1
6  5 5 1 4 66   1   0
6  5 6 4 3 66   1   0
6  6 6 2 3 64   0   1
7  3 2 3 4 49   0   1
7  4 3 2 3 49   0   1
7  4 5 2 1 50   1   0
7  5 2 1 4 50   1   0
8  2 2 4 2 2    0   1
8  2 3 2 1 2    0   1
8  2 3 4 3 38   1   0
8  3 3 1 4 2    0   1
8  3 3 3 4 38   1   0
9  6 6 2 1 66   0   1
9  6 6 3 1 1    1   0
9  6 6 3 2 66   0   1
10 5 5 4 2 2    0   1
10 6 5 2 2 32   1   0
10 6 5 3 4 2    0   1
10 6 6 2 3 2    0   1
11 2 2 1 2 13   0   1
11 2 2 1 4 2    1   0
11 2 2 2 4 13   0   1
11 2 3 4 3 13   0   1
11 2 5 4 1 2    1   0
11 3 4 3 2 13   0   1
11 4 5 2 1 13   0   1
12 2 2 4 2 37   1   0
12 3 2 1 2 50   0   1
12 3 2 3 4 37   1   0
12 3 3 3 1 50   0   1
13 1 1 3 1 19   0   1
13 1 2 1 1 19   0   1
13 2 2 4 1 3    1   0
13 4 1 3 3 19   0   1
13 4 4 2 3 19   0   1
13 5 2 1 4 3    1   0
13 5 4 1 2 19   0   1
14 3 3 4 2 9    0   1
14 3 6 2 1 9    0   1
14 3 6 4 2 0    1   0
14 6 6 1 2 9    0   1
15 1 1 1 2 48   1   0
15 2 1 1 1 48   1   0
15 2 1 3 2 58   0   1
15 2 2 1 3 58   0   1
;

