Index = 257
_solve_time = 9284.5

:              xp  xb    :=
1  1 1 3 2 0    0   1
1  1 3 2 1 0    0   1
1  1 3 3 3 62   1   0
1  3 3 1 3 0    0   1
2  5 5 2 4 10   0   1
2  5 6 2 2 13   1   0
2  5 6 4 3 10   0   1
2  6 6 3 2 10   0   1
3  1 1 1 3 22   0   1
3  1 2 1 1 24   1   0
3  1 3 3 3 22   0   1
3  2 2 1 4 24   1   0
3  2 5 4 1 24   1   0
3  3 4 3 2 22   0   1
3  4 5 2 1 22   0   1
4  3 3 2 3 10   0   1
4  3 4 3 2 10   0   1
4  4 4 2 3 10   0   1
4  4 4 4 3 11   1   0
4  5 4 3 4 11   1   0
4  5 5 4 3 11   1   0
4  6 3 1 2 10   0   1
4  6 5 3 4 11   1   0
4  6 6 3 1 10   0   1
5  3 3 1 3 1    1   0
5  3 3 1 4 50   0   1
5  3 4 3 2 1    1   0
5  3 6 4 2 50   0   1
5  4 4 2 4 1    1   0
5  5 4 3 4 50   0   1
5  5 5 2 3 50   0   1
5  6 5 2 2 50   0   1
6  3 3 2 4 39   0   1
6  6 3 1 2 39   0   1
6  6 3 2 4 72   1   0
6  6 6 1 2 72   1   0
7  1 1 3 1 0    0   1
7  1 2 1 1 0    0   1
7  1 3 3 3 2    1   0
7  2 2 1 4 0    0   1
7  2 5 4 1 0    0   1
7  3 3 3 4 2    1   0
7  3 6 4 2 2    1   0
7  5 5 1 2 0    0   1
7  6 5 2 2 2    1   0
8  2 2 4 2 24   0   1
8  3 2 1 2 4    1   0
8  3 3 4 1 4    1   0
8  5 2 1 4 24   0   1
8  5 5 4 1 24   0   1
8  6 3 2 4 4    1   0
8  6 5 3 4 24   0   1
8  6 6 3 2 4    1   0
9  1 3 2 1 30   0   1
9  3 3 1 2 30   0   1
9  3 3 3 2 24   1   0
9  4 1 1 2 30   0   1
9  4 3 2 3 24   1   0
9  4 4 1 2 24   1   0
10 1 1 2 1 53   0   1
10 1 2 1 1 53   0   1
10 2 2 4 1 34   1   0
10 4 1 1 2 53   0   1
10 4 4 4 1 53   0   1
10 4 4 4 2 34   1   0
10 4 5 2 1 34   1   0
10 5 2 1 4 34   1   0
11 2 3 4 3 37   0   1
11 3 3 3 4 37   0   1
11 5 2 1 4 37   0   1
11 5 5 2 1 37   0   1
11 5 6 2 2 36   1   0
11 6 3 2 4 36   1   0
12 3 3 2 3 60   1   0
12 3 4 3 2 60   1   0
12 5 4 1 2 1    0   1
12 5 5 4 1 1    0   1
12 6 3 1 2 60   1   0
12 6 5 3 4 1    0   1
12 6 6 1 3 1    0   1
13 2 2 1 2 27   0   1
13 2 2 1 4 49   1   0
13 2 3 2 1 27   0   1
13 2 3 4 3 49   1   0
13 3 3 1 3 27   0   1
14 2 2 1 2 65   0   1
14 2 2 1 4 40   1   0
14 2 3 2 1 65   0   1
14 2 5 4 1 40   1   0
14 3 3 1 4 65   0   1
14 3 6 4 2 65   0   1
14 5 5 1 2 40   1   0
14 6 5 2 2 65   0   1
15 5 5 4 2 62   0   1
15 5 6 2 2 62   0   1
15 5 6 4 3 1    1   0
15 6 6 2 3 62   0   1
;

