Index = 386
_solve_time = 4522.62

:              xp  xb    :=
1  2 1 3 2 22   0   1
1  2 2 4 3 22   0   1
1  3 2 3 4 22   0   1
1  3 3 2 3 0    1   0
1  3 3 4 3 22   0   1
1  3 4 3 2 0    1   0
1  4 1 1 2 0    1   0
1  4 4 2 1 0    1   0
1  6 3 1 2 0    1   0
1  6 3 2 4 22   0   1
1  6 6 1 2 22   0   1
2  1 1 2 3 0    0   1
2  2 1 3 2 0    0   1
2  2 2 2 3 0    0   1
2  3 2 1 2 0    0   1
2  3 3 4 1 0    0   1
2  3 3 4 3 5    1   0
2  3 4 3 2 5    1   0
2  4 1 3 3 5    1   0
2  4 4 2 3 5    1   0
3  2 1 3 2 13   1   0
3  2 2 2 3 13   1   0
3  3 2 1 2 13   1   0
3  3 3 2 1 13   1   0
3  3 3 2 3 43   0   1
3  3 4 3 2 43   0   1
3  4 1 1 2 43   0   1
3  4 4 2 1 43   0   1
4  2 2 1 4 1    0   1
4  2 2 2 1 1    0   1
4  2 2 2 4 4    1   0
5  4 4 2 4 54   0   1
5  5 4 1 2 54   0   1
5  5 4 3 4 0    1   0
5  5 5 2 1 54   0   1
5  5 5 4 3 0    1   0
5  6 5 2 2 54   0   1
5  6 5 3 4 0    1   0
5  6 6 3 2 54   0   1
6  1 1 2 1 31   0   1
6  2 1 1 1 5    1   0
6  2 1 3 2 31   0   1
6  2 2 2 1 5    1   0
6  2 2 4 3 31   0   1
6  3 2 1 2 5    1   0
6  3 2 3 4 31   0   1
6  3 3 4 1 5    1   0
6  3 3 4 3 31   0   1
7  2 2 2 4 1    0   1
7  2 3 2 1 0    1   0
7  2 3 4 3 1    0   1
7  3 3 1 4 0    1   0
7  3 3 3 4 1    0   1
8  2 2 4 2 36   1   0
8  2 3 2 1 36   1   0
8  2 3 4 3 16   0   1
8  3 3 3 1 16   0   1
9  5 5 1 2 32   0   1
9  5 5 1 4 37   1   0
9  5 5 2 4 32   0   1
10 2 5 4 1 39   0   1
10 3 2 3 4 39   0   1
10 3 4 3 2 47   1   0
10 4 4 2 4 47   1   0
10 5 4 3 4 39   0   1
10 5 5 1 3 39   0   1
11 2 1 3 2 70   0   1
11 2 2 4 3 70   0   1
11 4 1 1 2 25   1   0
11 4 4 4 1 25   1   0
11 5 2 1 4 70   0   1
11 5 4 3 4 25   1   0
11 5 5 4 1 70   0   1
11 5 5 4 3 25   1   0
12 1 1 3 1 42   0   1
12 1 2 1 1 42   0   1
12 1 3 3 3 38   1   0
12 2 2 1 4 42   0   1
12 2 5 4 1 42   0   1
12 3 4 3 2 38   1   0
12 4 4 2 1 38   1   0
12 4 4 4 1 42   0   1
12 5 4 3 4 42   0   1
12 5 5 1 3 42   0   1
13 4 4 1 2 66   1   0
13 4 4 1 4 4    0   1
13 4 5 2 1 66   1   0
13 4 5 4 3 4    0   1
13 5 5 1 4 66   1   0
13 5 5 3 4 4    0   1
14 2 2 2 1 69   0   1
14 2 2 4 1 50   1   0
14 3 2 1 2 69   0   1
14 3 3 4 1 69   0   1
14 5 2 1 4 50   1   0
14 5 5 4 1 50   1   0
14 5 6 4 3 69   0   1
14 6 3 2 4 69   0   1
14 6 6 3 2 69   0   1
15 3 3 2 3 14   1   0
15 3 3 4 3 56   0   1
15 6 3 1 2 14   1   0
15 6 3 2 4 56   0   1
15 6 6 1 2 56   0   1
;

