Index = 330
_solve_time = 14074.7

:              xp  xb    :=
1  1 1 1 2 41   1   0
1  1 1 1 3 73   0   1
1  1 1 3 2 73   0   1
2  1 1 1 3 47   0   1
2  1 2 1 1 48   1   0
2  1 3 3 3 47   0   1
2  2 2 1 4 48   1   0
2  2 5 4 1 48   1   0
2  3 4 3 2 47   0   1
2  4 5 2 1 47   0   1
3  2 2 1 2 72   0   1
3  2 2 4 1 72   0   1
3  2 2 4 2 0    1   0
4  1 1 2 3 49   0   1
4  1 3 2 1 24   1   0
4  1 3 3 3 49   0   1
4  3 3 1 4 24   1   0
4  3 3 3 4 49   0   1
5  1 1 1 2 34   0   1
5  2 1 1 1 34   0   1
5  2 1 3 2 32   1   0
5  2 2 3 1 34   0   1
6  5 5 2 1 0    1   0
6  5 5 4 1 24   0   1
6  6 5 2 2 0    1   0
6  6 5 3 4 24   0   1
6  6 6 2 3 24   0   1
7  1 2 2 3 46   1   0
7  2 2 3 4 46   1   0
7  3 2 3 4 49   0   1
7  4 1 1 2 46   1   0
7  4 3 2 3 49   0   1
7  4 4 1 2 49   0   1
8  2 1 3 2 17   1   0
8  2 2 4 3 17   1   0
8  3 3 4 3 28   0   1
8  3 4 3 2 28   0   1
8  4 1 1 2 28   0   1
8  4 4 2 1 28   0   1
8  5 2 1 4 17   1   0
8  5 5 4 1 17   1   0
8  6 3 2 4 28   0   1
8  6 5 3 4 17   1   0
8  6 6 3 2 28   0   1
9  1 3 2 1 1    1   0
9  3 3 1 2 1    1   0
9  3 3 3 2 60   0   1
9  4 1 1 2 1    1   0
9  4 3 2 3 60   0   1
9  4 4 1 2 60   0   1
10 1 1 1 3 0    0   1
10 1 1 2 3 37   1   0
10 2 1 1 1 0    0   1
10 2 1 3 2 37   1   0
10 2 2 4 1 0    0   1
10 2 2 4 3 37   1   0
11 1 1 1 3 18   0   1
11 1 2 1 1 23   1   0
11 1 3 3 3 18   0   1
11 2 2 1 4 23   1   0
11 2 5 4 1 23   1   0
11 3 4 3 2 18   0   1
11 4 4 2 4 18   0   1
11 4 5 4 3 18   0   1
11 5 5 1 4 23   1   0
11 5 5 3 4 18   0   1
12 2 2 1 2 0    1   0
12 2 2 1 4 70   0   1
12 2 3 2 1 0    1   0
12 2 3 4 3 70   0   1
12 3 3 1 4 0    1   0
12 3 3 3 4 70   0   1
13 2 2 4 2 42   0   1
13 3 2 1 2 21   1   0
13 3 3 3 1 21   1   0
13 4 3 2 3 21   1   0
13 4 4 4 2 21   1   0
13 4 5 4 3 42   0   1
13 5 2 1 4 42   0   1
13 5 5 3 1 42   0   1
14 3 3 4 3 50   1   0
14 3 4 3 2 50   1   0
14 4 4 2 1 50   1   0
14 4 4 4 1 24   0   1
14 5 4 3 4 24   0   1
14 5 5 2 3 24   0   1
14 6 3 2 4 50   1   0
14 6 5 2 2 24   0   1
15 2 2 2 4 1    0   1
15 3 2 1 2 1    0   1
15 3 2 3 4 8    1   0
15 3 3 2 1 1    0   1
15 3 3 2 3 8    1   0
;

