Index = 301
_solve_time = 1643.47

:              xp  xb    :=
1  2 2 1 2 4    0   1
1  2 2 3 1 4    0   1
1  2 2 3 2 0    1   0
2  2 2 2 1 73   0   1
2  2 2 4 1 72   1   0
2  3 2 1 2 73   0   1
2  3 2 3 4 72   1   0
2  3 3 2 3 72   1   0
2  3 3 4 1 73   0   1
2  6 3 1 2 72   1   0
2  6 3 2 4 73   0   1
2  6 6 1 2 73   0   1
3  3 3 2 3 0    0   1
3  3 3 2 4 17   1   0
3  3 3 3 4 0    0   1
4  1 1 2 3 0    0   1
4  1 3 2 1 52   1   0
4  1 3 3 3 0    0   1
4  3 3 1 2 52   1   0
4  3 3 3 2 0    0   1
5  1 3 2 1 0    0   1
5  2 1 3 2 0    0   1
5  2 2 3 4 5    1   0
5  2 5 4 1 5    1   0
5  3 3 1 4 0    0   1
5  3 6 4 2 0    0   1
5  5 5 1 2 5    1   0
5  5 6 2 2 5    1   0
6  1 1 3 1 0    0   1
6  1 2 1 1 0    0   1
6  1 3 3 3 14   1   0
6  2 2 1 4 0    0   1
6  2 5 4 1 0    0   1
6  3 4 3 2 14   1   0
6  4 5 2 1 14   1   0
6  5 5 1 2 0    0   1
6  5 5 1 4 14   1   0
6  5 5 2 4 0    0   1
7  1 2 2 3 48   0   1
7  2 2 4 3 2    1   0
7  4 1 1 2 48   0   1
7  4 4 4 1 48   0   1
7  5 2 1 4 2    1   0
7  5 4 3 4 48   0   1
7  5 5 3 1 2    1   0
8  3 2 3 4 29   0   1
8  4 3 2 3 29   0   1
8  4 4 4 2 29   0   1
8  5 2 1 4 20   1   0
8  5 4 3 4 29   0   1
8  5 5 3 1 20   1   0
9  4 4 1 2 0    1   0
9  4 4 1 4 0    0   1
9  4 5 2 1 0    1   0
9  4 5 4 3 0    0   1
9  5 5 3 1 0    0   1
10 1 1 1 2 10   0   1
10 1 2 1 1 59   1   0
10 1 2 2 3 10   0   1
10 2 2 1 4 59   1   0
10 2 2 3 4 10   0   1
11 1 1 1 3 3    0   1
11 2 1 1 1 3    0   1
11 2 2 4 1 3    0   1
11 3 2 3 4 3    0   1
11 3 4 3 2 44   1   0
11 4 1 3 3 44   1   0
11 4 4 2 3 44   1   0
12 1 1 2 1 33   1   0
12 1 2 1 1 33   1   0
12 1 2 2 3 27   0   1
12 2 2 3 1 27   0   1
13 1 2 2 3 12   0   1
13 2 2 4 3 29   1   0
13 4 1 1 2 12   0   1
13 4 4 4 1 12   0   1
13 5 2 1 4 29   1   0
13 5 4 3 4 12   0   1
13 5 5 2 1 29   1   0
13 5 5 2 3 12   0   1
14 1 3 2 1 43   0   1
14 3 3 1 4 43   0   1
14 3 3 3 4 4    1   0
14 4 1 1 2 43   0   1
14 4 3 2 3 4    1   0
14 4 4 2 1 43   0   1
15 3 3 2 4 1    1   0
15 6 3 1 2 1    1   0
15 6 3 2 4 19   0   1
15 6 6 1 2 19   0   1
;

