Index = 293
_solve_time = 9730.84

:              xp  xb    :=
1  1 1 1 3 39   0   1
1  1 2 1 1 2    1   0
1  1 3 3 3 39   0   1
1  2 2 1 4 2    1   0
1  2 5 4 1 2    1   0
1  3 4 3 2 39   0   1
1  4 4 2 4 39   0   1
1  4 5 4 3 39   0   1
1  5 5 1 3 2    1   0
2  2 2 2 4 9    1   0
2  2 3 2 1 71   0   1
2  2 5 4 1 9    1   0
2  3 3 1 4 71   0   1
2  3 6 4 2 71   0   1
2  5 5 1 4 9    1   0
2  5 5 2 4 71   0   1
2  6 5 2 2 71   0   1
3  3 3 1 3 1    0   1
3  3 3 1 4 2    1   0
3  3 4 3 2 1    0   1
3  3 6 4 2 2    1   0
3  4 4 2 4 1    0   1
3  4 5 4 3 1    0   1
3  5 5 2 3 2    1   0
3  6 5 2 2 2    1   0
4  1 1 3 2 63   0   1
4  1 3 2 1 63   0   1
4  1 3 3 3 32   1   0
4  3 3 1 3 63   0   1
5  1 3 2 1 59   1   0
5  3 3 4 1 0    0   1
5  4 1 1 2 59   1   0
5  4 4 4 1 59   1   0
5  5 4 3 4 59   1   0
5  5 5 3 2 0    0   1
5  5 6 2 2 0    0   1
5  6 3 2 4 0    0   1
6  3 3 3 2 0    1   0
6  4 3 2 3 0    1   0
6  5 4 1 2 0    1   0
6  5 5 3 1 0    1   0
6  5 5 3 4 0    0   1
6  5 6 4 3 0    0   1
6  6 3 1 2 0    0   1
6  6 6 3 1 0    0   1
7  5 5 1 4 5    0   1
7  5 5 2 1 5    0   1
7  5 5 2 4 0    1   0
8  2 2 3 2 17   1   0
8  2 2 3 4 30   0   1
8  2 3 2 1 17   1   0
8  2 5 4 1 30   0   1
8  3 3 1 3 17   1   0
8  3 4 3 2 17   1   0
8  4 4 2 3 17   1   0
8  4 4 4 3 30   0   1
8  5 4 3 4 30   0   1
8  5 5 1 3 30   0   1
9  2 1 3 2 57   1   0
9  2 2 4 3 57   1   0
9  3 2 3 4 57   1   0
9  3 4 3 2 49   0   1
9  4 1 1 2 49   0   1
9  4 4 2 1 49   0   1
10 2 1 3 2 69   1   0
10 2 2 4 3 69   1   0
10 4 1 1 2 53   0   1
10 4 4 4 1 53   0   1
10 5 2 1 4 69   1   0
10 5 4 3 4 53   0   1
10 5 5 4 1 69   1   0
10 5 5 4 3 53   0   1
11 3 3 4 2 0    0   1
11 3 6 2 1 0    0   1
11 3 6 4 2 24   1   0
11 6 6 1 2 0    0   1
12 1 3 3 3 26   1   0
12 3 3 3 4 26   1   0
12 3 6 4 2 26   1   0
12 4 1 3 3 26   1   0
12 4 4 3 4 27   0   1
12 4 5 4 3 27   0   1
12 5 5 3 2 27   0   1
12 5 6 2 2 27   0   1
13 1 3 3 3 0    0   1
13 3 3 1 2 0    0   1
13 3 3 3 1 0    0   1
13 3 3 3 2 62   1   0
13 4 1 3 3 0    0   1
13 4 3 2 3 62   1   0
13 4 4 3 2 62   1   0
14 4 4 3 2 0    0   1
14 4 4 3 4 36   1   0
14 4 5 2 1 0    0   1
14 4 5 4 3 36   1   0
14 5 5 1 2 0    0   1
14 5 5 3 2 36   1   0
15 3 3 2 3 34   0   1
15 3 4 3 2 34   0   1
15 5 4 1 2 48   1   0
15 5 5 4 1 48   1   0
15 6 3 1 2 34   0   1
15 6 5 3 4 48   1   0
15 6 6 3 1 34   0   1
;

