Index = 256
_solve_time = 1691.03

:              xp  xb    :=
1  2 2 2 4 74   0   1
1  2 5 4 1 74   0   1
1  3 2 1 2 74   0   1
1  3 3 1 3 4    1   0
1  3 4 3 2 4    1   0
1  4 4 2 4 4    1   0
1  5 4 3 4 74   0   1
1  5 5 1 3 74   0   1
2  3 3 3 4 12   0   1
2  3 6 4 2 12   0   1
2  4 3 2 3 12   0   1
2  4 4 4 2 12   0   1
2  4 5 4 3 53   1   0
2  5 5 3 2 53   1   0
2  5 6 2 2 53   1   0
3  4 4 2 1 19   1   0
3  4 4 4 1 6    0   1
3  5 4 1 2 19   1   0
3  5 4 3 4 6    0   1
3  5 5 2 3 6    0   1
3  5 5 4 1 19   1   0
3  6 5 2 2 6    0   1
3  6 5 3 4 19   1   0
3  6 6 3 2 6    0   1
4  5 5 2 4 38   0   1
4  6 5 2 2 38   0   1
4  6 5 3 4 0    1   0
4  6 6 1 2 38   0   1
4  6 6 1 3 0    1   0
5  3 3 1 3 10   0   1
5  3 3 4 1 10   0   1
5  3 3 4 3 0    1   0
6  2 2 2 1 1    0   1
6  2 2 3 1 1    1   0
6  2 2 3 2 1    0   1
7  2 2 1 4 31   1   0
7  2 2 3 1 31   1   0
7  2 2 3 4 3    0   1
7  2 3 4 3 31   1   0
7  2 5 4 1 3    0   1
7  3 4 3 2 31   1   0
7  4 4 2 1 31   1   0
7  4 4 4 1 3    0   1
7  5 4 3 4 3    0   1
7  5 5 1 3 3    0   1
8  1 1 2 1 1    1   0
8  2 1 1 1 8    0   1
8  2 1 3 2 1    1   0
8  2 2 3 1 8    0   1
9  3 3 2 3 25   1   0
9  3 4 3 2 25   1   0
9  3 6 2 1 15   0   1
9  4 4 2 4 25   1   0
9  5 4 3 4 15   0   1
9  5 5 2 3 15   0   1
9  6 5 2 2 15   0   1
9  6 6 1 2 15   0   1
10 1 1 1 3 44   0   1
10 2 1 1 1 44   0   1
10 2 2 2 1 44   0   1
10 3 2 1 2 44   0   1
10 3 3 2 1 44   0   1
10 3 3 2 3 22   1   0
10 3 4 3 2 22   1   0
10 4 1 3 3 22   1   0
10 4 4 2 3 22   1   0
11 1 1 3 2 1    0   1
11 1 2 2 3 1    0   1
11 1 3 3 3 14   1   0
11 2 2 3 4 1    0   1
11 2 5 4 1 1    0   1
11 3 4 3 2 14   1   0
11 4 4 2 4 14   1   0
11 5 4 3 4 1    0   1
11 5 5 1 3 1    0   1
12 1 1 2 3 0    0   1
12 1 3 2 1 0    1   0
12 1 3 3 3 0    0   1
12 3 3 1 4 0    1   0
12 3 3 3 4 0    0   1
13 3 3 4 3 11   1   0
13 3 4 3 2 11   1   0
13 4 4 2 3 11   1   0
13 4 4 4 3 56   0   1
13 5 4 3 4 56   0   1
13 5 5 2 3 56   0   1
13 6 3 2 4 11   1   0
13 6 5 2 2 56   0   1
14 5 5 2 4 21   0   1
14 6 5 2 2 21   0   1
14 6 5 3 4 70   1   0
14 6 6 1 2 21   0   1
14 6 6 1 3 70   1   0
15 1 3 2 1 37   1   0
15 3 3 1 2 37   1   0
15 3 3 3 2 17   0   1
15 4 1 1 2 37   1   0
15 4 3 2 3 17   0   1
15 4 4 1 2 17   0   1
;

