Index = 235
_solve_time = 10655.2

:              xp  xb    :=
1  2 2 2 4 20   0   1
1  3 2 1 2 20   0   1
1  3 2 3 4 20   1   0
1  3 3 4 1 20   0   1
1  3 3 4 3 20   1   0
2  2 3 4 3 0    1   0
2  2 5 4 1 12   0   1
2  3 3 3 2 0    1   0
2  3 6 2 1 0    1   0
2  5 5 1 4 12   0   1
2  5 6 4 3 12   0   1
2  6 6 3 1 12   0   1
3  4 4 1 2 3    1   0
3  4 4 1 4 0    0   1
3  4 5 2 1 3    1   0
3  4 5 4 3 0    0   1
3  5 5 3 1 0    0   1
4  1 1 1 2 49   0   1
4  1 1 3 1 49   0   1
4  1 1 3 2 6    1   0
5  1 1 3 2 24   0   1
5  1 3 2 1 24   0   1
5  1 3 3 3 22   1   0
5  3 3 3 1 22   1   0
6  5 5 2 4 56   0   1
6  6 5 2 2 56   0   1
6  6 5 3 4 35   1   0
6  6 6 2 3 35   1   0
7  1 1 1 2 8    0   1
7  2 1 1 1 8    0   1
7  2 1 3 2 4    1   0
7  2 2 2 1 8    0   1
7  2 2 2 3 4    1   0
8  3 3 1 3 45   1   0
8  3 3 1 4 13   0   1
8  3 4 3 2 45   1   0
8  3 6 4 2 13   0   1
8  4 4 2 4 45   1   0
8  5 4 3 4 13   0   1
8  5 5 2 3 13   0   1
8  6 5 2 2 13   0   1
9  4 4 2 4 33   0   1
9  5 4 1 2 33   0   1
9  5 4 3 4 48   1   0
9  5 5 3 1 33   0   1
10 1 3 2 1 64   0   1
10 3 3 1 4 64   0   1
10 3 3 3 2 12   1   0
10 3 6 2 1 12   1   0
10 3 6 4 2 64   0   1
10 4 1 1 2 64   0   1
10 4 3 2 3 12   1   0
10 4 4 1 2 12   1   0
10 6 6 2 1 64   0   1
11 5 5 3 2 0    1   0
11 5 5 3 4 0    0   1
11 5 6 2 2 0    1   0
11 5 6 4 3 0    0   1
11 6 6 2 1 0    1   0
11 6 6 3 1 0    0   1
12 4 4 2 4 24   0   1
12 5 4 1 2 24   0   1
12 5 4 3 4 10   1   0
12 5 5 2 1 24   0   1
12 5 5 4 3 10   1   0
12 6 5 2 2 24   0   1
12 6 5 3 4 10   1   0
12 6 6 3 2 24   0   1
13 3 3 4 3 0    1   0
13 3 4 3 2 0    1   0
13 3 6 4 2 43   0   1
13 5 4 1 2 43   0   1
13 5 5 2 1 43   0   1
13 6 5 2 2 43   0   1
14 5 5 4 2 44   0   1
14 6 5 2 2 29   1   0
14 6 5 3 4 44   0   1
14 6 6 1 2 29   1   0
14 6 6 1 3 44   0   1
15 2 2 4 2 0    0   1
15 2 3 2 1 0    0   1
15 2 3 4 3 48   1   0
15 3 3 1 4 0    0   1
15 3 3 3 4 48   1   0
;

