Index = 281
_solve_time = 913.608

:              xp  xb    :=
1  1 1 1 2 42   0   1
1  1 1 1 3 0    1   0
1  1 3 2 1 42   0   1
1  1 3 3 3 0    1   0
1  3 3 1 4 42   0   1
1  3 3 3 4 0    1   0
2  2 1 3 2 0    1   0
2  2 2 4 3 0    1   0
2  3 2 3 4 0    1   0
2  3 4 3 2 0    0   1
2  4 1 1 2 0    0   1
2  4 4 2 1 0    0   1
3  2 2 3 1 22   0   1
3  2 2 4 1 2    1   0
3  2 2 4 3 22   0   1
4  4 4 4 2 36   0   1
4  4 5 2 1 36   0   1
4  4 5 4 3 40   1   0
4  5 5 1 3 36   0   1
5  1 1 1 3 38   0   1
5  1 1 2 1 38   0   1
5  1 1 2 3 0    1   0
6  2 1 3 2 47   1   0
6  2 2 2 3 47   1   0
6  3 2 1 2 47   1   0
6  3 3 1 3 3    0   1
6  3 4 3 2 3    0   1
6  4 1 1 2 3    0   1
6  4 4 2 1 3    0   1
7  1 2 2 3 52   1   0
7  2 2 3 2 52   1   0
7  2 2 4 2 60   0   1
7  3 2 3 4 60   0   1
7  4 1 1 2 52   1   0
7  4 3 2 3 60   0   1
7  4 4 1 2 60   0   1
8  2 3 4 3 61   0   1
8  3 4 3 2 61   0   1
8  5 2 1 4 61   0   1
8  5 4 1 2 40   1   0
9  2 1 3 2 12   0   1
9  2 2 4 3 12   0   1
9  3 2 3 4 12   0   1
9  3 3 4 3 12   0   1
9  4 1 1 2 28   1   0
9  4 4 4 1 28   1   0
9  5 4 3 4 28   1   0
9  5 5 2 3 28   1   0
9  6 3 2 4 12   0   1
9  6 5 2 2 28   1   0
10 1 1 1 2 8    0   1
10 2 1 1 1 8    0   1
10 2 1 3 2 39   1   0
10 2 2 3 1 8    0   1
11 1 1 1 2 61   0   1
11 1 3 2 1 61   0   1
11 2 1 1 1 61   0   1
11 2 2 1 2 3    1   0
11 2 3 2 1 3    1   0
12 3 3 4 3 0    0   1
12 4 3 2 3 2    1   0
12 5 4 1 2 2    1   0
12 5 5 2 1 2    1   0
12 5 6 2 2 0    0   1
12 6 3 2 4 0    0   1
13 1 1 1 2 21   0   1
13 1 3 2 1 21   0   1
13 2 1 1 1 21   0   1
13 2 2 1 2 18   1   0
13 2 3 2 1 18   1   0
14 2 2 2 4 0    1   0
14 2 3 2 1 24   0   1
14 2 5 4 1 0    1   0
14 3 3 1 3 24   0   1
14 3 4 3 2 24   0   1
14 4 4 2 4 24   0   1
14 4 5 4 3 24   0   1
14 5 5 1 3 0    1   0
15 2 3 4 3 58   1   0
15 2 5 4 1 32   0   1
15 3 3 3 4 58   1   0
15 3 6 4 2 58   1   0
15 5 5 1 2 32   0   1
15 5 6 2 2 32   0   1
;

