Index = 303
_solve_time = 12334.3

:              xp  xb    :=
1  1 1 1 3 0    0   1
1  1 2 1 1 1    1   0
1  1 3 3 3 0    0   1
1  2 2 1 4 1    1   0
1  2 5 4 1 1    1   0
1  3 3 3 4 0    0   1
1  3 6 4 2 0    0   1
1  5 5 1 2 1    1   0
1  6 5 2 2 0    0   1
2  4 4 2 4 1    0   1
2  4 5 2 1 0    1   0
2  4 5 4 3 1    0   1
2  5 5 1 3 0    1   0
3  4 4 1 2 67   1   0
3  4 4 1 4 41   0   1
3  4 5 2 1 67   1   0
3  4 5 4 3 41   0   1
3  5 5 3 1 41   0   1
4  2 3 4 3 22   1   0
4  2 5 4 1 8    0   1
4  3 4 3 2 22   1   0
4  5 4 1 2 8    0   1
5  1 1 2 1 31   0   1
5  2 1 1 1 69   1   0
5  2 1 3 2 31   0   1
5  2 2 3 1 69   1   0
6  4 4 2 1 44   0   1
6  4 4 4 1 72   1   0
6  5 4 1 2 44   0   1
6  5 4 3 4 72   1   0
6  5 5 2 1 44   0   1
6  5 5 4 3 72   1   0
6  6 5 2 2 44   0   1
6  6 5 3 4 72   1   0
6  6 6 3 2 44   0   1
7  5 5 1 3 74   1   0
7  5 5 1 4 45   0   1
7  5 5 4 3 45   0   1
8  2 2 2 3 40   0   1
8  2 2 4 3 25   1   0
8  3 2 1 2 40   0   1
8  3 3 2 1 40   0   1
8  5 2 1 4 25   1   0
8  5 5 4 1 25   1   0
8  6 3 1 2 40   0   1
8  6 5 3 4 25   1   0
8  6 6 3 1 40   0   1
9  3 3 1 2 32   1   0
9  3 3 1 3 31   0   1
9  3 3 3 2 31   0   1
10 3 2 3 4 0    1   0
10 3 3 2 3 0    1   0
10 5 2 1 4 33   0   1
10 5 5 4 1 33   0   1
10 6 3 1 2 0    1   0
10 6 5 3 4 33   0   1
10 6 6 1 3 33   0   1
11 2 2 4 2 3    1   0
11 3 2 1 2 59   0   1
11 3 3 3 1 59   0   1
11 4 3 2 3 59   0   1
11 5 2 1 4 3    1   0
11 5 4 1 2 59   0   1
12 1 1 2 1 2    0   1
12 2 1 1 1 43   1   0
12 2 1 3 2 2    0   1
12 2 2 2 3 2    0   1
12 2 2 4 1 43   1   0
12 3 2 1 2 2    0   1
12 3 3 2 1 2    0   1
12 5 2 1 4 43   1   0
12 5 5 4 1 43   1   0
12 6 3 1 2 2    0   1
12 6 5 3 4 43   1   0
12 6 6 1 3 43   1   0
13 2 1 3 2 18   0   1
13 2 2 2 3 18   0   1
13 3 2 1 2 18   0   1
13 3 3 4 1 18   0   1
13 3 3 4 3 20   1   0
13 3 4 3 2 20   1   0
13 4 1 1 2 20   1   0
13 4 4 2 1 20   1   0
14 2 3 4 3 0    0   1
14 2 5 4 1 32   1   0
14 3 4 3 2 0    0   1
14 4 4 1 3 0    0   1
14 4 4 2 1 0    0   1
14 4 4 2 3 32   1   0
14 5 4 1 2 32   1   0
15 3 3 2 4 14   0   1
15 6 3 1 2 14   0   1
15 6 3 2 4 1    1   0
15 6 6 3 1 14   0   1
15 6 6 3 2 1    1   0
;

