Index = 274
_solve_time = 748.688

:              xp  xb    :=
1  1 1 1 3 25   1   0
1  1 2 1 1 25   0   1
1  1 3 3 3 25   1   0
1  2 2 1 4 25   0   1
1  2 3 4 3 25   0   1
2  5 5 1 4 0    0   1
2  5 5 3 1 0    0   1
2  5 5 3 4 64   1   0
3  3 3 1 3 11   0   1
3  3 3 2 1 11   0   1
3  3 3 2 3 24   1   0
4  2 2 1 2 22   0   1
4  2 2 1 4 0    1   0
4  2 3 2 1 22   0   1
4  2 5 4 1 0    1   0
4  3 3 1 4 22   0   1
4  3 6 4 2 22   0   1
4  5 5 1 2 0    1   0
4  6 5 2 2 22   0   1
5  3 3 4 2 47   0   1
5  6 3 1 2 47   1   0
5  6 3 2 4 47   0   1
5  6 6 1 2 47   0   1
6  5 5 2 4 68   0   1
6  6 5 2 2 68   0   1
6  6 5 3 4 23   1   0
6  6 6 3 2 68   0   1
7  4 4 2 4 48   0   1
7  5 4 1 2 48   0   1
7  5 4 3 4 23   1   0
7  5 5 3 1 48   0   1
8  4 4 2 1 22   1   0
8  4 4 2 4 0    0   1
8  4 4 4 1 0    0   1
9  1 1 3 1 48   0   1
9  2 1 1 1 22   1   0
9  2 2 4 1 22   1   0
9  3 2 3 4 22   1   0
9  3 4 3 2 48   0   1
9  4 1 3 3 48   0   1
9  4 4 2 3 48   0   1
10 2 2 1 2 0    1   0
10 2 2 1 4 15   0   1
10 2 2 4 2 15   0   1
11 2 3 4 3 20   1   0
11 2 5 4 1 23   0   1
11 3 4 3 2 20   1   0
11 5 4 1 2 23   0   1
12 2 2 2 1 46   0   1
12 2 2 4 1 47   1   0
12 3 2 1 2 46   0   1
12 3 2 3 4 47   1   0
12 3 3 3 1 46   0   1
13 1 1 2 3 49   0   1
13 1 3 2 1 49   1   0
13 1 3 3 3 49   0   1
13 3 3 1 2 49   1   0
13 3 3 3 2 49   0   1
14 2 2 2 4 52   0   1
14 2 3 2 1 49   1   0
14 2 5 4 1 52   0   1
14 3 3 1 4 49   1   0
14 3 6 4 2 49   1   0
14 5 5 1 2 52   0   1
14 5 6 2 2 52   0   1
15 2 1 3 2 22   0   1
15 2 2 4 3 22   0   1
15 4 1 1 2 40   1   0
15 4 4 4 1 40   1   0
15 5 2 1 4 22   0   1
15 5 4 3 4 40   1   0
15 5 5 3 1 22   0   1
;

