Index = 231
_solve_time = 967.76

:              xp  xb    :=
1  2 5 4 1 42   0   1
1  3 2 3 4 42   0   1
1  3 4 3 2 0    1   0
1  4 4 2 4 0    1   0
1  5 4 3 4 42   0   1
1  5 5 1 3 42   0   1
2  1 1 3 2 0    0   1
2  4 1 1 2 15   1   0
2  4 1 3 3 0    0   1
2  4 4 4 1 15   1   0
2  4 4 4 3 0    0   1
3  1 1 1 2 2    1   0
3  2 1 1 1 2    1   0
3  2 1 3 2 35   0   1
3  2 2 1 3 35   0   1
4  3 2 3 4 0    0   1
4  3 3 4 3 0    0   1
4  5 2 1 4 9    1   0
4  5 5 4 1 9    1   0
4  5 5 4 2 0    0   1
4  5 6 2 2 0    0   1
4  6 3 2 4 0    0   1
5  2 3 4 3 30   0   1
5  2 5 4 1 0    1   0
5  3 4 3 2 30   0   1
5  4 5 2 1 30   0   1
5  5 5 1 3 30   0   1
5  5 5 1 4 0    1   0
5  5 5 3 4 30   0   1
6  1 1 2 3 3    0   1
6  1 3 3 3 3    0   1
6  2 1 3 2 3    0   1
6  2 2 3 4 10   1   0
6  2 5 4 1 10   1   0
6  3 4 3 2 3    0   1
6  4 4 2 4 3    0   1
6  4 5 4 3 3    0   1
6  5 5 1 3 10   1   0
7  2 1 3 2 2    0   1
7  2 2 4 3 2    0   1
7  4 1 1 2 0    1   0
7  4 4 4 1 0    1   0
7  5 2 1 4 2    0   1
7  5 4 3 4 0    1   0
7  5 5 3 1 2    0   1
8  2 2 4 2 51   0   1
8  3 2 1 2 12   1   0
8  3 2 3 4 51   0   1
8  3 3 1 3 51   0   1
9  2 2 2 1 14   0   1
9  2 2 4 1 8    1   0
9  3 2 1 2 14   0   1
9  3 2 3 4 8    1   0
9  3 3 3 1 14   0   1
10 3 3 2 4 28   0   1
10 6 3 1 2 28   0   1
10 6 3 2 4 60   1   0
10 6 6 2 1 28   0   1
11 1 1 2 3 66   0   1
11 4 1 1 2 66   0   1
11 4 1 3 3 11   1   0
11 4 4 1 3 11   1   0
12 2 2 1 2 47   0   1
12 2 2 4 1 47   0   1
12 2 2 4 2 20   1   0
13 2 2 2 3 60   0   1
13 2 2 4 3 36   1   0
13 3 2 1 2 60   0   1
13 3 2 3 4 36   1   0
13 3 3 4 1 60   0   1
13 3 3 4 3 36   1   0
14 2 2 2 4 17   1   0
14 2 3 2 1 6    0   1
14 2 5 4 1 17   1   0
14 3 3 1 4 6    0   1
14 3 6 4 2 6    0   1
14 5 5 1 2 17   1   0
14 6 5 2 2 6    0   1
15 1 1 2 1 5    0   1
15 1 2 1 1 5    0   1
15 1 2 2 3 21   1   0
15 2 2 1 3 5    0   1
;

