Index = 285
_solve_time = 2353.21

:              xp  xb    :=
1  2 3 4 3 49   0   1
1  3 3 3 2 49   0   1
1  5 2 1 4 49   0   1
1  5 5 2 1 49   0   1
1  5 6 2 2 0    1   0
1  6 3 1 2 0    1   0
1  6 6 2 1 0    1   0
2  1 1 3 2 1    0   1
2  1 3 2 1 1    0   1
2  3 3 3 1 0    1   0
2  4 1 3 3 1    0   1
2  4 3 2 3 0    1   0
2  4 4 3 2 0    1   0
3  1 3 2 1 6    1   0
3  3 3 1 2 6    1   0
3  3 6 2 1 6    1   0
3  4 1 1 2 6    1   0
3  4 4 1 2 3    0   1
3  4 5 2 1 3    0   1
3  5 5 1 4 3    0   1
3  5 6 4 3 3    0   1
3  6 6 3 1 3    0   1
4  3 3 1 2 4    0   1
4  3 3 1 4 63   1   0
4  3 6 2 1 4    0   1
4  3 6 4 2 63   1   0
4  6 6 1 2 4    0   1
5  3 3 4 3 6    1   0
5  3 4 3 2 6    1   0
5  3 6 4 2 54   0   1
5  5 4 1 2 54   0   1
5  5 5 2 1 54   0   1
5  6 5 2 2 54   0   1
6  4 4 2 1 0    1   0
6  4 4 4 1 38   0   1
6  5 4 1 2 0    1   0
6  5 4 3 4 38   0   1
6  5 5 2 1 0    1   0
6  5 5 2 3 38   0   1
7  1 3 2 1 58   0   1
7  3 3 1 2 58   0   1
7  3 3 3 2 2    1   0
7  4 1 1 2 58   0   1
7  4 3 2 3 2    1   0
7  4 4 2 1 58   0   1
8  5 5 2 1 34   0   1
8  5 5 4 1 26   1   0
8  6 5 2 2 34   0   1
8  6 5 3 4 26   1   0
8  6 6 1 2 34   0   1
8  6 6 1 3 26   1   0
9  1 3 2 1 23   1   0
9  2 2 4 2 31   0   1
9  3 2 1 2 23   1   0
9  4 1 1 2 23   1   0
9  4 4 1 2 31   0   1
9  4 5 2 1 31   0   1
9  5 2 1 4 31   0   1
10 5 5 2 1 11   0   1
10 5 5 4 1 32   1   0
10 5 5 4 2 11   0   1
11 3 3 3 4 47   0   1
11 4 3 2 3 47   0   1
11 4 4 4 2 47   0   1
11 5 4 3 4 47   0   1
11 5 5 3 2 55   1   0
11 5 6 2 2 55   1   0
11 6 3 2 4 55   1   0
12 1 1 2 3 44   0   1
12 1 2 2 3 11   1   0
12 1 3 3 3 44   0   1
12 2 2 3 4 11   1   0
12 2 5 4 1 11   1   0
12 3 4 3 2 44   0   1
12 4 5 2 1 44   0   1
13 1 2 2 3 12   1   0
13 2 2 4 3 0    0   1
13 4 1 1 2 12   1   0
13 4 4 1 2 0    0   1
13 4 5 2 1 0    0   1
13 5 2 1 4 0    0   1
14 4 4 1 4 11   0   1
14 4 4 2 1 11   0   1
14 4 4 2 4 22   1   0
15 3 3 4 3 0    1   0
15 3 4 3 2 0    1   0
15 3 6 4 2 0    0   1
15 4 4 2 3 0    1   0
15 4 4 4 3 0    0   1
15 5 4 3 4 0    0   1
15 5 5 2 3 0    0   1
15 6 5 2 2 0    0   1
;

