Index = 247
_solve_time = 8993.72

:              xp  xb    :=
1  3 3 3 1 15   0   1
1  3 3 4 1 25   1   0
1  4 3 2 3 15   0   1
1  5 4 1 2 15   0   1
1  5 5 4 1 15   0   1
1  5 5 4 2 25   1   0
1  5 6 2 2 25   1   0
1  6 3 2 4 25   1   0
2  3 3 2 3 48   0   1
2  3 4 3 2 48   0   1
2  5 4 1 2 10   1   0
2  5 5 4 1 10   1   0
2  6 3 1 2 48   0   1
2  6 5 3 4 10   1   0
2  6 6 3 1 48   0   1
3  2 3 4 3 60   0   1
3  2 5 4 1 70   1   0
3  3 4 3 2 60   0   1
3  5 4 1 2 70   1   0
4  2 2 1 4 38   0   1
4  2 2 2 1 38   0   1
4  2 2 2 4 0    1   0
5  4 4 2 1 4    1   0
5  4 4 4 1 10   0   1
5  5 4 1 2 4    1   0
5  5 4 3 4 10   0   1
5  5 5 2 1 4    1   0
5  5 5 2 3 10   0   1
6  5 5 4 2 68   0   1
6  5 6 2 2 68   0   1
6  5 6 4 3 38   1   0
6  6 6 3 2 38   1   0
7  2 1 3 2 32   0   1
7  2 2 4 3 32   0   1
7  4 1 1 2 0    1   0
7  4 4 4 1 0    1   0
7  5 2 1 4 32   0   1
7  5 4 3 4 0    1   0
7  5 5 3 1 32   0   1
8  3 3 1 2 4    0   1
8  3 3 3 1 4    0   1
8  3 3 3 2 33   1   0
9  3 3 2 4 71   0   1
9  3 6 2 1 0    1   0
9  3 6 4 2 71   0   1
9  5 5 2 4 71   0   1
9  6 5 2 2 71   0   1
9  6 5 3 4 0    1   0
9  6 6 1 3 0    1   0
10 3 2 3 4 27   1   0
10 3 4 3 2 41   0   1
10 4 5 2 1 41   0   1
10 5 2 1 4 41   0   1
11 5 5 2 1 41   1   0
11 5 5 4 1 7    0   1
11 6 5 2 2 41   1   0
11 6 5 3 4 7    0   1
11 6 6 2 3 7    0   1
12 1 1 2 1 9    1   0
12 2 1 1 1 55   0   1
12 2 2 4 1 55   0   1
12 4 1 1 2 9    1   0
12 4 4 4 1 9    1   0
12 5 2 1 4 55   0   1
12 5 4 3 4 9    1   0
12 5 5 3 1 55   0   1
13 2 2 2 4 35   0   1
13 2 3 2 1 0    1   0
13 2 5 4 1 35   0   1
13 3 3 1 4 0    1   0
13 3 6 4 2 0    1   0
13 5 5 1 2 35   0   1
13 5 6 2 2 35   0   1
14 2 5 4 1 19   0   1
14 3 2 3 4 19   0   1
14 3 4 3 2 2    1   0
14 4 4 2 3 2    1   0
14 4 4 2 4 19   0   1
14 4 4 4 3 19   0   1
14 5 4 1 2 19   0   1
15 3 3 4 3 12   0   1
15 3 4 3 2 12   0   1
15 3 6 4 2 7    1   0
15 4 4 2 4 12   0   1
15 4 5 4 3 12   0   1
15 5 5 2 3 7    1   0
15 6 5 2 2 7    1   0
;

