Index = 277
_solve_time = 1233.79

:              xp  xb    :=
1  1 1 1 3 47   0   1
1  1 2 1 1 2    1   0
1  1 3 3 3 47   0   1
1  2 2 1 4 2    1   0
1  3 2 3 4 47   0   1
2  4 4 2 1 7    0   1
2  4 4 4 1 4    1   0
2  4 4 4 2 7    0   1
3  1 1 1 3 38   0   1
3  1 1 2 3 19   1   0
3  2 1 1 1 38   0   1
3  2 1 3 2 19   1   0
3  2 2 4 1 38   0   1
3  2 2 4 3 19   1   0
4  3 2 3 4 61   0   1
4  4 3 2 3 61   0   1
4  4 4 4 2 61   0   1
4  5 2 1 4 30   1   0
4  5 4 3 4 61   0   1
4  5 5 4 1 30   1   0
4  5 5 4 3 61   0   1
5  1 2 2 3 3    0   1
5  2 2 4 3 14   1   0
5  4 1 1 2 3    0   1
5  4 4 2 1 3    0   1
5  5 2 1 4 14   1   0
5  5 4 1 2 3    0   1
6  3 3 2 1 13   1   0
6  3 3 2 4 33   0   1
6  3 3 4 1 33   0   1
7  2 2 2 4 1    1   0
7  2 3 2 1 2    0   1
7  2 5 4 1 1    1   0
7  3 3 1 3 2    0   1
7  3 4 3 2 2    0   1
7  4 5 2 1 2    0   1
8  1 3 2 1 50   1   0
8  2 1 3 2 50   1   0
8  2 2 3 2 21   0   1
8  2 3 2 1 21   0   1
9  2 1 3 2 24   1   0
9  2 2 4 3 24   1   0
9  3 3 4 3 49   0   1
9  3 4 3 2 49   0   1
9  4 1 1 2 49   0   1
9  4 4 2 1 49   0   1
9  5 2 1 4 24   1   0
9  5 5 4 1 24   1   0
9  6 3 2 4 49   0   1
9  6 5 3 4 24   1   0
9  6 6 3 2 49   0   1
10 5 5 2 4 2    0   1
10 5 6 2 2 9    1   0
10 5 6 4 3 2    0   1
10 6 6 2 3 9    1   0
11 1 1 1 3 63   1   0
11 1 2 1 1 63   0   1
11 1 3 3 3 63   1   0
11 2 2 1 4 63   0   1
11 2 5 4 1 63   0   1
11 3 4 3 2 63   1   0
11 4 4 2 4 63   1   0
11 5 4 3 4 63   0   1
11 5 5 1 3 63   0   1
12 1 3 2 1 31   0   1
12 3 3 4 1 17   1   0
12 4 1 1 2 31   0   1
12 4 4 4 1 31   0   1
12 5 4 3 4 31   0   1
12 5 5 3 2 17   1   0
12 5 6 2 2 17   1   0
12 6 3 2 4 17   1   0
13 2 3 4 3 0    0   1
13 2 5 4 1 56   1   0
13 3 3 3 4 0    0   1
13 3 6 4 2 0    0   1
13 5 5 1 2 56   1   0
13 6 5 2 2 0    0   1
14 1 1 1 3 0    0   1
14 1 2 1 1 0    1   0
14 1 3 3 3 0    0   1
14 2 2 1 4 0    1   0
14 2 5 4 1 0    1   0
14 3 4 3 2 0    0   1
14 4 5 2 1 0    0   1
15 4 4 4 2 66   0   1
15 4 5 2 1 66   0   1
15 4 5 4 3 69   1   0
15 5 5 1 4 66   0   1
15 5 5 3 4 69   1   0
;

