Index = 272
_solve_time = 6977.59

:              xp  xb    :=
1  5 5 1 4 13   0   1
1  5 5 2 1 13   0   1
1  5 5 2 4 0    1   0
2  3 3 2 1 9    1   0
2  3 3 4 1 8    0   1
2  6 3 1 2 9    1   0
2  6 3 2 4 8    0   1
2  6 6 1 2 8    0   1
3  1 3 2 1 57   0   1
3  2 1 3 2 57   0   1
3  2 2 3 2 59   1   0
3  2 3 2 1 59   1   0
3  3 3 1 2 59   1   0
3  3 3 1 4 57   0   1
3  3 6 2 1 59   1   0
3  3 6 4 2 57   0   1
3  6 6 2 1 57   0   1
4  1 1 1 3 34   1   0
4  1 1 2 3 0    0   1
4  2 1 1 1 34   1   0
4  2 1 3 2 0    0   1
4  2 2 4 1 34   1   0
4  2 2 4 3 0    0   1
5  1 1 3 2 5    0   1
5  1 2 2 3 5    0   1
5  1 3 3 3 50   1   0
5  2 2 3 4 5    0   1
5  2 5 4 1 5    0   1
5  3 4 3 2 50   1   0
5  4 4 2 4 50   1   0
5  5 4 3 4 5    0   1
5  5 5 1 3 5    0   1
6  2 2 2 4 0    1   0
6  2 2 3 2 0    1   0
6  2 2 3 4 0    0   1
6  2 3 4 3 0    0   1
6  2 5 4 1 0    1   0
6  3 4 3 2 0    0   1
6  4 4 2 3 0    1   0
6  4 4 2 4 0    0   1
6  4 4 4 3 0    0   1
6  5 4 1 2 0    1   0
7  4 4 3 1 6    0   1
7  4 4 4 1 0    1   0
7  4 4 4 3 6    0   1
8  3 2 3 4 9    0   1
8  4 3 2 3 9    0   1
8  4 4 4 2 9    0   1
8  5 2 1 4 4    1   0
8  5 4 3 4 9    0   1
8  5 5 3 1 4    1   0
9  1 1 3 1 14   0   1
9  2 1 1 1 55   1   0
9  2 2 4 1 55   1   0
9  4 1 3 3 14   0   1
9  4 4 2 3 14   0   1
9  5 2 1 4 55   1   0
9  5 4 1 2 14   0   1
10 1 1 2 3 38   0   1
10 1 3 3 3 38   0   1
10 4 1 1 2 38   0   1
10 4 3 2 3 46   1   0
10 4 4 1 2 46   1   0
11 1 1 1 2 0    0   1
11 1 1 1 3 54   1   0
11 1 3 2 1 0    0   1
11 1 3 3 3 54   1   0
11 3 3 1 2 0    0   1
11 3 3 3 2 54   1   0
12 2 1 3 2 18   0   1
12 2 2 2 3 18   0   1
12 3 2 1 2 18   0   1
12 3 3 4 1 18   0   1
12 4 1 1 2 48   1   0
12 4 4 4 1 48   1   0
12 5 4 3 4 48   1   0
12 5 5 2 3 48   1   0
12 6 3 2 4 18   0   1
12 6 5 2 2 48   1   0
13 6 6 1 2 71   1   0
13 6 6 1 3 21   0   1
13 6 6 3 2 21   0   1
14 3 3 2 3 14   1   0
14 3 4 3 2 14   1   0
14 5 4 1 2 48   0   1
14 5 5 4 1 48   0   1
14 6 3 1 2 14   1   0
14 6 5 3 4 48   0   1
14 6 6 1 3 48   0   1
15 2 2 1 2 21   1   0
15 2 2 1 4 25   0   1
15 2 3 2 1 21   1   0
15 2 3 4 3 25   0   1
15 3 3 1 4 21   1   0
15 3 3 3 4 25   0   1
;

