Index = 242
_solve_time = 1648.14

:              xp  xb    :=
1  1 2 2 3 20   0   1
1  2 2 3 2 20   0   1
1  2 2 4 2 44   1   0
1  4 1 1 2 20   0   1
1  4 4 4 1 20   0   1
1  5 2 1 4 44   1   0
1  5 4 3 4 20   0   1
1  5 5 3 1 44   1   0
2  4 4 1 3 12   0   1
2  4 4 4 1 12   0   1
2  4 4 4 3 0    1   0
3  5 5 1 3 26   0   1
3  5 5 1 4 0    1   0
3  5 5 3 4 26   0   1
4  1 1 2 3 18   0   1
4  3 3 4 3 8    1   0
4  3 4 3 2 8    1   0
4  4 1 1 2 18   0   1
4  4 1 3 3 8    1   0
4  4 4 2 3 8    1   0
4  4 4 4 1 18   0   1
4  5 4 3 4 18   0   1
4  5 5 2 3 18   0   1
4  6 3 2 4 8    1   0
4  6 5 2 2 18   0   1
5  1 2 2 3 71   1   0
5  1 3 2 1 73   0   1
5  2 2 3 4 71   1   0
5  2 5 4 1 71   1   0
5  3 3 1 3 73   0   1
5  3 4 3 2 73   0   1
5  4 4 2 1 71   1   0
5  4 4 2 4 73   0   1
5  4 4 4 1 73   0   1
5  5 4 1 2 71   1   0
6  2 2 2 4 3    0   1
6  2 5 4 1 3    0   1
6  3 2 1 2 3    0   1
6  3 3 1 3 59   1   0
6  3 4 3 2 59   1   0
6  4 4 1 3 3    0   1
6  4 4 2 1 3    0   1
6  4 4 2 3 59   1   0
6  5 4 1 2 3    0   1
7  2 3 4 3 4    0   1
7  3 4 3 2 4    0   1
7  5 2 1 4 4    0   1
7  5 4 1 2 7    1   0
8  1 1 2 1 12   1   0
8  1 1 2 3 30   0   1
8  1 1 3 1 30   0   1
9  2 5 4 1 72   0   1
9  3 2 3 4 72   0   1
9  3 4 3 2 49   1   0
9  4 4 2 4 49   1   0
9  5 4 3 4 72   0   1
9  5 5 1 3 72   0   1
10 2 3 4 3 15   1   0
10 4 3 2 3 25   0   1
10 4 4 4 2 25   0   1
10 5 2 1 4 15   1   0
10 5 4 3 4 25   0   1
10 5 5 3 1 15   1   0
11 2 5 4 1 18   0   1
11 3 2 3 4 18   0   1
11 3 4 3 2 1    1   0
11 4 4 2 4 1    1   0
11 4 5 4 3 1    1   0
11 5 5 1 3 18   0   1
12 5 5 2 3 45   0   1
12 5 5 4 2 45   0   1
12 5 5 4 3 12   1   0
13 1 2 2 3 65   0   1
13 1 3 2 1 45   1   0
13 2 2 3 2 65   0   1
13 3 2 1 2 45   1   0
14 2 2 2 1 8    0   1
14 2 2 4 1 66   1   0
14 3 2 1 2 8    0   1
14 3 2 3 4 66   1   0
14 3 3 3 1 8    0   1
15 1 1 2 1 3    0   1
15 1 1 3 1 3    1   0
15 4 1 1 2 3    0   1
15 4 1 3 3 3    1   0
15 4 4 4 1 3    0   1
15 4 4 4 3 3    1   0
;

