Index = 196
_solve_time = 661.584

:              xp  xb    :=
1  2 2 2 3 39   1   0
1  2 2 2 4 33   0   1
1  2 2 4 3 33   0   1
2  2 3 4 3 1    0   1
2  2 5 4 1 27   1   0
2  3 3 3 4 1    0   1
2  3 6 4 2 1    0   1
2  5 5 1 2 27   1   0
2  6 5 2 2 1    0   1
3  1 2 2 3 66   0   1
3  2 2 4 3 60   1   0
3  4 1 1 2 66   0   1
3  4 4 4 1 66   0   1
3  5 2 1 4 60   1   0
3  5 4 3 4 66   0   1
3  5 5 3 1 60   1   0
4  5 5 2 3 10   1   0
4  5 5 4 3 71   0   1
4  6 5 2 2 10   1   0
4  6 5 3 4 71   0   1
4  6 6 2 3 71   0   1
5  2 2 2 4 9    0   1
5  2 5 4 1 9    0   1
5  3 2 1 2 9    0   1
5  3 3 1 2 0    1   0
5  3 6 2 1 0    1   0
5  5 5 1 4 9    0   1
5  6 5 3 4 0    1   0
5  6 6 1 3 0    1   0
6  4 4 2 3 0    1   0
6  4 4 4 3 71   0   1
6  5 4 1 2 0    1   0
6  5 4 3 4 71   0   1
6  5 5 1 3 71   0   1
7  2 3 4 3 3    0   1
7  2 5 4 1 51   1   0
7  3 4 3 2 3    0   1
7  4 5 2 1 3    0   1
7  5 5 1 3 51   1   0
7  5 5 1 4 3    0   1
7  5 5 3 4 51   1   0
8  5 5 2 1 21   0   1
8  5 5 4 1 8    1   0
8  5 5 4 2 21   0   1
9  3 3 2 3 14   0   1
9  3 3 4 3 62   1   0
9  6 3 1 2 14   0   1
9  6 3 2 4 62   1   0
9  6 6 2 1 14   0   1
10 2 2 3 1 55   1   0
10 2 2 3 4 63   0   1
10 2 2 4 1 63   0   1
11 1 1 3 2 19   0   1
11 1 3 2 1 19   0   1
11 1 3 3 3 42   1   0
11 3 3 1 4 19   0   1
11 3 3 3 4 42   1   0
12 2 2 1 3 0    0   1
12 2 2 2 1 0    0   1
12 2 2 2 3 15   1   0
13 1 3 3 3 4    1   0
13 3 2 3 4 4    1   0
13 4 1 3 3 4    1   0
13 4 4 3 2 0    0   1
13 4 5 2 1 0    0   1
13 5 2 1 4 0    0   1
14 2 2 1 2 18   0   1
14 2 2 1 3 4    1   0
14 2 2 2 3 18   0   1
15 2 2 3 2 9    1   0
15 2 2 3 4 0    0   1
15 2 3 2 1 9    1   0
15 2 5 4 1 0    0   1
15 3 3 1 4 9    1   0
15 3 6 4 2 9    1   0
15 5 5 1 2 0    0   1
15 5 6 2 2 0    0   1
;

