Index = 266
_solve_time = 1742.28

:              xp  xb    :=
1  2 2 1 3 53   0   1
1  2 2 4 1 53   0   1
1  2 2 4 3 0    1   0
2  2 2 4 2 7    0   1
2  3 2 1 2 40   1   0
2  3 2 3 4 7    0   1
2  3 3 4 1 40   1   0
2  3 3 4 3 7    0   1
3  2 1 3 2 16   0   1
3  2 2 4 3 16   0   1
3  3 2 3 4 16   0   1
3  3 3 2 3 0    1   0
3  3 3 4 3 16   0   1
3  3 4 3 2 0    1   0
3  4 1 1 2 0    1   0
3  4 4 2 1 0    1   0
3  6 3 1 2 0    1   0
3  6 3 2 4 16   0   1
3  6 6 1 2 16   0   1
4  1 2 2 3 4    0   1
4  1 3 2 1 19   1   0
4  2 2 3 4 4    0   1
4  2 5 4 1 4    0   1
4  3 3 1 4 19   1   0
4  3 6 4 2 19   1   0
4  5 5 1 2 4    0   1
4  5 6 2 2 4    0   1
5  2 5 4 1 50   1   0
5  3 2 3 4 50   1   0
5  3 4 3 2 20   0   1
5  4 4 2 4 20   0   1
5  4 5 4 3 20   0   1
5  5 5 1 3 50   1   0
6  5 5 4 2 72   0   1
6  6 5 2 2 4    1   0
6  6 5 3 4 72   0   1
6  6 6 2 3 72   0   1
7  2 3 4 3 51   0   1
7  3 3 4 3 10   1   0
7  5 2 1 4 51   0   1
7  5 5 2 1 51   0   1
7  5 6 2 2 10   1   0
7  6 3 2 4 10   1   0
8  2 2 1 3 9    0   1
8  2 2 1 4 60   1   0
8  2 2 3 4 9    0   1
8  2 3 4 3 9    0   1
8  2 5 4 1 60   1   0
8  3 4 3 2 9    0   1
8  4 4 2 4 9    0   1
8  4 5 4 3 9    0   1
8  5 5 1 3 60   1   0
9  1 1 2 3 66   0   1
9  4 1 1 2 66   0   1
9  4 1 3 3 70   1   0
9  4 4 3 1 66   0   1
10 1 3 2 1 9    0   1
10 3 3 3 1 59   1   0
10 4 1 1 2 9    0   1
10 4 3 2 3 59   1   0
10 4 4 2 1 9    0   1
11 3 2 3 4 46   0   1
11 4 3 2 3 46   0   1
11 5 2 1 4 63   1   0
11 5 4 1 2 46   0   1
12 1 3 2 1 3    0   1
12 1 3 3 3 4    1   0
12 3 3 3 1 4    1   0
12 4 1 1 2 3    0   1
12 4 1 3 3 4    1   0
12 4 4 3 1 3    0   1
13 2 2 2 1 2    0   1
13 2 2 4 1 26   1   0
13 3 2 1 2 2    0   1
13 3 3 4 1 2    0   1
13 5 2 1 4 26   1   0
13 5 5 2 1 26   1   0
13 5 6 2 2 2    0   1
13 6 3 2 4 2    0   1
14 3 2 3 4 0    0   1
14 4 3 2 3 0    0   1
14 4 4 4 2 0    0   1
14 5 2 1 4 11   1   0
14 5 4 3 4 0    0   1
14 5 5 3 1 11   1   0
15 5 5 4 2 51   0   1
15 5 6 2 2 51   0   1
15 5 6 4 3 0    1   0
15 6 6 2 3 51   0   1
;

