Index = 235
_solve_time = 9562.91

:              xp  xb    :=
1  3 3 2 4 9    0   1
1  6 3 1 2 9    0   1
1  6 3 2 4 0    1   0
1  6 6 3 1 9    0   1
1  6 6 3 2 0    1   0
2  4 4 2 1 70   1   0
2  4 4 2 3 24   0   1
2  4 4 3 1 24   0   1
3  4 4 2 4 0    1   0
3  5 4 1 2 0    1   0
3  5 4 3 4 71   0   1
3  5 5 2 3 71   0   1
3  5 5 4 1 0    1   0
3  6 5 2 2 71   0   1
3  6 5 3 4 0    1   0
3  6 6 3 2 71   0   1
4  1 3 2 1 0    0   1
4  2 1 3 2 0    0   1
4  2 2 3 4 27   1   0
4  2 5 4 1 27   1   0
4  3 3 1 3 0    0   1
4  3 4 3 2 0    0   1
4  4 5 2 1 0    0   1
5  3 3 2 3 55   1   0
5  3 4 3 2 55   1   0
5  4 4 2 3 55   1   0
5  4 4 4 3 10   0   1
5  5 4 3 4 10   0   1
5  5 5 4 3 10   0   1
5  6 3 1 2 55   1   0
5  6 5 3 4 10   0   1
5  6 6 1 3 10   0   1
6  2 2 4 2 51   0   1
6  2 3 2 1 51   0   1
6  2 3 4 3 20   1   0
6  3 3 1 4 51   0   1
6  3 3 3 4 20   1   0
7  2 5 4 1 67   0   1
7  3 2 3 4 67   0   1
7  3 4 3 2 15   1   0
7  4 4 1 3 15   1   0
7  4 4 2 1 15   1   0
7  4 4 2 3 67   0   1
7  5 4 1 2 67   0   1
8  5 5 3 1 2    0   1
8  5 5 4 1 3    1   0
8  5 5 4 3 2    0   1
9  1 1 1 2 12   0   1
9  1 1 3 1 12   0   1
9  1 1 3 2 8    1   0
10 2 2 1 4 6    0   1
10 2 2 3 1 6    0   1
10 2 2 3 4 57   1   0
10 2 3 4 3 6    0   1
10 2 5 4 1 57   1   0
10 3 4 3 2 6    0   1
10 4 5 2 1 6    0   1
11 1 1 2 1 1    0   1
11 1 2 1 1 1    0   1
11 2 2 4 1 9    1   0
11 4 1 1 2 1    0   1
11 4 4 4 1 1    0   1
11 5 2 1 4 9    1   0
11 5 4 3 4 1    0   1
11 5 5 3 1 9    1   0
12 5 5 3 2 5    0   1
12 5 5 4 2 13   1   0
12 5 5 4 3 5    0   1
13 2 2 4 2 13   1   0
13 3 2 1 2 43   0   1
13 3 2 3 4 13   1   0
13 3 3 3 1 43   0   1
14 2 2 2 4 0    0   1
14 2 5 4 1 0    0   1
14 3 2 1 2 0    0   1
14 3 3 1 4 60   1   0
14 3 6 4 2 60   1   0
14 5 5 1 4 0    0   1
14 6 5 3 4 60   1   0
14 6 6 2 3 60   1   0
15 5 5 4 2 54   0   1
15 6 5 2 2 10   1   0
15 6 5 3 4 54   0   1
15 6 6 2 3 54   0   1
;

