Index = 292
_solve_time = 1874.83

:              xp  xb    :=
1  5 5 2 1 0    1   0
1  5 5 4 1 0    0   1
1  6 5 2 2 0    1   0
1  6 5 3 4 0    0   1
1  6 6 2 3 0    0   1
2  4 4 4 2 53   0   1
2  4 5 2 1 53   0   1
2  4 5 4 3 0    1   0
2  5 5 1 4 53   0   1
2  5 5 3 4 0    1   0
3  1 1 1 2 0    0   1
3  1 2 1 1 5    1   0
3  1 2 2 3 0    0   1
3  2 2 1 4 5    1   0
3  2 2 3 4 0    0   1
4  4 4 4 2 73   0   1
4  5 4 1 2 24   1   0
4  5 4 3 4 73   0   1
4  5 5 4 1 24   1   0
4  5 5 4 3 73   0   1
5  1 1 1 3 0    0   1
5  2 1 1 1 0    0   1
5  2 2 4 1 0    0   1
5  3 2 3 4 0    0   1
5  3 4 3 2 43   1   0
5  4 1 3 3 43   1   0
5  4 4 2 3 43   1   0
6  2 3 4 3 72   1   0
6  3 3 4 3 0    0   1
6  5 2 1 4 72   1   0
6  5 5 2 1 72   1   0
6  5 6 2 2 0    0   1
6  6 3 2 4 0    0   1
7  2 2 2 4 45   0   1
7  2 3 2 1 25   1   0
7  2 3 4 3 45   0   1
7  3 3 1 2 25   1   0
7  3 3 3 2 45   0   1
8  1 1 1 2 48   0   1
8  1 1 1 3 12   1   0
8  1 3 2 1 48   0   1
8  1 3 3 3 12   1   0
8  3 3 1 4 48   0   1
8  3 3 3 2 12   1   0
8  3 6 2 1 12   1   0
8  3 6 4 2 48   0   1
8  6 6 2 1 48   0   1
9  4 4 4 2 0    0   1
9  5 4 1 2 35   1   0
9  5 4 3 4 0    0   1
9  5 5 2 1 35   1   0
9  5 5 2 3 0    0   1
10 1 1 2 3 0    0   1
10 1 3 2 1 60   1   0
10 1 3 3 3 0    0   1
10 3 3 3 1 0    0   1
11 2 2 2 1 25   1   0
11 2 2 4 1 48   0   1
11 3 2 1 2 25   1   0
11 3 2 3 4 48   0   1
11 3 3 2 1 25   1   0
11 3 3 4 3 48   0   1
11 6 3 1 2 25   1   0
11 6 3 2 4 48   0   1
11 6 6 1 2 48   0   1
12 1 2 2 3 49   1   0
12 2 2 3 1 49   1   0
12 2 2 4 1 24   0   1
12 3 2 3 4 24   0   1
12 4 1 1 2 49   1   0
12 4 3 2 3 24   0   1
12 4 4 1 2 24   0   1
13 1 2 2 3 1    0   1
13 2 2 3 4 1    0   1
13 4 1 1 2 1    0   1
13 4 4 1 2 27   1   0
13 4 5 2 1 27   1   0
13 5 2 1 4 27   1   0
14 2 1 3 2 71   1   0
14 2 2 2 3 71   1   0
14 3 2 1 2 71   1   0
14 3 3 1 3 52   0   1
14 3 4 3 2 52   0   1
14 4 1 1 2 52   0   1
14 4 4 2 1 52   0   1
15 1 3 3 3 23   0   1
15 3 3 3 4 23   0   1
15 3 6 4 2 23   0   1
15 4 1 3 3 23   0   1
15 4 4 3 4 24   1   0
15 4 5 4 3 24   1   0
15 5 5 3 2 24   1   0
15 5 6 2 2 24   1   0
;

