Index = 299
_solve_time = 17538.6

:              xp  xb    :=
1  1 3 2 1 47   0   1
1  2 1 3 2 47   0   1
1  2 2 2 3 47   0   1
1  2 3 2 1 2    1   0
2  1 3 2 1 1    0   1
2  2 1 3 2 1    0   1
2  2 2 3 4 25   1   0
2  2 5 4 1 25   1   0
2  3 3 1 2 1    0   1
2  3 6 2 1 1    0   1
2  5 5 1 4 25   1   0
2  5 6 4 3 25   1   0
2  6 6 1 3 1    0   1
3  3 3 2 1 18   1   0
3  3 3 4 1 0    0   1
3  5 5 4 2 0    0   1
3  5 6 2 2 0    0   1
3  5 6 4 3 18   1   0
3  6 3 1 2 18   1   0
3  6 3 2 4 0    0   1
3  6 6 3 1 18   1   0
4  3 3 4 3 22   1   0
4  3 4 3 2 22   1   0
4  5 4 1 2 0    0   1
4  5 5 2 1 0    0   1
4  6 3 2 4 22   1   0
4  6 5 2 2 0    0   1
5  1 2 2 3 46   1   0
5  2 2 4 3 72   0   1
5  3 2 3 4 72   0   1
5  4 1 1 2 46   1   0
5  4 3 2 3 72   0   1
5  4 4 1 2 72   0   1
6  4 4 2 4 40   0   1
6  5 4 1 2 40   0   1
6  5 4 3 4 1    1   0
6  5 5 4 1 40   0   1
6  5 5 4 3 1    1   0
7  3 3 4 2 23   0   1
7  3 6 2 1 23   0   1
7  3 6 4 2 0    1   0
7  6 6 1 2 23   0   1
8  2 2 1 2 45   0   1
8  2 2 1 4 44   1   0
8  2 2 2 4 45   0   1
8  2 3 4 3 45   0   1
8  2 5 4 1 44   1   0
8  3 4 3 2 45   0   1
8  4 4 2 4 45   0   1
8  5 4 3 4 44   1   0
8  5 5 1 3 44   1   0
9  4 4 4 2 25   0   1
9  4 5 2 1 25   0   1
9  4 5 4 3 25   1   0
9  5 5 1 3 25   0   1
10 3 3 2 3 68   0   1
10 3 4 3 2 68   0   1
10 4 4 2 1 68   0   1
10 4 4 4 1 59   1   0
10 5 4 3 4 59   1   0
10 5 5 4 3 59   1   0
10 6 3 1 2 68   0   1
10 6 5 3 4 59   1   0
10 6 6 3 1 68   0   1
11 1 1 2 3 23   0   1
11 2 1 3 2 23   0   1
11 2 2 2 3 23   0   1
11 3 2 1 2 23   0   1
11 3 3 4 1 23   0   1
11 3 3 4 3 48   1   0
11 3 4 3 2 48   1   0
11 4 1 3 3 48   1   0
11 4 4 2 3 48   1   0
12 1 1 3 2 33   1   0
12 1 3 2 1 33   1   0
12 1 3 3 3 0    0   1
12 3 3 1 4 33   1   0
12 3 3 3 2 0    0   1
12 3 6 2 1 0    0   1
12 3 6 4 2 33   1   0
12 6 6 1 2 0    0   1
13 3 3 2 3 17   1   0
13 3 3 4 3 29   0   1
13 6 3 1 2 17   1   0
13 6 3 2 4 29   0   1
13 6 6 1 2 29   0   1
14 3 3 3 4 24   1   0
14 3 6 4 2 24   1   0
14 4 3 2 3 24   1   0
14 4 5 2 1 49   0   1
14 5 5 1 2 49   0   1
14 5 6 2 2 49   0   1
15 2 2 4 2 0    1   0
15 3 2 1 2 63   0   1
15 3 3 3 1 63   0   1
15 4 3 2 3 63   0   1
15 5 2 1 4 0    1   0
15 5 4 1 2 63   0   1
;

