Index = 257
_solve_time = 2210.2

:              xp  xb    :=
1  2 2 3 1 0    1   0
1  2 2 4 1 24   0   1
1  2 2 4 3 0    1   0
1  3 2 3 4 24   0   1
1  4 3 2 3 24   0   1
1  5 2 1 4 0    1   0
1  5 4 1 2 24   0   1
2  3 3 3 1 10   0   1
2  3 3 4 1 0    1   0
2  4 3 2 3 10   0   1
2  5 4 1 2 10   0   1
2  5 5 4 1 10   0   1
2  5 5 4 2 0    1   0
2  5 6 2 2 0    1   0
2  6 3 2 4 0    1   0
3  4 4 2 4 70   1   0
3  5 4 1 2 70   1   0
3  5 4 3 4 0    0   1
3  5 5 1 3 0    0   1
4  2 1 3 2 0    1   0
4  2 2 2 3 0    1   0
4  3 2 1 2 0    1   0
4  3 3 1 3 0    0   1
4  3 4 3 2 0    0   1
4  4 1 1 2 0    0   1
4  4 4 2 1 0    0   1
5  3 3 2 1 0    1   0
5  3 3 4 1 57   0   1
5  6 3 1 2 0    1   0
5  6 3 2 4 57   0   1
5  6 6 3 1 0    1   0
5  6 6 3 2 57   0   1
6  4 4 2 1 66   1   0
6  4 4 4 1 16   0   1
6  5 4 1 2 66   1   0
6  5 4 3 4 16   0   1
6  5 5 1 3 16   0   1
7  4 4 2 3 1    1   0
7  4 4 4 3 60   0   1
7  5 4 1 2 1    1   0
7  5 4 3 4 60   0   1
7  5 5 2 3 60   0   1
7  5 5 4 1 1    1   0
7  6 5 2 2 60   0   1
7  6 5 3 4 1    1   0
7  6 6 3 2 60   0   1
8  2 2 1 2 52   0   1
8  2 2 1 4 0    1   0
8  2 3 2 1 52   0   1
8  2 5 4 1 0    1   0
8  3 3 1 4 52   0   1
8  3 6 4 2 52   0   1
8  5 5 1 4 0    1   0
8  5 6 4 3 0    1   0
8  6 6 2 3 52   0   1
9  1 2 2 3 11   0   1
9  1 3 2 1 4    1   0
9  2 2 3 2 11   0   1
9  2 3 2 1 11   0   1
10 1 3 3 3 24   1   0
10 3 3 3 2 24   1   0
10 3 6 2 1 24   1   0
10 4 1 3 3 24   1   0
10 4 4 3 2 72   0   1
10 4 5 2 1 72   0   1
10 5 5 1 2 72   0   1
10 5 6 2 2 72   0   1
10 6 6 2 1 72   0   1
11 2 2 2 4 48   0   1
11 2 3 2 1 1    1   0
11 2 3 4 3 48   0   1
11 3 3 1 2 1    1   0
11 3 3 3 4 48   0   1
11 3 6 2 1 1    1   0
11 3 6 4 2 48   0   1
11 6 6 2 1 48   0   1
12 1 1 2 1 8    1   0
12 2 1 1 1 4    0   1
12 2 1 3 2 8    1   0
12 2 2 2 1 4    0   1
12 2 2 4 3 8    1   0
12 3 2 1 2 4    0   1
12 3 2 3 4 8    1   0
12 3 3 2 3 8    1   0
12 3 3 4 1 4    0   1
12 6 3 1 2 8    1   0
12 6 3 2 4 4    0   1
12 6 6 1 2 4    0   1
13 1 1 1 2 54   0   1
13 1 1 1 3 0    1   0
13 1 1 2 3 54   0   1
14 3 3 2 4 10   1   0
14 6 3 1 2 10   1   0
14 6 3 2 4 71   0   1
14 6 6 1 2 71   0   1
15 1 1 3 2 60   0   1
15 1 3 2 1 60   0   1
15 1 3 3 3 63   1   0
15 3 3 1 2 60   0   1
15 3 3 3 2 63   1   0
;

