Index = 199
_solve_time = 661.828

:              xp  xb    :=
1  1 2 2 3 16   1   0
1  2 2 4 3 25   0   1
1  4 1 1 2 16   1   0
1  4 4 2 1 16   1   0
1  4 5 2 1 25   0   1
1  5 2 1 4 25   0   1
2  1 1 3 2 0    0   1
2  1 3 2 1 0    0   1
2  1 3 3 3 0    1   0
2  3 3 1 4 0    0   1
2  3 3 3 2 0    1   0
2  3 6 2 1 0    1   0
2  3 6 4 2 0    0   1
2  6 6 1 2 0    1   0
3  4 4 3 2 8    0   1
3  4 4 4 2 16   1   0
3  4 4 4 3 8    0   1
4  2 2 4 2 13   0   1
4  3 2 1 2 0    1   0
4  3 3 4 1 0    1   0
4  5 2 1 4 13   0   1
4  5 5 2 1 13   0   1
4  6 3 2 4 0    1   0
4  6 5 2 2 13   0   1
5  3 3 2 1 28   0   1
5  3 3 3 1 0    1   0
5  3 3 3 2 28   0   1
6  3 3 2 4 58   0   1
6  3 3 3 2 58   0   1
6  3 3 3 4 72   1   0
7  2 2 4 2 51   0   1
7  2 3 2 1 51   0   1
7  3 3 3 1 56   1   0
7  4 3 2 3 56   1   0
7  5 2 1 4 51   0   1
7  5 4 1 2 56   1   0
8  4 4 1 2 0    0   1
8  4 4 1 4 70   1   0
8  4 5 2 1 0    0   1
8  4 5 4 3 70   1   0
8  5 5 1 4 0    0   1
8  5 5 3 4 70   1   0
9  1 1 3 2 71   0   1
9  4 1 1 2 0    1   0
9  4 1 3 3 71   0   1
9  4 4 2 1 0    1   0
9  4 4 2 3 71   0   1
10 3 3 2 4 4    0   1
10 3 6 2 1 71   1   0
10 3 6 4 2 4    0   1
10 6 6 2 1 4    0   1
11 2 3 4 3 66   1   0
11 2 5 4 1 52   0   1
11 3 4 3 2 66   1   0
11 4 4 2 3 66   1   0
11 4 4 2 4 52   0   1
11 4 4 4 3 52   0   1
11 5 4 1 2 52   0   1
12 4 4 4 2 13   0   1
12 5 4 1 2 1    1   0
12 5 4 3 4 13   0   1
12 5 5 4 1 1    1   0
12 5 5 4 3 13   0   1
13 2 2 1 2 19   0   1
13 2 2 1 3 15   1   0
13 2 2 2 3 19   0   1
14 3 3 3 4 11   1   0
14 4 3 2 3 11   1   0
14 5 4 1 2 11   1   0
14 5 5 1 2 10   0   1
14 5 6 2 2 10   0   1
14 6 3 2 4 10   0   1
15 5 5 3 1 64   0   1
15 5 5 4 1 58   1   0
15 5 5 4 3 64   0   1
;

