Index = 274
_solve_time = 1125.46

:              xp  xb    :=
1  3 3 3 2 3    1   0
1  3 3 3 4 51   0   1
1  3 6 2 1 3    1   0
1  3 6 4 2 51   0   1
1  6 6 1 3 3    1   0
1  6 6 2 3 51   0   1
2  2 2 2 3 2    1   0
2  2 2 4 3 4    0   1
2  3 2 1 2 2    1   0
2  3 2 3 4 4    0   1
2  3 3 2 1 2    1   0
2  3 3 2 3 4    0   1
3  2 5 4 1 44   0   1
3  3 2 3 4 44   0   1
3  3 4 3 2 0    1   0
3  5 4 1 2 44   0   1
4  2 2 2 4 6    0   1
4  2 3 2 1 4    1   0
4  2 5 4 1 6    0   1
4  3 3 1 4 4    1   0
4  3 6 4 2 4    1   0
4  5 5 1 2 6    0   1
4  5 6 2 2 6    0   1
5  1 1 2 1 68   0   1
5  2 1 1 1 0    1   0
5  2 2 4 1 0    1   0
5  4 1 1 2 68   0   1
5  4 4 4 1 68   0   1
5  5 2 1 4 0    1   0
5  5 4 3 4 68   0   1
5  5 5 3 1 0    1   0
6  1 3 3 3 0    0   1
6  3 3 3 4 0    0   1
6  3 6 4 2 0    0   1
6  4 1 3 3 0    0   1
6  4 4 3 2 0    1   0
6  4 5 2 1 0    1   0
6  5 5 1 2 0    1   0
6  5 6 2 2 0    1   0
7  1 1 2 1 72   0   1
7  2 1 1 1 29   1   0
7  2 1 3 2 72   0   1
7  2 2 3 1 29   1   0
8  5 5 2 4 7    0   1
8  6 5 2 2 7    0   1
8  6 5 3 4 35   1   0
8  6 6 3 2 7    0   1
9  2 3 4 3 55   0   1
9  2 5 4 1 36   1   0
9  3 4 3 2 55   0   1
9  4 4 2 4 55   0   1
9  5 4 3 4 36   1   0
9  5 5 1 3 36   1   0
10 3 3 2 1 19   0   1
10 3 3 4 1 67   1   0
10 6 3 1 2 19   0   1
10 6 3 2 4 67   1   0
10 6 6 3 1 19   0   1
10 6 6 3 2 67   1   0
11 4 4 1 2 62   0   1
11 4 4 1 3 39   1   0
11 4 4 2 3 62   0   1
12 2 2 2 4 0    0   1
12 2 3 2 1 16   1   0
12 2 5 4 1 0    0   1
12 3 3 1 3 16   1   0
12 3 4 3 2 16   1   0
12 4 4 2 1 16   1   0
12 4 4 2 3 0    0   1
12 4 4 3 1 0    0   1
12 5 4 1 2 0    0   1
13 1 1 2 3 10   0   1
13 2 1 3 2 10   0   1
13 2 2 4 3 10   0   1
13 4 1 3 3 34   1   0
13 4 4 2 3 34   1   0
13 5 2 1 4 10   0   1
13 5 4 1 2 34   1   0
14 5 5 2 4 2    0   1
14 5 6 2 2 15   1   0
14 5 6 4 3 2    0   1
14 6 6 3 2 2    0   1
15 1 1 2 1 34   1   0
15 1 2 1 1 34   1   0
15 2 2 4 1 65   0   1
15 3 2 3 4 65   0   1
15 4 1 1 2 34   1   0
15 4 3 2 3 65   0   1
15 4 4 4 1 34   1   0
15 4 4 4 2 65   0   1
;

