Index = 313
_solve_time = 14884.8

:              xp  xb    :=
1  2 3 4 3 7    1   0
1  2 5 4 1 19   0   1
1  3 3 3 2 7    1   0
1  3 6 2 1 7    1   0
1  5 5 1 4 19   0   1
1  5 6 4 3 19   0   1
1  6 6 3 1 19   0   1
2  2 5 4 1 27   0   1
2  3 2 3 4 27   0   1
2  3 3 2 3 42   1   0
2  3 3 2 4 27   0   1
2  3 3 4 3 27   0   1
2  3 4 3 2 42   1   0
2  5 4 1 2 27   0   1
3  2 2 2 4 58   0   1
3  2 3 2 1 63   1   0
3  2 3 4 3 58   0   1
3  3 3 3 1 58   0   1
4  2 2 1 2 9    0   1
4  2 2 1 4 22   1   0
4  2 3 2 1 9    0   1
4  2 5 4 1 22   1   0
4  3 3 1 4 9    0   1
4  3 6 4 2 9    0   1
4  5 5 1 4 22   1   0
4  5 5 2 4 9    0   1
4  6 5 2 2 9    0   1
5  2 3 4 3 44   0   1
5  4 3 2 3 8    1   0
5  5 2 1 4 44   0   1
5  5 4 1 2 8    1   0
5  5 5 2 1 44   0   1
5  5 5 4 1 8    1   0
5  5 5 4 2 44   0   1
6  2 2 4 2 66   1   0
6  3 2 1 2 19   0   1
6  3 3 3 1 19   0   1
6  4 3 2 3 19   0   1
6  4 4 4 2 19   0   1
6  5 2 1 4 66   1   0
6  5 4 3 4 19   0   1
6  5 5 3 1 66   1   0
7  1 1 3 2 66   0   1
7  1 2 2 3 66   0   1
7  1 3 3 3 0    1   0
7  2 2 3 4 66   0   1
7  2 5 4 1 66   0   1
7  3 3 3 4 0    1   0
7  3 6 4 2 0    1   0
7  5 5 1 2 66   0   1
7  6 5 2 2 0    1   0
8  3 3 1 2 56   1   0
8  3 3 1 3 5    0   1
8  3 4 3 2 5    0   1
8  3 6 2 1 56   1   0
8  4 5 2 1 5    0   1
8  5 5 1 4 5    0   1
8  6 5 3 4 56   1   0
8  6 6 1 3 56   1   0
9  2 2 2 4 2    1   0
9  2 3 2 1 0    0   1
9  2 5 4 1 2    1   0
9  3 3 1 2 0    0   1
9  3 6 2 1 0    0   1
9  5 5 1 4 2    1   0
9  6 5 3 4 0    0   1
9  6 6 1 3 0    0   1
10 3 3 3 2 11   1   0
10 3 6 2 1 11   1   0
10 4 3 2 3 11   1   0
10 4 4 1 2 11   1   0
10 4 4 1 4 70   0   1
10 4 5 4 3 70   0   1
10 5 5 3 4 70   0   1
10 5 6 4 3 70   0   1
10 6 6 3 1 70   0   1
11 2 3 4 3 70   0   1
11 3 4 3 2 70   0   1
11 5 2 1 4 70   0   1
11 5 4 1 2 1    1   0
12 2 3 4 3 54   1   0
12 3 3 3 1 54   1   0
12 3 3 4 1 35   0   1
12 5 2 1 4 54   1   0
12 5 5 4 1 54   1   0
12 5 6 4 3 35   0   1
12 6 3 2 4 35   0   1
12 6 6 3 2 35   0   1
13 4 4 2 3 74   0   1
13 4 4 4 3 3    1   0
13 5 4 1 2 74   0   1
13 5 4 3 4 3    1   0
13 5 5 2 1 74   0   1
13 5 5 2 3 3    1   0
14 3 2 3 4 55   0   1
14 4 3 2 3 55   0   1
14 4 4 4 2 55   0   1
14 5 2 1 4 14   1   0
14 5 4 3 4 55   0   1
14 5 5 3 1 14   1   0
15 1 1 1 3 1    0   1
15 1 2 1 1 63   1   0
15 1 3 3 3 1    0   1
15 2 2 1 4 63   1   0
15 2 5 4 1 63   1   0
15 3 4 3 2 1    0   1
15 4 4 2 1 63   1   0
15 4 4 2 3 1    0   1
15 4 4 3 1 1    0   1
15 5 4 1 2 63   1   0
;

