Index = 220
_solve_time = 12589.7

:              xp  xb    :=
1  1 1 2 3 22   0   1
1  1 3 2 1 22   1   0
1  1 3 3 3 22   0   1
1  3 3 1 3 22   1   0
2  3 3 3 2 0    1   0
2  3 6 2 1 0    1   0
2  4 3 2 3 0    1   0
2  4 4 4 2 0    1   0
2  4 5 4 3 34   0   1
2  5 5 3 4 34   0   1
2  5 6 4 3 34   0   1
2  6 6 3 1 34   0   1
3  5 5 1 3 0    0   1
3  5 5 2 1 0    0   1
3  5 5 2 3 0    1   0
4  4 4 2 1 21   1   0
4  4 4 4 1 61   0   1
4  5 4 1 2 21   1   0
4  5 4 3 4 61   0   1
4  5 5 1 3 61   0   1
5  2 2 2 4 6    0   1
5  2 3 2 1 3    1   0
5  2 3 4 3 6    0   1
5  3 3 1 2 3    1   0
5  3 3 3 2 6    0   1
6  1 3 2 1 0    1   0
6  3 3 3 1 72   0   1
6  4 1 1 2 0    1   0
6  4 3 2 3 72   0   1
6  4 4 1 2 72   0   1
7  1 1 2 3 71   0   1
7  4 1 1 2 71   0   1
7  4 1 3 3 0    1   0
7  4 4 4 1 71   0   1
7  4 4 4 3 0    1   0
8  1 3 2 1 17   0   1
8  3 3 1 2 17   0   1
8  3 3 3 2 12   1   0
8  4 1 1 2 17   0   1
8  4 3 2 3 12   1   0
8  4 4 1 2 12   1   0
9  3 3 3 2 51   1   0
9  3 6 2 1 51   1   0
9  4 3 2 3 51   1   0
9  4 5 2 1 51   0   1
9  5 5 1 2 51   0   1
9  5 6 2 2 51   0   1
9  6 6 2 1 51   0   1
10 1 1 1 3 74   1   0
10 1 2 1 1 70   0   1
10 1 3 3 3 74   1   0
10 2 2 1 4 70   0   1
10 2 5 4 1 70   0   1
10 3 4 3 2 74   1   0
10 4 4 2 4 74   1   0
10 5 4 3 4 70   0   1
10 5 5 1 3 70   0   1
11 5 5 4 2 0    0   1
11 5 6 2 2 0    0   1
11 5 6 4 3 71   1   0
11 6 6 3 2 71   1   0
12 1 3 2 1 65   0   1
12 2 1 3 2 65   0   1
12 2 2 3 4 11   1   0
12 2 5 4 1 11   1   0
12 3 3 1 2 65   0   1
12 3 6 2 1 65   0   1
12 5 5 1 4 11   1   0
12 5 6 4 3 11   1   0
12 6 6 1 3 65   0   1
13 1 1 1 2 30   0   1
13 1 2 1 1 3    1   0
13 1 2 2 3 30   0   1
13 2 2 3 1 30   0   1
14 2 2 3 2 67   0   1
14 2 2 3 4 0    1   0
14 2 3 2 1 67   0   1
14 2 5 4 1 0    1   0
14 3 3 1 4 67   0   1
14 3 6 4 2 67   0   1
14 5 5 1 4 0    1   0
14 5 6 4 3 0    1   0
14 6 6 2 3 67   0   1
15 2 2 4 2 0    0   1
15 3 2 1 2 0    1   0
15 3 3 2 1 0    1   0
15 5 2 1 4 0    0   1
15 5 5 4 1 0    0   1
15 6 3 1 2 0    1   0
15 6 5 3 4 0    0   1
15 6 6 3 1 0    1   0
;

