Index = 319
_solve_time = 2206.3

:              xp  xb    :=
1  4 4 4 2 42   1   0
1  4 5 2 1 42   1   0
1  4 5 4 3 50   0   1
1  5 5 3 1 50   0   1
2  4 4 2 4 10   0   1
2  4 5 2 1 0    1   0
2  4 5 4 3 10   0   1
2  5 5 1 4 0    1   0
2  5 5 3 4 10   0   1
3  3 3 2 3 62   0   1
3  3 4 3 2 62   0   1
3  4 4 2 3 62   0   1
3  4 4 4 3 56   1   0
3  5 4 3 4 56   1   0
3  5 5 4 3 56   1   0
3  6 3 1 2 62   0   1
3  6 5 3 4 56   1   0
3  6 6 3 1 62   0   1
4  2 2 1 3 39   0   1
4  2 2 4 1 39   0   1
4  2 2 4 3 21   1   0
5  2 2 2 1 55   1   0
5  2 2 4 1 3    0   1
5  3 2 1 2 55   1   0
5  3 2 3 4 3    0   1
5  3 3 1 3 3    0   1
6  1 1 3 1 36   0   1
6  1 2 1 1 36   0   1
6  1 3 3 3 34   1   0
6  2 2 1 4 36   0   1
6  2 5 4 1 36   0   1
6  3 4 3 2 34   1   0
6  4 5 2 1 34   1   0
6  5 5 1 3 34   1   0
6  5 5 1 4 36   0   1
6  5 5 3 4 34   1   0
7  2 3 4 3 30   1   0
7  2 5 4 1 6    0   1
7  3 4 3 2 30   1   0
7  4 4 1 3 6    0   1
7  4 4 2 1 6    0   1
7  4 4 2 3 30   1   0
7  5 4 1 2 6    0   1
8  1 1 1 2 24   0   1
8  1 1 1 3 71   1   0
8  1 3 2 1 24   0   1
8  1 3 3 3 71   1   0
8  3 3 1 3 24   0   1
9  1 3 2 1 40   0   1
9  3 3 1 4 40   0   1
9  3 6 4 2 40   0   1
9  4 1 1 2 40   0   1
9  4 4 1 4 27   1   0
9  4 5 4 3 27   1   0
9  5 5 3 2 27   1   0
9  5 6 2 2 27   1   0
10 3 3 4 3 3    0   1
10 3 4 3 2 3    0   1
10 4 4 2 4 3    0   1
10 5 4 3 4 0    1   0
10 5 5 2 3 0    1   0
10 6 3 2 4 3    0   1
10 6 5 2 2 0    1   0
11 3 3 1 2 0    0   1
11 3 3 1 4 2    1   0
11 3 6 2 1 0    0   1
11 3 6 4 2 2    1   0
11 6 6 1 2 0    0   1
12 1 2 2 3 43   0   1
12 1 3 2 1 63   1   0
12 2 2 3 4 43   0   1
12 2 5 4 1 43   0   1
12 3 3 1 3 63   1   0
12 3 4 3 2 63   1   0
12 4 4 1 3 63   1   0
12 4 4 2 1 63   1   0
12 4 4 2 3 43   0   1
12 5 4 1 2 43   0   1
13 2 2 2 4 71   0   1
13 2 5 4 1 71   0   1
13 3 2 1 2 71   0   1
13 3 3 1 3 0    1   0
13 3 4 3 2 0    1   0
13 4 4 1 3 71   0   1
13 4 4 2 1 71   0   1
13 4 4 2 3 0    1   0
13 5 4 1 2 71   0   1
14 1 1 2 1 28   0   1
14 2 1 1 1 10   1   0
14 2 1 3 2 28   0   1
14 2 2 1 3 28   0   1
15 1 3 3 3 56   0   1
15 3 2 3 4 56   0   1
15 4 1 3 3 56   0   1
15 4 4 3 2 47   1   0
15 4 5 2 1 47   1   0
15 5 2 1 4 47   1   0
;

