Index = 291
_solve_time = 2662.78

:              xp  xb    :=
1  2 2 1 4 68   0   1
1  2 2 3 1 68   0   1
1  2 2 3 4 5    1   0
1  2 3 4 3 68   0   1
1  2 5 4 1 5    1   0
1  3 4 3 2 68   0   1
1  4 4 2 4 68   0   1
1  5 4 3 4 5    1   0
1  5 5 1 3 5    1   0
2  1 1 3 1 0    0   1
2  1 2 1 1 0    0   1
2  1 3 3 3 51   1   0
2  2 2 1 4 0    0   1
2  2 5 4 1 0    0   1
2  3 4 3 2 51   1   0
2  4 4 2 4 51   1   0
2  4 5 4 3 51   1   0
2  5 5 1 4 0    0   1
2  5 5 3 4 51   1   0
3  1 1 3 2 34   0   1
3  1 3 2 1 34   0   1
3  1 3 3 3 9    1   0
3  3 3 1 4 34   0   1
3  3 3 3 2 9    1   0
3  3 6 2 1 9    1   0
3  3 6 4 2 34   0   1
3  6 6 1 2 9    1   0
4  1 1 2 3 23   0   1
4  1 3 2 1 45   1   0
4  1 3 3 3 23   0   1
4  3 3 3 1 23   0   1
5  2 3 4 3 1    1   0
5  2 5 4 1 22   0   1
5  3 4 3 2 1    1   0
5  4 4 2 1 1    1   0
5  4 4 2 3 22   0   1
5  4 4 3 1 22   0   1
5  5 4 1 2 22   0   1
6  2 1 3 2 5    0   1
6  2 2 4 3 5    0   1
6  4 1 1 2 30   1   0
6  4 4 4 1 30   1   0
6  5 2 1 4 5    0   1
6  5 4 3 4 30   1   0
6  5 5 3 1 5    0   1
7  1 2 2 3 2    0   1
7  2 2 4 3 45   1   0
7  4 1 1 2 2    0   1
7  4 4 4 1 2    0   1
7  5 2 1 4 45   1   0
7  5 4 3 4 2    0   1
7  5 5 2 1 45   1   0
7  5 5 2 3 2    0   1
8  4 4 3 2 4    1   0
8  4 4 3 4 1    0   1
8  4 5 2 1 4    1   0
8  4 5 4 3 1    0   1
8  5 5 3 1 1    0   1
9  4 4 4 2 25   1   0
9  4 5 2 1 25   1   0
9  4 5 4 3 18   0   1
9  5 5 3 1 18   0   1
10 4 4 4 2 70   0   1
10 5 4 1 2 23   1   0
10 5 4 3 4 70   0   1
10 5 5 2 1 23   1   0
10 5 5 2 3 70   0   1
11 2 2 4 2 0    0   1
11 3 2 1 2 15   1   0
11 3 3 4 1 15   1   0
11 5 2 1 4 0    0   1
11 5 5 4 1 0    0   1
11 6 3 2 4 15   1   0
11 6 5 3 4 0    0   1
11 6 6 3 2 15   1   0
12 2 2 2 3 6    0   1
12 2 2 4 3 0    1   0
12 3 2 1 2 6    0   1
12 3 2 3 4 0    1   0
12 3 3 2 3 0    1   0
12 3 3 4 1 6    0   1
12 6 3 1 2 0    1   0
12 6 3 2 4 6    0   1
12 6 6 1 2 6    0   1
13 2 1 3 2 63   0   1
13 2 2 4 3 63   0   1
13 3 2 3 4 63   0   1
13 3 4 3 2 0    1   0
13 4 1 1 2 0    1   0
13 4 4 2 1 0    1   0
14 1 1 2 1 17   0   1
14 1 1 3 1 69   1   0
14 4 1 1 2 17   0   1
14 4 1 3 3 69   1   0
14 4 4 4 1 17   0   1
14 4 4 4 3 69   1   0
15 2 5 4 1 38   1   0
15 3 2 3 4 38   1   0
15 3 4 3 2 71   0   1
15 4 5 2 1 71   0   1
15 5 5 1 3 71   0   1
15 5 5 1 4 38   1   0
15 5 5 3 4 71   0   1
;

