Index = 288
_solve_time = 1647.94

:              xp  xb    :=
1  3 3 3 4 32   0   1
1  4 3 2 3 32   0   1
1  5 4 1 2 32   0   1
1  5 5 2 1 32   0   1
1  5 6 2 2 7    1   0
1  6 3 2 4 7    1   0
2  2 3 4 3 4    0   1
2  3 3 3 2 4    0   1
2  5 2 1 4 4    0   1
2  5 5 4 1 4    0   1
2  5 6 4 3 12   1   0
2  6 3 1 2 12   1   0
2  6 6 3 1 12   1   0
3  2 2 1 3 2    0   1
3  2 2 1 4 33   1   0
3  2 2 3 4 2    0   1
4  4 4 2 1 0    1   0
4  4 4 2 3 0    0   1
4  4 4 3 1 0    0   1
5  1 1 3 1 9    0   1
5  1 2 1 1 9    0   1
5  1 3 3 3 4    1   0
5  2 2 1 4 9    0   1
5  2 5 4 1 9    0   1
5  3 4 3 2 4    1   0
5  4 5 2 1 4    1   0
5  5 5 1 3 4    1   0
5  5 5 1 4 9    0   1
5  5 5 3 4 4    1   0
6  5 5 2 1 19   0   1
6  5 5 3 1 40   1   0
6  5 5 3 2 19   0   1
7  4 4 2 4 0    0   1
7  5 4 1 2 0    0   1
7  5 4 3 4 66   1   0
7  5 5 2 1 0    0   1
7  5 5 4 3 66   1   0
7  6 5 2 2 0    0   1
7  6 5 3 4 66   1   0
7  6 6 3 2 0    0   1
8  6 6 1 3 48   0   1
8  6 6 2 1 48   0   1
8  6 6 2 3 21   1   0
9  3 3 1 3 0    0   1
9  3 3 4 1 0    0   1
9  3 3 4 3 0    1   0
10 6 6 2 1 23   1   0
10 6 6 2 3 0    0   1
10 6 6 3 1 0    0   1
11 3 3 2 3 51   0   1
11 3 3 4 3 38   1   0
11 6 3 1 2 51   0   1
11 6 3 2 4 38   1   0
11 6 6 2 1 51   0   1
12 2 2 2 4 44   0   1
12 2 5 4 1 44   0   1
12 3 2 1 2 44   0   1
12 3 3 1 3 44   1   0
12 3 4 3 2 44   1   0
12 4 4 2 3 44   1   0
12 4 4 4 3 44   0   1
12 5 4 3 4 44   0   1
12 5 5 1 3 44   0   1
13 1 1 3 1 38   1   0
13 1 1 3 2 4    0   1
13 1 2 1 1 38   1   0
13 1 3 2 1 4    0   1
13 2 2 1 2 38   1   0
13 3 2 1 2 4    0   1
14 3 3 1 3 13   1   0
14 3 3 1 4 29   0   1
14 3 4 3 2 13   1   0
14 3 6 4 2 29   0   1
14 4 5 2 1 13   1   0
14 5 5 1 3 13   1   0
14 5 5 2 3 29   0   1
14 6 5 2 2 29   0   1
15 1 1 2 1 14   1   0
15 1 2 1 1 14   1   0
15 2 2 4 1 16   0   1
15 4 1 1 2 14   1   0
15 4 4 4 1 14   1   0
15 4 5 4 3 16   0   1
15 5 2 1 4 16   0   1
15 5 5 3 1 16   0   1
;

