Index = 282
_solve_time = 1764.2

:              xp  xb    :=
1  4 4 1 2 4    1   0
1  4 4 1 3 0    0   1
1  4 4 3 2 0    0   1
2  2 3 4 3 3    1   0
2  4 3 2 3 19   0   1
2  5 2 1 4 3    1   0
2  5 4 1 2 19   0   1
3  1 1 2 3 40   0   1
3  1 3 2 1 47   1   0
3  1 3 3 3 40   0   1
3  3 3 1 4 47   1   0
3  3 3 3 2 40   0   1
3  3 6 2 1 40   0   1
3  3 6 4 2 47   1   0
3  6 6 2 1 47   1   0
4  4 4 2 3 11   1   0
4  4 4 4 3 12   0   1
4  5 4 1 2 11   1   0
4  5 4 3 4 12   0   1
4  5 5 1 3 12   0   1
5  1 3 2 1 35   0   1
5  2 1 3 2 35   0   1
5  2 2 3 4 17   1   0
5  2 5 4 1 17   1   0
5  3 3 1 2 35   0   1
5  3 6 2 1 35   0   1
5  5 5 1 4 17   1   0
5  5 6 4 3 17   1   0
5  6 6 1 3 35   0   1
6  5 5 2 3 0    1   0
6  5 5 4 3 58   0   1
6  6 5 2 2 0    1   0
6  6 5 3 4 58   0   1
6  6 6 1 2 0    1   0
6  6 6 1 3 58   0   1
7  3 3 2 3 5    0   1
7  3 4 3 2 5    0   1
7  3 6 2 1 14   1   0
7  4 5 2 1 5    0   1
7  5 5 1 2 5    0   1
7  6 5 2 2 14   1   0
7  6 6 1 2 14   1   0
8  3 3 2 3 53   1   0
8  3 4 3 2 53   1   0
8  5 4 1 2 5    0   1
8  5 5 2 1 5    0   1
8  6 3 1 2 53   1   0
8  6 5 2 2 5    0   1
8  6 6 1 2 5    0   1
9  5 5 2 3 63   1   0
9  5 5 4 3 7    0   1
9  6 5 2 2 63   1   0
9  6 5 3 4 7    0   1
9  6 6 1 2 63   1   0
9  6 6 1 3 7    0   1
10 5 5 4 2 38   0   1
10 6 5 2 2 54   1   0
10 6 5 3 4 38   0   1
10 6 6 2 3 38   0   1
11 1 3 2 1 60   0   1
11 3 3 1 4 60   0   1
11 3 3 3 4 34   1   0
11 4 1 1 2 60   0   1
11 4 3 2 3 34   1   0
11 4 4 2 1 60   0   1
12 4 4 4 2 48   0   1
12 5 4 1 2 27   1   0
12 5 4 3 4 48   0   1
12 5 5 2 1 27   1   0
12 5 5 2 3 48   0   1
13 1 3 2 1 4    0   1
13 3 3 1 2 4    0   1
13 3 3 3 2 52   1   0
13 4 1 1 2 4    0   1
13 4 3 2 3 52   1   0
13 4 4 1 2 52   1   0
14 5 5 3 1 53   1   0
14 5 5 3 4 64   0   1
14 5 5 4 1 64   0   1
15 1 3 3 3 5    1   0
15 4 1 3 3 5    1   0
15 4 3 2 3 28   0   1
15 4 4 3 2 28   0   1
;

