Index = 434
_solve_time = 26470.4

:              xp  xb    :=
1  1 1 3 2 0    0   1
1  1 3 2 1 0    0   1
1  1 3 3 3 5    1   0
1  3 3 1 4 0    0   1
1  3 3 3 2 5    1   0
1  3 6 2 1 5    1   0
1  3 6 4 2 0    0   1
1  5 5 2 4 0    0   1
1  6 5 2 2 0    0   1
1  6 5 3 4 5    1   0
1  6 6 1 3 5    1   0
2  2 2 3 2 24   0   1
2  2 2 3 4 38   1   0
2  2 3 2 1 24   0   1
2  2 3 4 3 38   1   0
2  3 3 1 4 24   0   1
2  3 3 3 2 38   1   0
2  3 6 2 1 38   1   0
2  3 6 4 2 24   0   1
2  4 4 4 2 24   0   1
2  5 4 1 2 38   1   0
2  5 4 3 4 24   0   1
2  5 5 2 3 24   0   1
2  5 5 4 1 38   1   0
2  6 5 2 2 24   0   1
2  6 5 3 4 38   1   0
2  6 6 1 3 38   1   0
3  1 1 3 1 28   0   1
3  1 2 1 1 28   0   1
3  1 2 2 3 0    1   0
3  2 2 1 2 28   0   1
3  2 2 3 2 0    1   0
3  4 1 1 2 0    1   0
3  4 1 3 3 28   0   1
3  4 4 2 1 0    1   0
3  4 4 2 3 28   0   1
4  3 3 4 2 5    0   1
4  6 3 1 2 0    1   0
4  6 3 2 4 5    0   1
4  6 6 2 1 0    1   0
5  1 1 3 1 2    1   0
5  1 1 3 2 52   0   1
5  1 2 1 1 2    1   0
5  1 2 2 3 52   0   1
5  2 2 3 1 52   0   1
6  4 4 2 1 18   0   1
6  4 4 4 1 0    1   0
6  5 4 1 2 18   0   1
6  5 4 3 4 0    1   0
6  5 5 2 1 18   0   1
6  5 5 2 3 0    1   0
7  1 1 2 1 4    0   1
7  2 1 1 1 1    1   0
7  2 1 3 2 4    0   1
7  2 2 4 1 1    1   0
7  2 2 4 3 4    0   1
8  2 2 2 4 11   0   1
8  2 3 2 1 47   1   0
8  2 3 4 3 11   0   1
8  3 3 1 2 47   1   0
8  3 3 3 4 11   0   1
8  3 6 2 1 47   1   0
8  3 6 4 2 11   0   1
8  5 5 2 1 11   0   1
8  5 5 4 1 47   1   0
8  6 5 2 2 11   0   1
8  6 5 3 4 47   1   0
8  6 6 1 3 47   1   0
9  2 2 1 2 62   1   0
9  2 2 1 4 19   0   1
9  2 3 2 1 62   1   0
9  2 3 4 3 19   0   1
9  3 3 1 4 62   1   0
9  3 3 3 2 19   0   1
9  3 6 2 1 19   0   1
9  3 6 4 2 62   1   0
9  5 5 4 2 19   0   1
9  6 5 2 2 62   1   0
9  6 5 3 4 19   0   1
9  6 6 1 3 19   0   1
10 1 1 1 2 68   0   1
10 1 1 1 3 69   1   0
10 1 3 2 1 68   0   1
10 1 3 3 3 69   1   0
10 3 3 1 2 68   0   1
10 3 3 3 4 69   1   0
10 3 6 2 1 68   0   1
10 3 6 4 2 69   1   0
10 5 5 4 2 68   0   1
10 6 5 2 2 69   1   0
10 6 5 3 4 68   0   1
10 6 6 1 3 68   0   1
11 1 1 1 2 18   1   0
11 1 1 1 3 15   0   1
11 1 3 2 1 18   1   0
11 1 3 3 3 15   0   1
11 3 3 1 4 18   1   0
11 3 3 3 2 15   0   1
11 3 6 2 1 15   0   1
11 3 6 4 2 18   1   0
11 6 6 1 2 15   0   1
12 1 3 2 1 29   0   1
12 1 3 3 3 58   1   0
12 3 3 1 4 29   0   1
12 3 3 3 4 58   1   0
12 4 1 1 2 29   0   1
12 4 1 3 3 58   1   0
12 4 4 2 1 29   0   1
12 4 4 2 3 58   1   0
13 5 5 4 2 55   0   1
13 6 5 2 2 45   1   0
13 6 5 3 4 55   0   1
13 6 6 2 3 55   0   1
14 4 4 2 3 59   1   0
14 4 4 4 3 36   0   1
14 5 4 1 2 59   1   0
14 5 4 3 4 36   0   1
14 5 5 2 3 36   0   1
14 5 5 4 1 59   1   0
14 6 5 2 2 36   0   1
14 6 5 3 4 59   1   0
14 6 6 3 2 36   0   1
15 1 1 2 1 72   0   1
15 2 1 1 1 15   1   0
15 2 1 3 2 72   0   1
15 2 2 2 1 15   1   0
15 2 2 2 3 72   0   1
;

