Index = 351
_solve_time = 28656

:              xp  xb    :=
1  4 4 2 4 13   0   1
1  4 5 2 1 12   1   0
1  4 5 4 3 13   0   1
1  5 5 1 3 12   1   0
2  5 5 1 2 44   0   1
2  5 5 1 4 24   1   0
2  5 6 2 2 44   0   1
2  5 6 4 3 24   1   0
2  6 6 2 3 44   0   1
3  1 1 1 2 72   1   0
3  1 1 1 3 59   0   1
3  1 3 2 1 72   1   0
3  1 3 3 3 59   0   1
3  3 3 1 4 72   1   0
3  3 3 3 2 59   0   1
3  3 6 2 1 59   0   1
3  3 6 4 2 72   1   0
3  4 4 2 4 72   1   0
3  5 4 1 2 72   1   0
3  5 4 3 4 59   0   1
3  5 5 2 1 72   1   0
3  5 5 4 3 59   0   1
3  6 5 2 2 72   1   0
3  6 5 3 4 59   0   1
3  6 6 1 3 59   0   1
4  5 5 4 2 22   0   1
4  6 5 2 2 54   1   0
4  6 5 3 4 22   0   1
4  6 6 2 3 22   0   1
5  3 3 4 2 0    0   1
5  5 5 4 2 0    0   1
5  5 6 2 2 0    0   1
5  5 6 4 3 0    1   0
5  6 3 1 2 0    1   0
5  6 3 2 4 0    0   1
5  6 6 3 1 0    1   0
6  1 1 1 2 48   1   0
6  1 1 1 3 47   0   1
6  1 3 2 1 48   1   0
6  1 3 3 3 47   0   1
6  3 3 1 4 48   1   0
6  3 3 3 2 47   0   1
6  3 6 2 1 47   0   1
6  3 6 4 2 48   1   0
6  5 5 2 1 48   1   0
6  5 5 4 1 47   0   1
6  6 5 2 2 48   1   0
6  6 5 3 4 47   0   1
6  6 6 1 3 47   0   1
7  3 3 4 2 23   0   1
7  6 3 1 2 69   1   0
7  6 3 2 4 23   0   1
7  6 6 3 1 69   1   0
7  6 6 3 2 23   0   1
8  2 2 1 2 17   0   1
8  2 2 1 4 20   1   0
8  2 3 2 1 17   0   1
8  2 3 4 3 20   1   0
8  3 3 1 2 17   0   1
8  3 3 3 4 20   1   0
8  3 6 2 1 17   0   1
8  3 6 4 2 20   1   0
8  5 5 2 3 20   1   0
8  5 5 4 3 17   0   1
8  6 5 2 2 20   1   0
8  6 5 3 4 17   0   1
8  6 6 1 3 17   0   1
9  5 5 4 2 49   0   1
9  5 6 2 2 49   0   1
9  5 6 4 3 46   1   0
9  6 6 2 3 49   0   1
10 2 2 2 4 41   0   1
10 3 2 1 2 41   0   1
10 3 2 3 4 13   1   0
10 3 3 2 1 41   0   1
10 3 3 4 3 13   1   0
10 6 3 1 2 41   0   1
10 6 3 2 4 13   1   0
10 6 6 3 1 41   0   1
10 6 6 3 2 13   1   0
11 1 1 1 2 52   0   1
11 2 1 1 1 52   0   1
11 2 1 3 2 0    1   0
11 2 2 2 3 0    1   0
11 2 2 4 1 52   0   1
11 3 2 1 2 0    1   0
11 3 2 3 4 52   0   1
11 3 3 1 3 52   0   1
12 3 3 2 1 47   0   1
12 3 3 4 1 21   1   0
12 3 3 4 2 47   0   1
13 3 3 1 2 3    0   1
13 3 3 1 4 3    1   0
13 3 6 2 1 3    0   1
13 3 6 4 2 3    1   0
13 5 5 2 1 3    1   0
13 5 5 4 1 3    0   1
13 6 5 2 2 3    1   0
13 6 5 3 4 3    0   1
13 6 6 1 3 3    0   1
14 6 6 1 3 22   0   1
14 6 6 2 1 22   0   1
14 6 6 2 3 26   1   0
15 2 2 4 2 4    1   0
15 3 2 1 2 69   0   1
15 3 2 3 4 4    1   0
15 3 3 2 3 4    1   0
15 3 3 4 1 69   0   1
15 6 3 1 2 4    1   0
15 6 3 2 4 69   0   1
15 6 6 1 2 69   0   1
;

