Index = 324
_solve_time = 25551.8

:              xp  xb    :=
1  4 4 1 2 0    0   1
1  4 4 1 4 25   1   0
1  4 5 2 1 0    0   1
1  4 5 4 3 25   1   0
1  5 5 1 3 0    0   1
2  1 3 2 1 25   1   0
2  1 3 3 3 0    0   1
2  2 2 4 2 0    0   1
2  3 2 1 2 25   1   0
2  3 2 3 4 0    0   1
2  4 1 1 2 25   1   0
2  4 1 3 3 0    0   1
2  4 4 2 1 25   1   0
2  4 4 2 3 0    0   1
3  1 1 3 2 46   0   1
3  1 3 2 1 46   0   1
3  1 3 3 3 47   1   0
3  3 3 1 4 46   0   1
3  3 3 3 4 47   1   0
4  1 3 2 1 4    0   1
4  1 3 3 3 17   1   0
4  2 2 2 4 4    0   1
4  3 2 1 2 4    0   1
4  3 2 3 4 17   1   0
4  4 1 1 2 4    0   1
4  4 1 3 3 17   1   0
4  4 4 4 1 4    0   1
4  4 4 4 3 17   1   0
5  1 1 3 2 53   0   1
5  1 3 2 1 53   0   1
5  1 3 3 3 62   1   0
5  3 3 1 2 53   0   1
5  3 3 3 4 62   1   0
5  3 6 2 1 53   0   1
5  3 6 4 2 62   1   0
5  6 6 1 3 53   0   1
5  6 6 2 3 62   1   0
6  1 1 2 1 0    0   1
6  2 1 1 1 0    1   0
6  2 1 3 2 0    0   1
6  2 2 2 1 0    1   0
6  2 2 2 3 0    0   1
7  1 3 2 1 0    0   1
7  1 3 3 3 31   1   0
7  3 3 1 3 0    0   1
7  4 1 1 2 0    0   1
7  4 1 3 3 31   1   0
7  4 4 4 1 0    0   1
7  4 4 4 3 31   1   0
8  3 3 1 2 70   1   0
8  3 3 1 3 17   0   1
8  3 3 3 2 17   0   1
9  2 2 1 2 44   1   0
9  2 2 1 3 46   0   1
9  2 2 3 2 46   0   1
10 3 3 1 2 23   0   1
10 3 3 1 4 24   1   0
10 3 6 2 1 23   0   1
10 3 6 4 2 24   1   0
10 6 6 1 2 23   0   1
11 2 2 1 2 28   0   1
11 2 2 1 4 28   1   0
11 2 3 2 1 28   0   1
11 2 3 4 3 28   1   0
11 3 3 1 4 28   0   1
11 3 3 3 2 28   1   0
11 3 6 2 1 28   1   0
11 3 6 4 2 28   0   1
11 6 6 2 1 28   0   1
12 1 1 3 2 72   0   1
12 1 3 2 1 72   0   1
12 1 3 3 3 58   1   0
12 3 3 3 1 58   1   0
13 5 5 4 2 49   0   1
13 6 5 2 2 62   1   0
13 6 5 3 4 49   0   1
13 6 6 2 3 49   0   1
14 1 1 2 1 46   1   0
14 1 1 3 1 44   0   1
14 4 1 1 2 46   1   0
14 4 1 3 3 44   0   1
14 4 4 2 3 44   0   1
14 4 4 4 1 46   1   0
14 5 4 1 2 44   0   1
14 5 4 3 4 46   1   0
14 5 5 3 1 44   0   1
15 1 1 1 3 69   0   1
15 1 1 2 3 24   1   0
15 2 1 1 1 69   0   1
15 2 1 3 2 24   1   0
15 2 2 2 1 69   0   1
15 2 2 4 3 24   1   0
15 3 2 1 2 69   0   1
15 3 2 3 4 24   1   0
15 3 3 3 1 69   0   1
;

