Index = 418
_solve_time = 21069.2

:              xp  xb    :=
1  2 2 4 2 55   0   1
1  2 3 2 1 55   0   1
1  2 3 4 3 22   1   0
1  3 3 1 4 55   0   1
1  3 3 3 2 22   1   0
1  3 6 2 1 22   1   0
1  3 6 4 2 55   0   1
1  6 6 1 2 22   1   0
2  1 1 3 1 56   0   1
2  1 2 1 1 56   0   1
2  1 2 2 3 0    1   0
2  2 2 1 4 56   0   1
2  2 2 3 4 0    1   0
2  4 1 1 2 0    1   0
2  4 1 3 3 56   0   1
2  4 4 1 3 56   0   1
3  6 6 1 2 67   1   0
3  6 6 1 3 64   0   1
3  6 6 3 2 64   0   1
4  1 1 2 1 0    1   0
4  2 1 1 1 0    0   1
4  2 1 3 2 0    1   0
4  2 2 2 3 0    1   0
4  2 2 4 1 0    0   1
4  3 2 1 2 0    1   0
4  3 2 3 4 0    0   1
4  3 3 2 1 0    1   0
4  3 3 4 3 0    0   1
4  6 3 1 2 0    1   0
4  6 3 2 4 0    0   1
4  6 6 1 2 0    0   1
5  3 3 4 2 47   0   1
5  5 5 4 2 47   0   1
5  5 6 2 2 47   0   1
5  5 6 4 3 60   1   0
5  6 3 1 2 60   1   0
5  6 3 2 4 47   0   1
5  6 6 3 1 60   1   0
6  1 1 3 2 6    0   1
6  1 3 2 1 6    0   1
6  1 3 3 3 0    1   0
6  3 3 1 4 6    0   1
6  3 3 3 2 0    1   0
6  3 6 2 1 0    1   0
6  3 6 4 2 6    0   1
6  5 5 2 3 6    0   1
6  5 5 4 3 0    1   0
6  6 5 2 2 6    0   1
6  6 5 3 4 0    1   0
6  6 6 1 3 0    1   0
7  1 3 2 1 73   0   1
7  1 3 3 3 30   1   0
7  2 2 2 4 73   0   1
7  3 2 1 2 73   0   1
7  3 2 3 4 30   1   0
7  4 1 1 2 73   0   1
7  4 1 3 3 30   1   0
7  4 4 4 1 73   0   1
7  4 4 4 3 30   1   0
8  2 2 4 2 4    0   1
8  2 3 2 1 4    0   1
8  2 3 4 3 62   1   0
8  3 3 1 4 4    0   1
8  3 3 3 2 62   1   0
8  3 6 2 1 62   1   0
8  3 6 4 2 4    0   1
8  5 5 2 1 4    0   1
8  5 5 4 1 62   1   0
8  6 5 2 2 4    0   1
8  6 5 3 4 62   1   0
8  6 6 1 3 62   1   0
9  2 2 1 2 11   1   0
9  2 2 1 4 72   0   1
9  2 3 2 1 11   1   0
9  2 3 4 3 72   0   1
9  3 3 1 4 11   1   0
9  3 3 3 4 72   0   1
10 3 3 3 2 8    0   1
10 3 3 3 4 63   1   0
10 3 6 2 1 8    0   1
10 3 6 4 2 63   1   0
10 5 5 2 3 63   1   0
10 5 5 4 3 8    0   1
10 6 5 2 2 63   1   0
10 6 5 3 4 8    0   1
10 6 6 1 3 8    0   1
11 4 4 2 1 55   1   0
11 4 4 2 3 3    0   1
11 4 4 3 1 3    0   1
12 4 4 1 2 21   0   1
12 4 4 1 4 5    1   0
12 4 4 2 4 21   0   1
13 2 2 1 2 59   1   0
13 2 2 1 4 65   0   1
13 2 3 2 1 59   1   0
13 2 3 4 3 65   0   1
13 3 3 1 4 59   1   0
13 3 3 3 2 65   0   1
13 3 6 2 1 65   0   1
13 3 6 4 2 59   1   0
13 4 4 2 4 65   0   1
13 5 4 1 2 65   0   1
13 5 4 3 4 59   1   0
13 5 5 2 3 59   1   0
13 5 5 4 1 65   0   1
13 6 5 2 2 59   1   0
13 6 5 3 4 65   0   1
13 6 6 1 3 65   0   1
14 3 3 4 2 71   0   1
14 3 6 2 1 71   0   1
14 3 6 4 2 70   1   0
14 4 4 2 3 71   0   1
14 4 4 4 3 70   1   0
14 5 4 1 2 71   0   1
14 5 4 3 4 70   1   0
14 5 5 2 3 70   1   0
14 5 5 4 1 71   0   1
14 6 5 2 2 70   1   0
14 6 5 3 4 71   0   1
14 6 6 1 3 71   0   1
15 2 2 2 4 48   0   1
15 2 3 2 1 26   1   0
15 2 3 4 3 48   0   1
15 3 3 3 1 48   0   1
;

