Index = 432
_solve_time = 30933

:              xp  xb    :=
1  5 5 3 2 61   0   1
1  5 5 3 4 0    1   0
1  5 6 2 2 61   0   1
1  5 6 4 3 0    1   0
1  6 6 2 1 61   0   1
1  6 6 3 1 0    1   0
2  2 2 2 3 18   0   1
2  2 2 4 3 48   1   0
2  3 2 1 2 18   0   1
2  3 2 3 4 48   1   0
2  3 3 3 1 18   0   1
3  1 1 2 3 15   0   1
3  4 1 1 2 15   0   1
3  4 1 3 3 67   1   0
3  4 4 2 1 15   0   1
3  4 4 4 3 67   1   0
3  5 4 1 2 15   0   1
3  5 4 3 4 67   1   0
3  5 5 4 1 15   0   1
3  5 5 4 3 67   1   0
4  1 3 2 1 71   1   0
4  1 3 3 3 47   0   1
4  3 3 1 2 71   1   0
4  3 3 3 2 47   0   1
4  4 1 1 2 71   1   0
4  4 1 3 3 47   0   1
4  4 4 4 1 71   1   0
4  4 4 4 3 47   0   1
5  1 1 2 3 59   0   1
5  4 1 1 2 59   0   1
5  4 1 3 3 20   1   0
5  4 4 2 1 59   0   1
5  4 4 4 3 20   1   0
5  5 4 1 2 59   0   1
5  5 4 3 4 20   1   0
5  5 5 1 3 20   1   0
6  1 1 2 1 11   0   1
6  2 1 1 1 25   1   0
6  2 1 3 2 11   0   1
6  2 2 2 3 11   0   1
6  2 2 4 1 25   1   0
6  3 2 1 2 11   0   1
6  3 2 3 4 25   1   0
6  3 3 2 3 25   1   0
6  3 3 4 1 11   0   1
6  6 3 1 2 25   1   0
6  6 3 2 4 11   0   1
6  6 6 1 2 11   0   1
7  2 2 4 2 18   1   0
7  2 3 2 1 18   1   0
7  2 3 4 3 47   0   1
7  3 3 3 1 47   0   1
8  3 3 4 2 25   0   1
8  5 5 4 2 25   0   1
8  5 6 2 2 25   0   1
8  5 6 4 3 35   1   0
8  6 3 1 2 35   1   0
8  6 3 2 4 25   0   1
8  6 6 3 1 35   1   0
9  2 2 3 2 24   0   1
9  2 2 3 4 22   1   0
9  2 3 2 1 24   0   1
9  2 3 4 3 22   1   0
9  3 3 1 2 24   0   1
9  3 3 3 4 22   1   0
9  3 6 2 1 24   0   1
9  3 6 4 2 22   1   0
9  4 4 2 3 22   1   0
9  4 4 4 3 24   0   1
9  5 4 1 2 22   1   0
9  5 4 3 4 24   0   1
9  5 5 2 1 22   1   0
9  5 5 4 3 24   0   1
9  6 5 2 2 22   1   0
9  6 5 3 4 24   0   1
9  6 6 1 3 24   0   1
10 2 2 2 3 73   1   0
10 2 2 4 3 8    0   1
10 3 2 1 2 73   1   0
10 3 2 3 4 8    0   1
10 3 3 4 1 73   1   0
10 3 3 4 3 8    0   1
11 1 1 1 2 6    1   0
11 1 1 1 3 0    0   1
11 1 3 2 1 6    1   0
11 1 3 3 3 0    0   1
11 3 3 1 4 6    1   0
11 3 3 3 2 0    0   1
11 3 6 2 1 0    0   1
11 3 6 4 2 6    1   0
11 6 6 1 2 0    0   1
12 4 4 2 1 65   1   0
12 4 4 4 1 49   0   1
12 5 4 1 2 65   1   0
12 5 4 3 4 49   0   1
12 5 5 1 3 49   0   1
13 4 4 3 2 54   0   1
13 4 4 3 4 23   1   0
13 4 5 2 1 54   0   1
13 4 5 4 3 23   1   0
13 5 5 1 2 54   0   1
13 5 5 3 2 23   1   0
14 4 4 2 3 42   1   0
14 4 4 4 3 3    0   1
14 5 4 1 2 42   1   0
14 5 4 3 4 3    0   1
14 5 5 1 3 3    0   1
15 5 5 4 2 0    0   1
15 5 6 2 2 0    0   1
15 5 6 4 3 22   1   0
15 6 6 3 2 22   1   0
;

