Index = 370
_solve_time = 4575.06

:              xp  xb    :=
1  3 3 2 4 27   0   1
1  3 6 2 1 0    1   0
1  3 6 4 2 27   0   1
1  6 6 1 2 0    1   0
2  1 1 3 1 4    0   1
2  1 2 1 1 4    0   1
2  1 2 2 3 0    1   0
2  2 2 1 3 4    0   1
2  4 1 1 2 0    1   0
2  4 1 3 3 4    0   1
2  4 4 2 1 0    1   0
2  4 4 2 3 4    0   1
3  2 2 2 4 51   0   1
3  2 3 2 1 5    1   0
3  2 3 4 3 51   0   1
3  3 3 1 2 5    1   0
3  3 3 3 4 51   0   1
3  3 6 2 1 5    1   0
3  3 6 4 2 51   0   1
3  5 5 2 4 51   0   1
3  6 5 2 2 51   0   1
3  6 5 3 4 5    1   0
3  6 6 1 3 5    1   0
4  1 1 3 2 71   1   0
4  1 3 2 1 71   1   0
4  1 3 3 3 46   0   1
4  3 3 1 4 71   1   0
4  3 3 3 2 46   0   1
4  3 6 2 1 46   0   1
4  3 6 4 2 71   1   0
4  4 4 2 3 71   1   0
4  4 4 4 3 46   0   1
4  5 4 1 2 71   1   0
4  5 4 3 4 46   0   1
4  5 5 2 1 71   1   0
4  5 5 4 3 46   0   1
4  6 5 2 2 71   1   0
4  6 5 3 4 46   0   1
4  6 6 1 3 46   0   1
5  3 3 4 2 69   0   1
5  3 6 2 1 69   0   1
5  3 6 4 2 2    1   0
5  4 4 4 2 2    1   0
5  5 4 1 2 69   0   1
5  5 4 3 4 2    1   0
5  5 5 2 3 2    1   0
5  5 5 4 1 69   0   1
5  6 5 2 2 2    1   0
5  6 5 3 4 69   0   1
5  6 6 1 3 69   0   1
6  5 5 4 2 37   0   1
6  6 5 2 2 0    1   0
6  6 5 3 4 37   0   1
6  6 6 2 3 37   0   1
7  2 2 4 2 23   1   0
7  2 3 2 1 23   1   0
7  2 3 4 3 28   0   1
7  3 3 1 4 23   1   0
7  3 3 3 2 28   0   1
7  3 6 2 1 28   0   1
7  3 6 4 2 23   1   0
7  5 5 4 2 28   0   1
7  6 5 2 2 23   1   0
7  6 5 3 4 28   0   1
7  6 6 1 3 28   0   1
8  6 6 1 2 10   1   0
8  6 6 1 3 19   0   1
8  6 6 3 2 19   0   1
9  2 2 4 2 47   0   1
9  2 3 2 1 47   0   1
9  2 3 4 3 60   1   0
9  3 3 1 4 47   0   1
9  3 3 3 4 60   1   0
10 4 4 2 3 48   0   1
10 4 4 4 3 19   1   0
10 5 4 1 2 48   0   1
10 5 4 3 4 19   1   0
10 5 5 2 1 48   0   1
10 5 5 2 3 19   1   0
11 3 3 2 3 8    0   1
11 3 3 4 3 35   1   0
11 5 5 2 4 8    0   1
11 5 6 2 2 35   1   0
11 5 6 4 3 8    0   1
11 6 3 1 2 8    0   1
11 6 3 2 4 35   1   0
11 6 6 3 1 8    0   1
12 1 1 2 1 0    1   0
12 1 1 2 3 60   0   1
12 1 1 3 1 60   0   1
13 2 2 2 3 3    1   0
13 2 2 4 3 64   0   1
13 3 2 1 2 3    1   0
13 3 2 3 4 64   0   1
13 3 3 2 3 64   0   1
13 3 3 4 1 3    1   0
13 6 3 1 2 64   0   1
13 6 3 2 4 3    1   0
13 6 6 3 1 64   0   1
13 6 6 3 2 3    1   0
14 4 4 3 2 14   1   0
14 4 4 3 4 48   0   1
14 4 5 2 1 14   1   0
14 4 5 4 3 48   0   1
14 5 5 1 4 14   1   0
14 5 5 3 2 48   0   1
14 5 6 2 2 48   0   1
14 5 6 4 3 14   1   0
14 6 6 2 3 48   0   1
15 1 1 3 2 56   0   1
15 1 3 2 1 56   0   1
15 1 3 3 3 72   1   0
15 2 2 2 4 56   0   1
15 3 2 1 2 56   0   1
15 3 2 3 4 72   1   0
;

