Index = 323
_solve_time = 3401.17

:              xp  xb    :=
1  1 1 3 2 17   1   0
1  1 3 2 1 17   1   0
1  1 3 3 3 49   0   1
1  3 3 1 2 17   1   0
1  3 3 3 4 49   0   1
1  3 6 2 1 17   1   0
1  3 6 4 2 49   0   1
1  6 6 2 1 49   0   1
2  4 4 1 4 27   0   1
2  4 4 2 1 27   0   1
2  4 4 2 4 0    1   0
3  1 1 2 1 11   0   1
3  2 1 1 1 54   1   0
3  2 1 3 2 11   0   1
3  2 2 2 3 11   0   1
3  2 2 4 1 54   1   0
3  3 2 1 2 11   0   1
3  3 2 3 4 54   1   0
3  3 3 2 3 54   1   0
3  3 3 4 1 11   0   1
3  6 3 1 2 54   1   0
3  6 3 2 4 11   0   1
3  6 6 3 1 54   1   0
3  6 6 3 2 11   0   1
4  2 2 1 3 37   0   1
4  2 2 4 1 37   0   1
4  2 2 4 3 13   1   0
5  4 4 2 1 4    0   1
5  4 4 4 1 39   1   0
5  5 4 1 2 4    0   1
5  5 4 3 4 39   1   0
5  5 5 2 3 39   1   0
5  5 5 4 1 4    0   1
5  6 5 2 2 39   1   0
5  6 5 3 4 4    0   1
5  6 6 2 3 4    0   1
6  1 1 2 1 71   0   1
6  2 1 1 1 48   1   0
6  2 1 3 2 71   0   1
6  2 2 1 3 71   0   1
7  1 3 2 1 10   0   1
7  1 3 3 3 0    1   0
7  3 3 3 1 0    1   0
7  4 1 1 2 10   0   1
7  4 1 3 3 0    1   0
7  4 4 3 1 10   0   1
8  2 2 2 3 36   0   1
8  2 2 4 3 64   1   0
8  3 2 1 2 36   0   1
8  3 2 3 4 64   1   0
8  3 3 3 1 36   0   1
9  3 3 3 1 8    0   1
9  3 3 4 1 62   1   0
9  3 3 4 3 8    0   1
10 4 4 1 2 0    1   0
10 4 4 1 3 72   0   1
10 4 4 3 2 72   0   1
11 2 2 2 4 29   1   0
11 3 2 1 2 29   1   0
11 3 2 3 4 74   0   1
11 3 3 1 3 74   0   1
12 2 2 4 2 11   0   1
12 3 2 1 2 20   1   0
12 3 2 3 4 11   0   1
12 3 3 2 3 11   0   1
12 3 3 4 1 20   1   0
12 5 5 2 4 11   0   1
12 5 6 2 2 20   1   0
12 5 6 4 3 11   0   1
12 6 3 1 2 11   0   1
12 6 3 2 4 20   1   0
12 6 6 3 1 11   0   1
13 2 2 2 4 42   0   1
13 3 2 1 2 42   0   1
13 3 2 3 4 44   1   0
13 3 3 2 3 44   1   0
13 3 3 4 1 42   0   1
13 5 5 4 2 42   0   1
13 5 6 2 2 42   0   1
13 5 6 4 3 44   1   0
13 6 3 1 2 44   1   0
13 6 3 2 4 42   0   1
13 6 6 3 1 44   1   0
14 1 3 2 1 16   0   1
14 1 3 3 3 5    1   0
14 3 3 1 4 16   0   1
14 3 3 3 2 5    1   0
14 3 6 2 1 5    1   0
14 3 6 4 2 16   0   1
14 4 1 1 2 16   0   1
14 4 1 3 3 5    1   0
14 4 4 1 3 5    1   0
14 6 6 2 1 16   0   1
15 3 3 2 1 69   0   1
15 3 3 4 1 37   1   0
15 6 3 1 2 69   0   1
15 6 3 2 4 37   1   0
15 6 6 3 1 69   0   1
15 6 6 3 2 37   1   0
;

