Index = 281
_solve_time = 16523.9

:              xp  xb    :=
1  4 4 1 2 23   0   1
1  4 4 1 4 0    1   0
1  4 5 2 1 23   0   1
1  4 5 4 3 0    1   0
1  5 5 1 3 23   0   1
2  3 3 4 2 54   0   1
2  3 6 2 1 54   0   1
2  3 6 4 2 65   1   0
2  6 6 1 3 54   0   1
2  6 6 2 3 65   1   0
3  3 3 1 2 24   1   0
3  3 3 1 4 46   0   1
3  3 6 2 1 24   1   0
3  3 6 4 2 46   0   1
3  6 6 2 1 46   0   1
4  3 3 2 4 0    0   1
4  5 5 1 2 0    1   0
4  5 5 1 4 0    0   1
4  5 6 2 2 0    1   0
4  5 6 4 3 0    0   1
4  6 3 1 2 0    0   1
4  6 3 2 4 0    1   0
4  6 6 3 1 0    0   1
5  1 1 1 2 29   1   0
5  1 1 1 3 37   0   1
5  1 3 2 1 29   1   0
5  1 3 3 3 37   0   1
5  3 3 1 4 29   1   0
5  3 3 3 4 37   0   1
6  2 2 4 2 71   0   1
6  2 3 2 1 71   0   1
6  2 3 4 3 0    1   0
6  3 3 1 2 71   0   1
6  3 3 3 4 0    1   0
6  3 6 2 1 71   0   1
6  3 6 4 2 0    1   0
6  5 5 4 2 71   0   1
6  6 5 2 2 0    1   0
6  6 5 3 4 71   0   1
6  6 6 1 3 71   0   1
7  2 2 3 2 3    1   0
7  2 2 3 4 23   0   1
7  2 3 2 1 3    1   0
7  2 3 4 3 23   0   1
7  3 3 1 2 3    1   0
7  3 3 3 4 23   0   1
7  3 6 2 1 3    1   0
7  3 6 4 2 23   0   1
7  6 6 2 1 23   0   1
8  1 1 3 2 14   0   1
8  4 1 1 2 23   1   0
8  4 1 3 3 14   0   1
8  4 4 2 1 23   1   0
8  4 4 4 3 14   0   1
8  5 4 1 2 23   1   0
8  5 4 3 4 14   0   1
8  5 5 2 1 23   1   0
8  5 5 2 3 14   0   1
9  1 1 3 2 22   0   1
9  1 3 2 1 22   0   1
9  1 3 3 3 6    1   0
9  2 2 4 2 6    1   0
9  3 2 1 2 22   0   1
9  3 2 3 4 6    1   0
10 4 4 2 4 48   0   1
10 4 5 2 1 26   1   0
10 4 5 4 3 48   0   1
10 5 5 3 1 48   0   1
11 1 1 3 2 24   0   1
11 1 3 2 1 24   0   1
11 1 3 3 3 26   1   0
11 3 3 3 1 26   1   0
12 1 3 2 1 21   1   0
12 1 3 3 3 21   0   1
12 3 3 3 1 21   0   1
12 4 1 1 2 21   1   0
12 4 1 3 3 21   0   1
12 4 4 2 1 21   1   0
12 4 4 2 3 21   0   1
13 1 1 2 1 0    1   0
13 1 1 3 1 0    0   1
13 4 1 1 2 0    1   0
13 4 1 3 3 0    0   1
13 4 4 2 3 0    0   1
13 4 4 4 1 0    1   0
13 5 4 1 2 0    0   1
13 5 4 3 4 0    1   0
13 5 5 3 1 0    0   1
14 1 1 2 1 24   1   0
14 2 1 1 1 23   0   1
14 2 1 3 2 24   1   0
14 2 2 2 3 24   1   0
14 2 2 4 1 23   0   1
14 3 2 1 2 24   1   0
14 3 2 3 4 23   0   1
14 3 3 1 3 23   0   1
15 1 3 2 1 17   1   0
15 1 3 3 3 51   0   1
15 3 3 1 2 17   1   0
15 3 3 3 2 51   0   1
15 4 1 1 2 17   1   0
15 4 1 3 3 51   0   1
15 4 4 1 3 51   0   1
;

