Index = 364
_solve_time = 21469.2

:              xp  xb    :=
1  5 5 2 1 47   1   0
1  5 5 2 3 72   0   1
1  5 5 3 1 72   0   1
2  2 2 4 2 37   0   1
2  2 3 2 1 37   0   1
2  2 3 4 3 0    1   0
2  3 3 1 4 37   0   1
2  3 3 3 4 0    1   0
3  4 4 3 2 50   0   1
3  4 4 3 4 60   1   0
3  4 5 2 1 50   0   1
3  4 5 4 3 60   1   0
3  5 5 1 3 50   0   1
4  2 2 3 2 31   1   0
4  2 2 3 4 37   0   1
4  2 3 2 1 31   1   0
4  2 3 4 3 37   0   1
4  3 3 1 4 31   1   0
4  3 3 3 2 37   0   1
4  3 6 2 1 37   0   1
4  3 6 4 2 31   1   0
4  5 5 2 3 31   1   0
4  5 5 4 3 37   0   1
4  6 5 2 2 31   1   0
4  6 5 3 4 37   0   1
4  6 6 1 3 37   0   1
5  1 1 1 2 49   0   1
5  1 1 1 3 64   1   0
5  1 3 2 1 49   0   1
5  1 3 3 3 64   1   0
5  3 3 1 2 49   0   1
5  3 3 3 2 64   1   0
6  1 3 2 1 64   0   1
6  1 3 3 3 48   1   0
6  2 2 2 4 64   0   1
6  3 2 1 2 64   0   1
6  3 2 3 4 48   1   0
6  4 1 1 2 64   0   1
6  4 1 3 3 48   1   0
6  4 4 4 1 64   0   1
6  4 4 4 3 48   1   0
7  1 3 2 1 52   1   0
7  1 3 3 3 21   0   1
7  3 3 3 1 21   0   1
7  4 1 1 2 52   1   0
7  4 1 3 3 21   0   1
7  4 4 3 1 52   1   0
8  2 2 4 2 0    0   1
8  2 3 2 1 0    0   1
8  2 3 4 3 14   1   0
8  3 3 1 4 0    0   1
8  3 3 3 2 14   1   0
8  3 6 2 1 14   1   0
8  3 6 4 2 0    0   1
8  5 5 2 4 0    0   1
8  6 5 2 2 0    0   1
8  6 5 3 4 14   1   0
8  6 6 1 3 14   1   0
9  1 1 2 1 10   0   1
9  1 1 3 1 56   1   0
9  4 1 1 2 10   0   1
9  4 1 3 3 56   1   0
9  4 4 2 3 56   1   0
9  4 4 4 1 10   0   1
9  5 4 1 2 56   1   0
9  5 4 3 4 10   0   1
9  5 5 4 1 56   1   0
9  5 5 4 3 10   0   1
10 1 3 2 1 21   1   0
10 1 3 3 3 6    0   1
10 3 3 1 2 21   1   0
10 3 3 3 2 6    0   1
10 4 1 1 2 21   1   0
10 4 1 3 3 6    0   1
10 4 4 1 3 6    0   1
11 4 4 2 4 47   0   1
11 5 4 1 2 47   0   1
11 5 4 3 4 22   1   0
11 5 5 3 1 47   0   1
12 1 1 2 1 0    1   0
12 1 1 3 1 0    0   1
12 4 1 1 2 0    1   0
12 4 1 3 3 0    0   1
12 4 4 2 3 0    0   1
12 4 4 4 1 0    1   0
12 5 4 1 2 0    0   1
12 5 4 3 4 0    1   0
12 5 5 3 1 0    0   1
13 4 4 1 2 68   0   1
13 4 4 4 1 68   0   1
13 4 4 4 2 37   1   0
14 4 4 4 2 66   1   0
14 4 5 2 1 66   1   0
14 4 5 4 3 69   0   1
14 5 5 1 4 66   1   0
14 5 5 3 2 69   0   1
14 5 6 2 2 69   0   1
14 5 6 4 3 66   1   0
14 6 6 2 3 69   0   1
15 3 3 4 2 0    1   0
15 5 5 1 2 0    1   0
15 5 5 1 4 22   0   1
15 5 6 2 2 0    1   0
15 5 6 4 3 22   0   1
15 6 3 1 2 22   0   1
15 6 3 2 4 0    1   0
15 6 6 3 1 22   0   1
;

