Index = 440
_solve_time = 21083.3

:              xp  xb    :=
1  5 5 2 3 42   1   0
1  5 5 2 4 44   0   1
1  5 5 4 3 44   0   1
2  1 3 2 1 0    1   0
2  1 3 3 3 72   0   1
2  3 3 3 1 72   0   1
2  4 1 1 2 0    1   0
2  4 1 3 3 72   0   1
2  4 4 1 3 72   0   1
3  1 1 1 3 15   0   1
3  1 1 2 1 15   0   1
3  1 1 2 3 7    1   0
4  1 1 3 2 8    0   1
4  1 3 2 1 8    0   1
4  1 3 3 3 6    1   0
4  3 3 1 2 8    0   1
4  3 3 3 4 6    1   0
4  3 6 2 1 8    0   1
4  3 6 4 2 6    1   0
4  4 4 2 4 6    1   0
4  5 4 1 2 6    1   0
4  5 4 3 4 8    0   1
4  5 5 2 1 6    1   0
4  5 5 4 3 8    0   1
4  6 5 2 2 6    1   0
4  6 5 3 4 8    0   1
4  6 6 1 3 8    0   1
5  2 2 2 3 3    0   1
5  2 2 4 3 51   1   0
5  3 2 1 2 3    0   1
5  3 2 3 4 51   1   0
5  3 3 2 1 3    0   1
5  3 3 4 3 51   1   0
5  5 5 2 4 3    0   1
5  5 6 2 2 51   1   0
5  5 6 4 3 3    0   1
5  6 3 1 2 3    0   1
5  6 3 2 4 51   1   0
5  6 6 3 1 3    0   1
6  2 2 3 2 32   0   1
6  2 2 3 4 31   1   0
6  2 3 2 1 32   0   1
6  2 3 4 3 31   1   0
6  3 3 1 2 32   0   1
6  3 3 3 4 31   1   0
6  3 6 2 1 32   0   1
6  3 6 4 2 31   1   0
6  5 5 2 3 31   1   0
6  5 5 4 3 32   0   1
6  6 5 2 2 31   1   0
6  6 5 3 4 32   0   1
6  6 6 1 3 32   0   1
7  2 2 2 4 37   0   1
7  2 3 2 1 69   1   0
7  2 3 4 3 37   0   1
7  3 3 1 4 69   1   0
7  3 3 3 2 37   0   1
7  3 6 2 1 37   0   1
7  3 6 4 2 69   1   0
7  6 6 2 1 69   1   0
8  1 1 3 1 62   1   0
8  1 2 1 1 62   1   0
8  1 2 2 3 13   0   1
8  2 2 1 4 62   1   0
8  2 2 3 4 13   0   1
8  4 1 1 2 13   0   1
8  4 1 3 3 62   1   0
8  4 4 2 3 62   1   0
8  4 4 4 1 13   0   1
8  5 4 1 2 62   1   0
8  5 4 3 4 13   0   1
8  5 5 1 3 13   0   1
9  1 1 1 3 1    1   0
9  1 1 2 3 45   0   1
9  2 1 1 1 1    1   0
9  2 1 3 2 45   0   1
9  2 2 4 1 1    1   0
9  2 2 4 3 45   0   1
10 2 2 3 2 4    0   1
10 2 2 3 4 23   1   0
10 2 3 2 1 4    0   1
10 2 3 4 3 23   1   0
10 3 3 1 2 4    0   1
10 3 3 3 4 23   1   0
10 3 6 2 1 4    0   1
10 3 6 4 2 23   1   0
10 5 5 2 1 23   1   0
10 5 5 4 1 4    0   1
10 6 5 2 2 23   1   0
10 6 5 3 4 4    0   1
10 6 6 1 3 4    0   1
11 4 4 2 3 1    0   1
11 4 4 4 3 56   1   0
11 5 4 1 2 1    0   1
11 5 4 3 4 56   1   0
11 5 5 2 1 1    0   1
11 5 5 4 3 56   1   0
11 6 5 2 2 1    0   1
11 6 5 3 4 56   1   0
11 6 6 3 2 1    0   1
12 1 1 3 2 41   0   1
12 4 1 1 2 66   1   0
12 4 1 3 3 41   0   1
12 4 4 2 3 41   0   1
12 4 4 4 1 66   1   0
12 5 4 1 2 41   0   1
12 5 4 3 4 66   1   0
12 5 5 2 1 41   0   1
12 5 5 2 3 66   1   0
13 1 1 2 1 7    1   0
13 2 1 1 1 11   0   1
13 2 1 3 2 7    1   0
13 2 2 2 1 11   0   1
13 2 2 4 3 7    1   0
13 3 2 1 2 11   0   1
13 3 2 3 4 7    1   0
13 3 3 3 1 11   0   1
14 1 3 2 1 47   0   1
14 1 3 3 3 55   1   0
14 3 3 1 4 47   0   1
14 3 3 3 4 55   1   0
14 4 1 1 2 47   0   1
14 4 1 3 3 55   1   0
14 4 4 2 1 47   0   1
14 4 4 2 3 55   1   0
15 4 4 3 2 2    1   0
15 4 4 3 4 39   0   1
15 4 5 2 1 2    1   0
15 4 5 4 3 39   0   1
15 5 5 3 1 39   0   1
;

