Index = 377
_solve_time = 5200.09

:              xp  xb    :=
1  3 3 2 1 37   0   1
1  3 3 4 1 2    1   0
1  5 5 1 2 2    1   0
1  5 5 1 4 37   0   1
1  5 6 2 2 2    1   0
1  5 6 4 3 37   0   1
1  6 3 1 2 37   0   1
1  6 3 2 4 2    1   0
1  6 6 3 1 37   0   1
2  4 4 4 2 14   1   0
2  5 4 1 2 30   0   1
2  5 4 3 4 14   1   0
2  5 5 3 1 30   0   1
3  3 3 1 2 19   1   0
3  3 3 1 4 64   0   1
3  3 6 2 1 19   1   0
3  3 6 4 2 64   0   1
3  4 4 4 2 64   0   1
3  5 4 1 2 19   1   0
3  5 4 3 4 64   0   1
3  5 5 2 3 64   0   1
3  5 5 4 1 19   1   0
3  6 5 2 2 64   0   1
3  6 5 3 4 19   1   0
3  6 6 1 3 19   1   0
4  5 5 1 4 1    0   1
4  5 5 3 1 1    0   1
4  5 5 3 4 10   1   0
5  2 2 4 2 0    0   1
5  2 3 2 1 0    0   1
5  2 3 4 3 14   1   0
5  3 3 1 4 0    0   1
5  3 3 3 2 14   1   0
5  3 6 2 1 14   1   0
5  3 6 4 2 0    0   1
5  6 6 2 1 0    0   1
6  1 3 2 1 72   0   1
6  1 3 3 3 11   1   0
6  3 3 1 2 72   0   1
6  3 3 3 2 11   1   0
6  4 1 1 2 72   0   1
6  4 1 3 3 11   1   0
6  4 4 4 1 72   0   1
6  4 4 4 3 11   1   0
7  2 2 4 2 72   0   1
7  3 2 1 2 12   1   0
7  3 2 3 4 72   0   1
7  3 3 2 3 72   0   1
7  3 3 4 1 12   1   0
7  5 5 4 2 12   1   0
7  5 6 2 2 12   1   0
7  5 6 4 3 72   0   1
7  6 3 1 2 72   0   1
7  6 3 2 4 12   1   0
7  6 6 3 1 72   0   1
8  1 1 3 2 42   0   1
8  1 3 2 1 42   0   1
8  1 3 3 3 0    1   0
8  3 3 3 1 0    1   0
9  1 3 2 1 62   0   1
9  1 3 3 3 50   1   0
9  3 3 1 3 62   0   1
9  4 1 1 2 62   0   1
9  4 1 3 3 50   1   0
9  4 4 2 1 62   0   1
9  4 4 2 3 50   1   0
10 4 4 4 2 70   0   1
10 4 5 2 1 70   0   1
10 4 5 4 3 2    1   0
10 5 5 1 3 70   0   1
11 2 2 3 2 6    0   1
11 2 2 3 4 5    1   0
11 2 3 2 1 6    0   1
11 2 3 4 3 5    1   0
11 3 3 1 2 6    0   1
11 3 3 3 4 5    1   0
11 3 6 2 1 6    0   1
11 3 6 4 2 5    1   0
11 5 5 2 3 5    1   0
11 5 5 4 3 6    0   1
11 6 5 2 2 5    1   0
11 6 5 3 4 6    0   1
11 6 6 1 3 6    0   1
12 1 1 3 2 20   1   0
12 1 3 2 1 20   1   0
12 1 3 3 3 55   0   1
12 3 3 1 4 20   1   0
12 3 3 3 2 55   0   1
12 3 6 2 1 55   0   1
12 3 6 4 2 20   1   0
12 4 4 2 1 20   1   0
12 4 4 4 1 55   0   1
12 5 4 1 2 20   1   0
12 5 4 3 4 55   0   1
12 5 5 2 1 20   1   0
12 5 5 4 3 55   0   1
12 6 5 2 2 20   1   0
12 6 5 3 4 55   0   1
12 6 6 1 3 55   0   1
13 4 4 4 2 9    0   1
13 5 4 1 2 6    1   0
13 5 4 3 4 9    0   1
13 5 5 2 1 6    1   0
13 5 5 2 3 9    0   1
14 1 1 3 1 0    0   1
14 1 2 1 1 0    0   1
14 1 2 2 3 57   1   0
14 2 2 1 2 0    0   1
14 2 2 3 2 57   1   0
14 4 1 1 2 57   1   0
14 4 1 3 3 0    0   1
14 4 4 2 1 57   1   0
14 4 4 2 3 0    0   1
15 5 5 1 2 0    1   0
15 5 5 1 3 14   0   1
15 5 5 3 2 14   0   1
;

