Index = 595
_solve_time = 37460.4

:              xp  xb    :=
1  4 4 2 1 10   0   1
1  4 4 4 1 0    1   0
1  5 4 1 2 10   0   1
1  5 4 3 4 0    1   0
1  5 5 4 1 10   0   1
1  5 5 4 3 0    1   0
2  1 1 1 2 0    0   1
2  2 1 1 1 0    0   1
2  2 1 3 2 46   1   0
2  2 2 2 3 46   1   0
2  2 2 4 1 0    0   1
2  3 2 1 2 46   1   0
2  3 2 3 4 0    0   1
2  3 3 1 3 0    0   1
3  1 1 2 3 0    0   1
3  1 3 2 1 38   1   0
3  1 3 3 3 0    0   1
3  3 3 1 2 38   1   0
3  3 3 3 4 0    0   1
3  3 6 2 1 38   1   0
3  3 6 4 2 0    0   1
3  5 5 2 3 0    0   1
3  5 5 4 3 38   1   0
3  6 5 2 2 0    0   1
3  6 5 3 4 38   1   0
3  6 6 1 3 38   1   0
4  1 1 3 2 21   0   1
4  1 3 2 1 21   0   1
4  1 3 3 3 9    1   0
4  3 3 1 2 21   0   1
4  3 3 3 4 9    1   0
4  3 6 2 1 21   0   1
4  3 6 4 2 9    1   0
4  4 4 2 4 21   0   1
4  5 4 1 2 21   0   1
4  5 4 3 4 9    1   0
4  5 5 2 3 9    1   0
4  5 5 4 1 21   0   1
4  6 5 2 2 9    1   0
4  6 5 3 4 21   0   1
4  6 6 1 3 21   0   1
5  3 3 4 2 66   0   1
5  3 6 2 1 66   0   1
5  3 6 4 2 5    1   0
5  5 5 4 2 66   0   1
5  6 5 2 2 5    1   0
5  6 5 3 4 66   0   1
5  6 6 1 3 66   0   1
6  1 1 1 3 36   0   1
6  1 1 2 3 62   1   0
6  2 1 1 1 36   0   1
6  2 1 3 2 62   1   0
6  2 2 2 3 62   1   0
6  2 2 4 1 36   0   1
6  3 2 1 2 62   1   0
6  3 2 3 4 36   0   1
6  3 3 1 3 36   0   1
7  3 3 2 3 67   0   1
7  3 3 4 3 3    1   0
7  5 5 3 2 3    1   0
7  5 5 3 4 67   0   1
7  5 6 2 2 3    1   0
7  5 6 4 3 67   0   1
7  6 3 1 2 67   0   1
7  6 3 2 4 3    1   0
7  6 6 3 1 67   0   1
8  1 1 3 1 0    0   1
8  1 2 1 1 0    0   1
8  1 2 2 3 26   1   0
8  2 2 1 3 0    0   1
8  4 1 1 2 26   1   0
8  4 1 3 3 0    0   1
8  4 4 2 1 26   1   0
8  4 4 2 3 0    0   1
9  5 5 2 4 1    0   1
9  5 6 2 2 65   1   0
9  5 6 4 3 1    0   1
9  6 6 3 2 1    0   1
10 2 2 3 2 70   1   0
10 2 2 3 4 16   0   1
10 2 3 2 1 70   1   0
10 2 3 4 3 16   0   1
10 3 3 1 4 70   1   0
10 3 3 3 2 16   0   1
10 3 6 2 1 16   0   1
10 3 6 4 2 70   1   0
10 4 4 4 2 70   1   0
10 5 4 1 2 16   0   1
10 5 4 3 4 70   1   0
10 5 5 2 3 70   1   0
10 5 5 4 1 16   0   1
10 6 5 2 2 70   1   0
10 6 5 3 4 16   0   1
10 6 6 1 3 16   0   1
11 2 2 1 2 49   0   1
11 2 2 1 4 40   1   0
11 2 3 2 1 49   0   1
11 2 3 4 3 40   1   0
11 3 3 1 2 49   0   1
11 3 3 3 4 40   1   0
11 3 6 2 1 49   0   1
11 3 6 4 2 40   1   0
11 5 5 4 2 49   0   1
11 6 5 2 2 40   1   0
11 6 5 3 4 49   0   1
11 6 6 1 3 49   0   1
12 2 2 1 2 5    0   1
12 2 2 1 4 51   1   0
12 2 3 2 1 5    0   1
12 2 3 4 3 51   1   0
12 3 3 1 2 5    0   1
12 3 3 3 4 51   1   0
12 3 6 2 1 5    0   1
12 3 6 4 2 51   1   0
12 4 4 4 2 5    0   1
12 5 4 1 2 51   1   0
12 5 4 3 4 5    0   1
12 5 5 2 1 51   1   0
12 5 5 4 3 5    0   1
12 6 5 2 2 51   1   0
12 6 5 3 4 5    0   1
12 6 6 1 3 5    0   1
13 1 3 2 1 33   1   0
13 1 3 3 3 71   0   1
13 3 3 1 4 33   1   0
13 3 3 3 4 71   0   1
13 4 1 1 2 33   1   0
13 4 1 3 3 71   0   1
13 4 4 4 1 33   1   0
13 4 4 4 3 71   0   1
14 2 2 2 4 58   0   1
14 2 3 2 1 28   1   0
14 2 3 4 3 58   0   1
14 3 3 1 4 28   1   0
14 3 3 3 2 58   0   1
14 3 6 2 1 58   0   1
14 3 6 4 2 28   1   0
14 5 5 4 2 58   0   1
14 6 5 2 2 28   1   0
14 6 5 3 4 58   0   1
14 6 6 1 3 58   0   1
15 3 3 2 4 50   1   0
15 3 6 2 1 47   0   1
15 3 6 4 2 50   1   0
15 4 4 2 4 47   0   1
15 5 4 1 2 47   0   1
15 5 4 3 4 50   1   0
15 5 5 2 3 50   1   0
15 5 5 4 1 47   0   1
15 6 5 2 2 50   1   0
15 6 5 3 4 47   0   1
15 6 6 1 3 47   0   1
;

