Index = 274
_solve_time = 19334.7

:              xp  xb    :=
1  2 2 1 2 17   0   1
1  2 2 1 4 62   1   0
1  2 3 2 1 17   0   1
1  2 3 4 3 62   1   0
1  3 3 1 2 17   0   1
1  3 3 3 4 62   1   0
1  3 6 2 1 17   0   1
1  3 6 4 2 62   1   0
1  6 6 1 2 17   0   1
2  2 2 2 4 67   0   1
2  2 3 2 1 41   1   0
2  2 3 4 3 67   0   1
2  3 3 1 2 41   1   0
2  3 3 3 4 67   0   1
2  3 6 2 1 41   1   0
2  3 6 4 2 67   0   1
2  6 6 1 2 41   1   0
3  5 5 2 3 0    1   0
3  5 5 2 4 71   0   1
3  5 5 4 3 71   0   1
4  1 1 1 2 5    1   0
4  2 1 1 1 5    1   0
4  2 1 3 2 51   0   1
4  2 2 2 3 51   0   1
4  2 2 4 1 5    1   0
4  3 2 1 2 51   0   1
4  3 2 3 4 5    1   0
4  3 3 2 3 5    1   0
4  3 3 4 1 51   0   1
4  6 3 1 2 5    1   0
4  6 3 2 4 51   0   1
4  6 6 1 2 51   0   1
5  3 3 2 3 0    0   1
5  3 3 4 3 62   1   0
5  5 5 3 2 62   1   0
5  5 5 3 4 0    0   1
5  5 6 2 2 62   1   0
5  5 6 4 3 0    0   1
5  6 3 1 2 0    0   1
5  6 3 2 4 62   1   0
5  6 6 3 1 0    0   1
6  2 2 4 2 24   0   1
6  2 3 2 1 24   0   1
6  2 3 4 3 6    1   0
6  3 3 1 4 24   0   1
6  3 3 3 4 6    1   0
7  2 2 2 4 63   1   0
7  3 2 1 2 63   1   0
7  3 2 3 4 25   0   1
7  3 3 2 1 63   1   0
7  3 3 4 3 25   0   1
7  6 3 1 2 63   1   0
7  6 3 2 4 25   0   1
7  6 6 1 2 25   0   1
8  2 2 1 2 20   0   1
8  2 2 1 4 0    1   0
8  2 3 2 1 20   0   1
8  2 3 4 3 0    1   0
8  3 3 1 3 20   0   1
9  3 3 3 2 0    0   1
9  3 3 3 4 46   1   0
9  3 6 2 1 0    0   1
9  3 6 4 2 46   1   0
9  5 5 4 2 0    0   1
9  6 5 2 2 46   1   0
9  6 5 3 4 0    0   1
9  6 6 1 3 0    0   1
10 4 4 2 4 23   0   1
10 5 4 1 2 23   0   1
10 5 4 3 4 11   1   0
10 5 5 2 1 23   0   1
10 5 5 2 3 11   1   0
11 4 4 3 2 60   1   0
11 4 4 3 4 63   0   1
11 4 5 2 1 60   1   0
11 4 5 4 3 63   0   1
11 5 5 1 4 60   1   0
11 5 5 3 4 63   0   1
12 2 2 2 3 47   1   0
12 2 2 4 3 46   0   1
12 3 2 1 2 47   1   0
12 3 2 3 4 46   0   1
12 3 3 2 1 47   1   0
12 3 3 2 3 46   0   1
13 2 2 4 2 2    1   0
13 2 3 2 1 2    1   0
13 2 3 4 3 17   0   1
13 3 3 3 1 17   0   1
14 1 1 1 2 12   1   0
14 1 1 1 3 68   0   1
14 1 3 2 1 12   1   0
14 1 3 3 3 68   0   1
14 3 3 1 4 12   1   0
14 3 3 3 2 68   0   1
14 3 6 2 1 68   0   1
14 3 6 4 2 12   1   0
14 4 4 2 1 12   1   0
14 4 4 4 1 68   0   1
14 5 4 1 2 12   1   0
14 5 4 3 4 68   0   1
14 5 5 2 1 12   1   0
14 5 5 4 3 68   0   1
14 6 5 2 2 12   1   0
14 6 5 3 4 68   0   1
14 6 6 1 3 68   0   1
15 4 4 1 2 25   0   1
15 4 4 3 1 25   0   1
15 4 4 3 2 44   1   0
;

