Index = 301
_solve_time = 2366.98

:              xp  xb    :=
1  1 1 2 1 17   0   1
1  1 1 3 1 0    1   0
1  4 1 1 2 17   0   1
1  4 1 3 3 0    1   0
1  4 4 2 3 0    1   0
1  4 4 4 1 17   0   1
1  5 4 1 2 0    1   0
1  5 4 3 4 17   0   1
1  5 5 2 1 0    1   0
1  5 5 2 3 17   0   1
2  1 1 3 2 47   0   1
2  4 1 1 2 60   1   0
2  4 1 3 3 47   0   1
2  4 4 2 3 47   0   1
2  4 4 4 1 60   1   0
2  5 4 1 2 47   0   1
2  5 4 3 4 60   1   0
2  5 5 4 1 47   0   1
2  5 5 4 3 60   1   0
3  4 4 1 3 0    0   1
3  4 4 1 4 11   1   0
3  4 4 3 4 0    0   1
4  3 3 2 1 25   0   1
4  3 3 4 1 57   1   0
4  6 3 1 2 25   0   1
4  6 3 2 4 57   1   0
4  6 6 2 1 25   0   1
5  1 1 2 1 4    0   1
5  1 2 1 1 4    0   1
5  1 2 2 3 3    1   0
5  2 2 1 2 4    0   1
5  2 2 3 2 3    1   0
6  4 4 1 4 52   0   1
6  4 4 2 1 52   0   1
6  4 4 2 4 0    1   0
7  3 3 1 2 39   1   0
7  3 3 1 4 20   0   1
7  3 6 2 1 39   1   0
7  3 6 4 2 20   0   1
7  5 5 2 4 20   0   1
7  6 5 2 2 20   0   1
7  6 5 3 4 39   1   0
7  6 6 1 3 39   1   0
8  3 3 2 3 12   0   1
8  3 3 2 4 4    1   0
8  3 3 3 4 12   0   1
9  1 1 2 3 3    0   1
9  1 3 2 1 2    1   0
9  1 3 3 3 3    0   1
9  3 3 1 4 2    1   0
9  3 3 3 2 3    0   1
9  3 6 2 1 3    0   1
9  3 6 4 2 2    1   0
9  5 5 2 3 2    1   0
9  5 5 4 3 3    0   1
9  6 5 2 2 2    1   0
9  6 5 3 4 3    0   1
9  6 6 1 3 3    0   1
10 4 4 1 3 36   0   1
10 4 4 4 1 36   0   1
10 4 4 4 3 62   1   0
11 1 1 1 2 13   0   1
11 1 2 1 1 66   1   0
11 1 2 2 3 13   0   1
11 2 2 1 2 66   1   0
11 2 2 3 2 13   0   1
12 3 3 2 4 36   0   1
12 5 5 4 2 46   1   0
12 5 6 2 2 46   1   0
12 5 6 4 3 36   0   1
12 6 3 1 2 36   0   1
12 6 3 2 4 46   1   0
12 6 6 3 1 36   0   1
13 1 1 1 2 57   0   1
13 1 2 1 1 68   1   0
13 1 2 2 3 57   0   1
13 2 2 1 2 68   1   0
13 2 2 3 2 57   0   1
14 1 3 2 1 23   1   0
14 1 3 3 3 36   0   1
14 3 3 3 1 36   0   1
14 4 1 1 2 23   1   0
14 4 1 3 3 36   0   1
14 4 4 3 1 23   1   0
15 1 1 2 3 20   0   1
15 4 1 1 2 20   0   1
15 4 1 3 3 66   1   0
15 4 4 2 1 20   0   1
15 4 4 4 3 66   1   0
15 5 4 1 2 20   0   1
15 5 4 3 4 66   1   0
15 5 5 4 1 20   0   1
15 5 5 4 3 66   1   0
;

