Index = 261
_solve_time = 1454.61

:              xp  xb    :=
1  2 2 2 1 71   0   1
1  2 2 4 1 69   1   0
1  3 2 1 2 71   0   1
1  3 2 3 4 69   1   0
1  3 3 2 1 71   0   1
1  3 3 2 3 69   1   0
2  4 4 3 2 0    1   0
2  4 4 3 4 18   0   1
2  4 5 2 1 0    1   0
2  4 5 4 3 18   0   1
2  5 5 1 4 0    1   0
2  5 5 3 4 18   0   1
3  2 2 4 2 66   1   0
3  2 3 2 1 66   1   0
3  2 3 4 3 7    0   1
3  3 3 1 4 66   1   0
3  3 3 3 2 7    0   1
3  3 6 2 1 7    0   1
3  3 6 4 2 66   1   0
3  4 4 2 1 66   1   0
3  4 4 4 1 7    0   1
3  5 4 1 2 66   1   0
3  5 4 3 4 7    0   1
3  5 5 2 1 66   1   0
3  5 5 4 3 7    0   1
3  6 5 2 2 66   1   0
3  6 5 3 4 7    0   1
3  6 6 1 3 7    0   1
4  4 4 1 3 0    1   0
4  4 4 1 4 30   0   1
4  4 4 4 3 30   0   1
5  3 3 1 2 1    1   0
5  3 3 1 3 19   0   1
5  3 3 3 2 19   0   1
6  1 1 1 2 13   0   1
6  1 2 1 1 0    1   0
6  1 2 2 3 13   0   1
6  2 2 1 2 0    1   0
6  2 2 3 2 13   0   1
7  3 3 2 4 32   0   1
7  3 6 2 1 2    1   0
7  3 6 4 2 32   0   1
7  4 4 2 3 2    1   0
7  4 4 4 3 32   0   1
7  5 4 1 2 2    1   0
7  5 4 3 4 32   0   1
7  5 5 2 3 32   0   1
7  5 5 4 1 2    1   0
7  6 5 2 2 32   0   1
7  6 5 3 4 2    1   0
7  6 6 1 3 2    1   0
8  2 2 2 1 4    0   1
8  2 2 4 1 0    1   0
8  2 2 4 2 4    0   1
9  2 2 1 2 25   1   0
9  2 2 1 4 0    0   1
9  2 3 2 1 25   1   0
9  2 3 4 3 0    0   1
9  3 3 1 4 25   1   0
9  3 3 3 2 0    0   1
9  3 6 2 1 0    0   1
9  3 6 4 2 25   1   0
9  6 6 1 2 0    0   1
10 4 4 2 1 54   0   1
10 4 4 4 1 15   1   0
10 5 4 1 2 54   0   1
10 5 4 3 4 15   1   0
10 5 5 3 1 54   0   1
11 1 1 3 2 64   0   1
11 4 1 1 2 31   1   0
11 4 1 3 3 64   0   1
11 4 4 2 1 31   1   0
11 4 4 2 3 64   0   1
12 1 1 2 1 48   0   1
12 1 1 3 1 0    1   0
12 4 1 1 2 48   0   1
12 4 1 3 3 0    1   0
12 4 4 2 1 48   0   1
12 4 4 2 3 0    1   0
13 2 2 2 4 50   0   1
13 3 2 1 2 50   0   1
13 3 2 3 4 0    1   0
13 3 3 2 1 50   0   1
13 3 3 4 3 0    1   0
13 6 3 1 2 50   0   1
13 6 3 2 4 0    1   0
13 6 6 3 1 50   0   1
13 6 6 3 2 0    1   0
14 1 1 2 1 0    1   0
14 1 1 3 1 53   0   1
14 4 1 1 2 0    1   0
14 4 1 3 3 53   0   1
14 4 4 2 1 0    1   0
14 4 4 4 3 53   0   1
14 5 4 1 2 0    1   0
14 5 4 3 4 53   0   1
14 5 5 2 1 0    1   0
14 5 5 2 3 53   0   1
15 1 1 2 3 69   0   1
15 1 3 2 1 70   1   0
15 1 3 3 3 69   0   1
15 3 3 1 2 70   1   0
15 3 3 3 4 69   0   1
15 3 6 2 1 70   1   0
15 3 6 4 2 69   0   1
15 5 5 2 4 69   0   1
15 6 5 2 2 69   0   1
15 6 5 3 4 70   1   0
15 6 6 1 3 70   1   0
;

