Index = 445
_solve_time = 40260.5

:              xp  xb    :=
1  5 5 2 3 21   1   0
1  5 5 4 3 29   0   1
1  6 5 2 2 21   1   0
1  6 5 3 4 29   0   1
1  6 6 1 2 21   1   0
1  6 6 1 3 29   0   1
2  3 3 2 4 0    0   1
2  5 5 1 2 1    1   0
2  5 5 1 4 0    0   1
2  5 6 2 2 1    1   0
2  5 6 4 3 0    0   1
2  6 3 1 2 0    0   1
2  6 3 2 4 1    1   0
2  6 6 3 1 0    0   1
3  1 1 3 2 58   1   0
3  4 1 1 2 42   0   1
3  4 1 3 3 58   1   0
3  4 4 2 1 42   0   1
3  4 4 4 3 58   1   0
3  5 4 1 2 42   0   1
3  5 4 3 4 58   1   0
3  5 5 2 3 58   1   0
3  5 5 4 1 42   0   1
3  6 5 2 2 58   1   0
3  6 5 3 4 42   0   1
3  6 6 2 3 42   0   1
4  1 1 2 1 0    0   1
4  1 1 3 1 71   1   0
4  4 1 1 2 0    0   1
4  4 1 3 3 71   1   0
4  4 4 3 1 0    0   1
5  1 1 1 2 0    0   1
5  2 1 1 1 0    0   1
5  2 1 3 2 48   1   0
5  2 2 3 1 0    0   1
6  1 1 3 2 52   0   1
6  1 3 2 1 52   0   1
6  1 3 3 3 20   1   0
6  3 3 1 4 52   0   1
6  3 3 3 2 20   1   0
6  3 6 2 1 20   1   0
6  3 6 4 2 52   0   1
6  5 5 2 1 52   0   1
6  5 5 4 1 20   1   0
6  6 5 2 2 52   0   1
6  6 5 3 4 20   1   0
6  6 6 1 3 20   1   0
7  1 1 2 3 68   1   0
7  1 3 2 1 47   0   1
7  1 3 3 3 68   1   0
7  3 3 1 2 47   0   1
7  3 3 3 4 68   1   0
7  3 6 2 1 47   0   1
7  3 6 4 2 68   1   0
7  4 4 2 4 47   0   1
7  5 4 1 2 47   0   1
7  5 4 3 4 68   1   0
7  5 5 2 3 68   1   0
7  5 5 4 1 47   0   1
7  6 5 2 2 68   1   0
7  6 5 3 4 47   0   1
7  6 6 1 3 47   0   1
8  5 5 1 3 24   0   1
8  5 5 2 1 24   0   1
8  5 5 2 3 47   1   0
9  1 1 3 2 71   0   1
9  1 3 2 1 71   0   1
9  1 3 3 3 61   1   0
9  3 3 1 2 71   0   1
9  3 3 3 4 61   1   0
9  3 6 2 1 71   0   1
9  3 6 4 2 61   1   0
9  6 6 2 1 61   1   0
10 3 3 1 2 4    1   0
10 3 3 1 3 48   0   1
10 3 3 3 2 48   0   1
11 2 2 2 4 44   1   0
11 3 2 1 2 44   1   0
11 3 2 3 4 22   0   1
11 3 3 2 3 22   0   1
11 3 3 4 1 44   1   0
11 5 5 2 4 22   0   1
11 5 6 2 2 44   1   0
11 5 6 4 3 22   0   1
11 6 3 1 2 22   0   1
11 6 3 2 4 44   1   0
11 6 6 3 1 22   0   1
12 1 3 2 1 24   1   0
12 1 3 3 3 2    0   1
12 3 3 3 1 2    0   1
12 4 1 1 2 24   1   0
12 4 1 3 3 2    0   1
12 4 4 2 1 24   1   0
12 4 4 2 3 2    0   1
13 3 3 1 2 0    0   1
13 3 3 1 4 24   1   0
13 3 6 2 1 0    0   1
13 3 6 4 2 24   1   0
13 6 6 1 2 0    0   1
14 1 1 3 1 61   1   0
14 1 2 1 1 61   1   0
14 1 2 2 3 66   0   1
14 2 2 1 4 61   1   0
14 2 2 3 4 66   0   1
14 4 1 1 2 66   0   1
14 4 1 3 3 61   1   0
14 4 4 3 1 66   0   1
15 1 1 2 1 36   0   1
15 1 2 1 1 36   0   1
15 1 2 2 3 49   1   0
15 2 2 3 1 49   1   0
;

