Index = 280
_solve_time = 11914.6

:              xp  xb    :=
1  1 1 2 1 52   0   1
1  1 1 3 1 21   1   0
1  4 1 1 2 52   0   1
1  4 1 3 3 21   1   0
1  4 4 4 1 52   0   1
1  4 4 4 3 21   1   0
2  2 2 3 2 1    0   1
2  2 2 3 4 22   1   0
2  2 3 2 1 1    0   1
2  2 3 4 3 22   1   0
2  3 3 1 3 1    0   1
3  3 3 2 3 21   0   1
3  3 3 4 3 47   1   0
3  5 5 2 4 21   0   1
3  5 6 2 2 47   1   0
3  5 6 4 3 21   0   1
3  6 3 1 2 21   0   1
3  6 3 2 4 47   1   0
3  6 6 3 1 21   0   1
4  1 1 2 1 9    1   0
4  1 1 3 1 0    0   1
4  4 1 1 2 9    1   0
4  4 1 3 3 0    0   1
4  4 4 4 1 9    1   0
4  4 4 4 3 0    0   1
5  3 3 2 4 49   1   0
5  3 6 2 1 50   0   1
5  3 6 4 2 49   1   0
5  6 6 1 2 50   0   1
6  1 1 3 2 0    0   1
6  1 3 2 1 0    0   1
6  1 3 3 3 59   1   0
6  3 3 1 4 0    0   1
6  3 3 3 4 59   1   0
7  1 1 1 2 54   0   1
7  2 1 1 1 54   0   1
7  2 1 3 2 7    1   0
7  2 2 2 3 7    1   0
7  2 2 4 1 54   0   1
7  3 2 1 2 7    1   0
7  3 2 3 4 54   0   1
7  3 3 2 1 7    1   0
7  3 3 2 3 54   0   1
8  3 3 3 2 5    0   1
8  3 3 3 4 0    1   0
8  3 6 2 1 5    0   1
8  3 6 4 2 0    1   0
8  5 5 4 2 5    0   1
8  6 5 2 2 0    1   0
8  6 5 3 4 5    0   1
8  6 6 1 3 5    0   1
9  1 1 2 3 71   0   1
9  4 1 1 2 71   0   1
9  4 1 3 3 50   1   0
9  4 4 4 1 71   0   1
9  4 4 4 3 50   1   0
10 3 3 2 4 23   0   1
10 3 6 2 1 42   1   0
10 3 6 4 2 23   0   1
10 4 4 2 1 23   0   1
10 4 4 4 1 42   1   0
10 5 4 1 2 23   0   1
10 5 4 3 4 42   1   0
10 5 5 2 1 23   0   1
10 5 5 4 3 42   1   0
10 6 5 2 2 23   0   1
10 6 5 3 4 42   1   0
10 6 6 1 3 42   1   0
11 3 3 4 2 50   0   1
11 5 5 3 2 50   0   1
11 5 5 3 4 42   1   0
11 5 6 2 2 50   0   1
11 5 6 4 3 42   1   0
11 6 3 1 2 42   1   0
11 6 3 2 4 50   0   1
11 6 6 3 1 42   1   0
12 3 3 2 4 5    0   1
12 6 3 1 2 5    0   1
12 6 3 2 4 23   1   0
12 6 6 3 1 5    0   1
12 6 6 3 2 23   1   0
13 5 5 1 2 0    1   0
13 5 5 1 4 0    0   1
13 5 6 2 2 0    1   0
13 5 6 4 3 0    0   1
13 6 6 2 1 0    1   0
13 6 6 3 1 0    0   1
14 1 1 3 2 49   0   1
14 1 3 2 1 49   0   1
14 1 3 3 3 0    1   0
14 3 3 1 2 49   0   1
14 3 3 3 2 0    1   0
15 2 2 4 2 48   0   1
15 2 3 2 1 48   0   1
15 2 3 4 3 47   1   0
15 3 3 1 3 48   0   1
;

