Index = 271
_solve_time = 1286.54

:              xp  xb    :=
1  2 2 2 3 0    0   1
1  2 2 4 3 0    1   0
1  3 2 1 2 0    0   1
1  3 2 3 4 0    1   0
1  3 3 2 3 0    1   0
1  3 3 4 1 0    0   1
1  6 3 1 2 0    1   0
1  6 3 2 4 0    0   1
1  6 6 3 1 0    1   0
1  6 6 3 2 0    0   1
2  3 3 4 2 61   0   1
2  5 5 3 2 61   0   1
2  5 5 3 4 24   1   0
2  5 6 2 2 61   0   1
2  5 6 4 3 24   1   0
2  6 3 1 2 24   1   0
2  6 3 2 4 61   0   1
2  6 6 3 1 24   1   0
3  2 2 1 2 18   0   1
3  2 2 4 1 18   0   1
3  2 2 4 2 16   1   0
4  4 4 4 2 30   0   1
4  4 5 2 1 30   0   1
4  4 5 4 3 20   1   0
4  5 5 1 4 30   0   1
4  5 5 3 4 20   1   0
5  1 1 2 1 6    0   1
5  1 1 3 1 70   1   0
5  1 1 3 2 6    0   1
6  3 3 3 2 26   0   1
6  3 3 3 4 71   1   0
6  3 6 2 1 26   0   1
6  3 6 4 2 71   1   0
6  4 4 2 4 26   0   1
6  5 4 1 2 26   0   1
6  5 4 3 4 71   1   0
6  5 5 2 3 71   1   0
6  5 5 4 1 26   0   1
6  6 5 2 2 71   1   0
6  6 5 3 4 26   0   1
6  6 6 1 3 26   0   1
7  4 4 2 4 7    0   1
7  4 5 2 1 0    1   0
7  4 5 4 3 7    0   1
7  5 5 1 3 0    1   0
8  5 5 4 2 0    0   1
8  5 6 2 2 0    0   1
8  5 6 4 3 70   1   0
8  6 6 2 1 0    0   1
8  6 6 3 1 70   1   0
9  2 2 2 4 3    0   1
9  3 2 1 2 3    0   1
9  3 2 3 4 27   1   0
9  3 3 2 3 27   1   0
9  3 3 4 1 3    0   1
9  6 3 1 2 27   1   0
9  6 3 2 4 3    0   1
9  6 6 1 2 3    0   1
10 5 5 1 2 66   0   1
10 5 5 1 4 3    1   0
10 5 6 2 2 66   0   1
10 5 6 4 3 3    1   0
10 6 6 2 1 66   0   1
10 6 6 3 1 3    1   0
11 5 5 2 1 49   0   1
11 5 5 4 1 6    1   0
11 6 5 2 2 49   0   1
11 6 5 3 4 6    1   0
11 6 6 3 2 49   0   1
12 1 3 2 1 7    0   1
12 1 3 3 3 9    1   0
12 3 3 1 3 7    0   1
12 4 1 1 2 7    0   1
12 4 1 3 3 9    1   0
12 4 4 3 1 7    0   1
13 3 3 1 2 38   0   1
13 3 3 1 4 0    1   0
13 3 6 2 1 38   0   1
13 3 6 4 2 0    1   0
13 5 5 2 1 0    1   0
13 5 5 4 1 38   0   1
13 6 5 2 2 0    1   0
13 6 5 3 4 38   0   1
13 6 6 1 3 38   0   1
14 3 3 3 2 56   0   1
14 3 3 3 4 22   1   0
14 3 6 2 1 56   0   1
14 3 6 4 2 22   1   0
14 5 5 4 2 56   0   1
14 6 5 2 2 22   1   0
14 6 5 3 4 56   0   1
14 6 6 1 3 56   0   1
15 5 5 2 3 68   1   0
15 5 5 4 3 73   0   1
15 6 5 2 2 68   1   0
15 6 5 3 4 73   0   1
15 6 6 2 3 73   0   1
;

