Index = 410
_solve_time = 24098.3

:              xp  xb    :=
1  2 2 3 2 63   0   1
1  2 2 3 4 54   1   0
1  2 3 2 1 63   0   1
1  2 3 4 3 54   1   0
1  3 3 1 2 63   0   1
1  3 3 3 4 54   1   0
1  3 6 2 1 63   0   1
1  3 6 4 2 54   1   0
1  5 5 2 4 54   1   0
1  6 5 2 2 54   1   0
1  6 5 3 4 63   0   1
1  6 6 1 3 63   0   1
2  1 3 2 1 44   0   1
2  1 3 3 3 21   1   0
2  3 3 1 4 44   0   1
2  3 3 3 4 21   1   0
2  4 1 1 2 44   0   1
2  4 1 3 3 21   1   0
2  4 4 3 1 44   0   1
3  2 2 4 2 0    0   1
3  3 2 1 2 18   1   0
3  3 2 3 4 0    0   1
3  3 3 3 1 18   1   0
4  1 1 3 2 0    0   1
4  1 3 2 1 0    0   1
4  1 3 3 3 38   1   0
4  3 3 1 2 0    0   1
4  3 3 3 4 38   1   0
4  3 6 2 1 0    0   1
4  3 6 4 2 38   1   0
4  5 5 4 2 0    0   1
4  6 5 2 2 38   1   0
4  6 5 3 4 0    0   1
4  6 6 1 3 0    0   1
5  1 1 1 2 48   1   0
5  1 1 1 3 39   0   1
5  1 1 3 2 39   0   1
6  1 1 3 2 53   1   0
6  1 3 2 1 53   1   0
6  1 3 3 3 0    0   1
6  3 3 1 2 53   1   0
6  3 3 3 4 0    0   1
6  3 6 2 1 53   1   0
6  3 6 4 2 0    0   1
6  6 6 2 1 0    0   1
7  4 4 2 1 0    1   0
7  4 4 4 1 46   0   1
7  5 4 1 2 0    1   0
7  5 4 3 4 46   0   1
7  5 5 1 3 46   0   1
8  5 5 2 4 24   0   1
8  5 6 2 2 23   1   0
8  5 6 4 3 24   0   1
8  6 6 3 2 24   0   1
9  3 3 1 2 70   1   0
9  3 3 1 4 67   0   1
9  3 6 2 1 70   1   0
9  3 6 4 2 67   0   1
9  4 4 2 4 67   0   1
9  5 4 1 2 67   0   1
9  5 4 3 4 70   1   0
9  5 5 2 1 67   0   1
9  5 5 4 3 70   1   0
9  6 5 2 2 67   0   1
9  6 5 3 4 70   1   0
9  6 6 1 3 70   1   0
10 1 1 1 3 24   1   0
10 1 1 2 3 23   0   1
10 2 1 1 1 24   1   0
10 2 1 3 2 23   0   1
10 2 2 2 1 24   1   0
10 2 2 2 3 23   0   1
11 2 2 2 1 46   1   0
11 2 2 4 1 20   0   1
11 3 2 1 2 46   1   0
11 3 2 3 4 20   0   1
11 3 3 2 1 46   1   0
11 3 3 4 3 20   0   1
11 6 3 1 2 46   1   0
11 6 3 2 4 20   0   1
11 6 6 1 2 20   0   1
12 1 1 1 2 2    1   0
12 1 1 1 3 50   0   1
12 1 3 2 1 2    1   0
12 1 3 3 3 50   0   1
12 3 3 3 1 50   0   1
13 1 1 3 1 69   0   1
13 1 2 1 1 69   0   1
13 1 2 2 3 28   1   0
13 2 2 1 2 69   0   1
13 2 2 3 2 28   1   0
13 4 1 1 2 28   1   0
13 4 1 3 3 69   0   1
13 4 4 1 3 69   0   1
14 2 2 1 2 51   1   0
14 2 2 1 4 1    0   1
14 2 3 2 1 51   1   0
14 2 3 4 3 1    0   1
14 3 3 3 1 1    0   1
15 5 5 2 1 60   0   1
15 5 5 4 1 22   1   0
15 6 5 2 2 60   0   1
15 6 5 3 4 22   1   0
15 6 6 1 2 60   0   1
15 6 6 1 3 22   1   0
;

