Index = 289
_solve_time = 3010.79

:              xp  xb    :=
1  2 2 1 2 67   0   1
1  2 2 1 4 3    1   0
1  2 3 2 1 67   0   1
1  2 3 4 3 3    1   0
1  3 3 1 2 67   0   1
1  3 3 3 4 3    1   0
1  3 6 2 1 67   0   1
1  3 6 4 2 3    1   0
1  4 4 2 1 3    1   0
1  4 4 4 1 67   0   1
1  5 4 1 2 3    1   0
1  5 4 3 4 67   0   1
1  5 5 2 1 3    1   0
1  5 5 4 3 67   0   1
1  6 5 2 2 3    1   0
1  6 5 3 4 67   0   1
1  6 6 1 3 67   0   1
2  3 3 1 4 35   0   1
2  3 3 2 1 35   0   1
2  3 3 2 4 4    1   0
3  2 2 1 2 21   1   0
3  2 2 1 4 35   0   1
3  2 3 2 1 21   1   0
3  2 3 4 3 35   0   1
3  3 3 1 4 21   1   0
3  3 3 3 2 35   0   1
3  3 6 2 1 35   0   1
3  3 6 4 2 21   1   0
3  6 6 1 3 35   0   1
3  6 6 2 3 21   1   0
4  3 3 2 4 0    0   1
4  3 6 2 1 19   1   0
4  3 6 4 2 0    0   1
4  6 6 1 3 19   1   0
4  6 6 2 3 0    0   1
5  1 1 3 2 72   1   0
5  1 3 2 1 72   1   0
5  1 3 3 3 1    0   1
5  3 3 1 4 72   1   0
5  3 3 3 2 1    0   1
5  3 6 2 1 1    0   1
5  3 6 4 2 72   1   0
5  4 4 2 3 1    0   1
5  4 4 4 3 72   1   0
5  5 4 1 2 1    0   1
5  5 4 3 4 72   1   0
5  5 5 2 3 72   1   0
5  5 5 4 1 1    0   1
5  6 5 2 2 72   1   0
5  6 5 3 4 1    0   1
5  6 6 1 3 1    0   1
6  4 4 3 2 70   0   1
6  4 4 3 4 0    1   0
6  4 5 2 1 70   0   1
6  4 5 4 3 0    1   0
6  5 5 1 4 70   0   1
6  5 5 3 4 0    1   0
7  5 5 4 2 6    0   1
7  5 6 2 2 6    0   1
7  5 6 4 3 0    1   0
7  6 6 3 2 0    1   0
8  5 5 1 4 3    0   1
8  5 5 3 1 3    0   1
8  5 5 3 4 12   1   0
9  1 1 3 2 41   1   0
9  4 1 1 2 21   0   1
9  4 1 3 3 41   1   0
9  4 4 3 1 21   0   1
10 2 2 1 2 59   1   0
10 2 2 1 4 59   0   1
10 2 3 2 1 59   1   0
10 2 3 4 3 59   0   1
10 3 3 1 2 59   1   0
10 3 3 3 4 59   0   1
10 3 6 2 1 59   1   0
10 3 6 4 2 59   0   1
10 6 6 2 1 59   0   1
11 4 4 2 1 15   1   0
11 4 4 4 1 32   0   1
11 5 4 1 2 15   1   0
11 5 4 3 4 32   0   1
11 5 5 2 1 15   1   0
11 5 5 4 3 32   0   1
11 6 5 2 2 15   1   0
11 6 5 3 4 32   0   1
11 6 6 2 3 32   0   1
12 5 5 2 1 6    0   1
12 5 5 3 1 62   1   0
12 5 5 3 2 6    0   1
13 4 4 4 2 0    1   0
13 5 4 1 2 52   0   1
13 5 4 3 4 0    1   0
13 5 5 3 1 52   0   1
14 2 2 1 2 36   1   0
14 2 2 1 3 34   0   1
14 2 2 3 2 34   0   1
15 2 2 2 3 0    1   0
15 2 2 4 3 1    0   1
15 3 2 1 2 0    1   0
15 3 2 3 4 1    0   1
15 3 3 1 3 1    0   1
;

