Index = 298
_solve_time = 8444.88

:              xp  xb    :=
1  4 4 2 3 16   1   0
1  4 4 2 4 8    0   1
1  4 4 4 3 8    0   1
2  1 1 3 2 11   0   1
2  1 3 2 1 11   0   1
2  1 3 3 3 45   1   0
2  3 3 1 4 11   0   1
2  3 3 3 2 45   1   0
2  3 6 2 1 45   1   0
2  3 6 4 2 11   0   1
2  4 4 4 2 11   0   1
2  5 4 1 2 45   1   0
2  5 4 3 4 11   0   1
2  5 5 2 3 11   0   1
2  5 5 4 1 45   1   0
2  6 5 2 2 11   0   1
2  6 5 3 4 45   1   0
2  6 6 1 3 45   1   0
3  1 1 2 1 50   0   1
3  1 1 3 1 0    1   0
3  4 1 1 2 50   0   1
3  4 1 3 3 0    1   0
3  4 4 2 3 0    1   0
3  4 4 4 1 50   0   1
3  5 4 1 2 0    1   0
3  5 4 3 4 50   0   1
3  5 5 2 1 0    1   0
3  5 5 2 3 50   0   1
4  1 1 2 1 2    0   1
4  1 2 1 1 2    0   1
4  1 2 2 3 13   1   0
4  2 2 1 3 2    0   1
5  4 4 1 2 56   0   1
5  4 4 4 1 56   0   1
5  4 4 4 2 70   1   0
6  1 1 3 1 73   0   1
6  1 2 1 1 73   0   1
6  1 2 2 3 0    1   0
6  2 2 1 2 73   0   1
6  2 2 3 2 0    1   0
6  4 1 1 2 0    1   0
6  4 1 3 3 73   0   1
6  4 4 2 3 73   0   1
6  4 4 4 1 0    1   0
6  5 4 1 2 73   0   1
6  5 4 3 4 0    1   0
6  5 5 1 3 0    1   0
7  2 2 2 4 6    0   1
7  2 3 2 1 56   1   0
7  2 3 4 3 6    0   1
7  3 3 1 4 56   1   0
7  3 3 3 2 6    0   1
7  3 6 2 1 6    0   1
7  3 6 4 2 56   1   0
7  6 6 2 1 56   1   0
8  1 1 1 2 37   0   1
8  1 1 3 1 37   0   1
8  1 1 3 2 22   1   0
9  5 5 2 4 66   0   1
9  5 6 2 2 4    1   0
9  5 6 4 3 66   0   1
9  6 6 3 2 66   0   1
10 1 1 3 2 68   1   0
10 1 3 2 1 68   1   0
10 1 3 3 3 4    0   1
10 3 3 1 4 68   1   0
10 3 3 3 2 4    0   1
10 3 6 2 1 4    0   1
10 3 6 4 2 68   1   0
10 4 4 2 4 4    0   1
10 5 4 1 2 4    0   1
10 5 4 3 4 68   1   0
10 5 5 2 3 68   1   0
10 5 5 4 1 4    0   1
10 6 5 2 2 68   1   0
10 6 5 3 4 4    0   1
10 6 6 1 3 4    0   1
11 4 4 3 1 1    1   0
11 4 4 3 4 3    0   1
11 4 4 4 1 3    0   1
12 5 5 1 3 39   1   0
12 5 5 1 4 16   0   1
12 5 5 4 3 16   0   1
13 2 2 3 2 68   0   1
13 2 2 3 4 32   1   0
13 2 3 2 1 68   0   1
13 2 3 4 3 32   1   0
13 3 3 1 3 68   0   1
14 1 1 2 1 72   0   1
14 2 1 1 1 22   1   0
14 2 1 3 2 72   0   1
14 2 2 2 3 72   0   1
14 2 2 4 1 22   1   0
14 3 2 1 2 72   0   1
14 3 2 3 4 22   1   0
14 3 3 2 1 72   0   1
14 3 3 4 3 22   1   0
14 6 3 1 2 72   0   1
14 6 3 2 4 22   1   0
14 6 6 2 1 72   0   1
15 3 3 4 2 0    0   1
15 3 6 2 1 0    0   1
15 3 6 4 2 61   1   0
15 5 5 4 2 0    0   1
15 6 5 2 2 61   1   0
15 6 5 3 4 0    0   1
15 6 6 1 3 0    0   1
;

