Index = 359
_solve_time = 28914.6

:              xp  xb    :=
1  2 2 4 2 10   0   1
1  3 2 1 2 12   1   0
1  3 2 3 4 10   0   1
1  3 3 2 3 10   0   1
1  3 3 4 1 12   1   0
1  6 3 1 2 10   0   1
1  6 3 2 4 12   1   0
1  6 6 2 1 10   0   1
2  2 2 4 2 21   0   1
2  2 3 2 1 21   0   1
2  2 3 4 3 58   1   0
2  3 3 1 4 21   0   1
2  3 3 3 2 58   1   0
2  3 6 2 1 58   1   0
2  3 6 4 2 21   0   1
2  4 4 2 4 21   0   1
2  5 4 1 2 21   0   1
2  5 4 3 4 58   1   0
2  5 5 2 1 21   0   1
2  5 5 4 3 58   1   0
2  6 5 2 2 21   0   1
2  6 5 3 4 58   1   0
2  6 6 1 3 58   1   0
3  4 4 3 2 49   0   1
3  4 4 3 4 68   1   0
3  4 5 2 1 49   0   1
3  4 5 4 3 68   1   0
3  5 5 1 4 49   0   1
3  5 5 3 2 68   1   0
3  5 6 2 2 68   1   0
3  5 6 4 3 49   0   1
3  6 6 3 2 49   0   1
4  4 4 1 2 2    1   0
4  4 4 1 4 10   0   1
4  4 5 2 1 2    1   0
4  4 5 4 3 10   0   1
4  5 5 1 2 2    1   0
4  5 5 3 2 10   0   1
5  1 1 1 2 24   0   1
5  1 1 1 3 28   1   0
5  1 1 2 3 24   0   1
6  3 3 1 2 0    0   1
6  3 3 1 4 0    1   0
6  3 6 2 1 0    0   1
6  3 6 4 2 0    1   0
6  4 4 2 1 0    0   1
6  4 4 4 1 0    1   0
6  5 4 1 2 0    0   1
6  5 4 3 4 0    1   0
6  5 5 2 3 0    1   0
6  5 5 4 1 0    0   1
6  6 5 2 2 0    1   0
6  6 5 3 4 0    0   1
6  6 6 1 3 0    0   1
7  4 4 2 4 1    0   1
7  4 5 2 1 0    1   0
7  4 5 4 3 1    0   1
7  5 5 1 4 0    1   0
7  5 5 3 2 1    0   1
7  5 6 2 2 1    0   1
7  5 6 4 3 0    1   0
7  6 6 2 3 1    0   1
8  1 1 2 3 3    0   1
8  1 3 2 1 29   1   0
8  1 3 3 3 3    0   1
8  3 3 1 4 29   1   0
8  3 3 3 4 3    0   1
9  1 1 1 2 47   0   1
9  2 1 1 1 47   0   1
9  2 1 3 2 20   1   0
9  2 2 1 3 20   1   0
10 1 1 1 2 21   0   1
10 2 1 1 1 21   0   1
10 2 1 3 2 2    1   0
10 2 2 2 1 21   0   1
10 2 2 4 3 2    1   0
10 3 2 1 2 21   0   1
10 3 2 3 4 2    1   0
10 3 3 4 1 21   0   1
10 3 3 4 3 2    1   0
11 1 1 2 3 5    0   1
11 1 3 2 1 16   1   0
11 1 3 3 3 5    0   1
11 3 3 1 4 16   1   0
11 3 3 3 2 5    0   1
11 3 6 2 1 5    0   1
11 3 6 4 2 16   1   0
11 6 6 1 3 5    0   1
11 6 6 2 3 16   1   0
12 1 1 1 2 20   1   0
12 1 1 1 3 11   0   1
12 1 3 2 1 20   1   0
12 1 3 3 3 11   0   1
12 3 3 1 4 20   1   0
12 3 3 3 2 11   0   1
12 3 6 2 1 11   0   1
12 3 6 4 2 20   1   0
12 4 4 2 3 20   1   0
12 4 4 4 3 11   0   1
12 5 4 1 2 20   1   0
12 5 4 3 4 11   0   1
12 5 5 2 1 20   1   0
12 5 5 4 3 11   0   1
12 6 5 2 2 20   1   0
12 6 5 3 4 11   0   1
12 6 6 1 3 11   0   1
13 1 1 2 3 71   0   1
13 1 3 2 1 73   1   0
13 1 3 3 3 71   0   1
13 3 3 1 2 73   1   0
13 3 3 3 4 71   0   1
13 3 6 2 1 73   1   0
13 3 6 4 2 71   0   1
13 4 4 2 1 73   1   0
13 4 4 4 1 71   0   1
13 5 4 1 2 73   1   0
13 5 4 3 4 71   0   1
13 5 5 2 3 71   0   1
13 5 5 4 1 73   1   0
13 6 5 2 2 71   0   1
13 6 5 3 4 73   1   0
13 6 6 1 3 73   1   0
14 5 5 1 2 71   1   0
14 5 5 1 4 17   0   1
14 5 5 4 2 17   0   1
15 3 3 1 2 49   0   1
15 3 3 1 4 65   1   0
15 3 6 2 1 49   0   1
15 3 6 4 2 65   1   0
15 4 4 2 1 65   1   0
15 4 4 4 1 49   0   1
15 5 4 1 2 65   1   0
15 5 4 3 4 49   0   1
15 5 5 2 1 65   1   0
15 5 5 4 3 49   0   1
15 6 5 2 2 65   1   0
15 6 5 3 4 49   0   1
15 6 6 1 3 49   0   1
;

