Index = 318
_solve_time = 11079.3

:              xp  xb    :=
1  3 3 2 4 0    0   1
1  5 5 1 2 2    1   0
1  5 5 1 4 0    0   1
1  5 6 2 2 2    1   0
1  5 6 4 3 0    0   1
1  6 3 1 2 0    0   1
1  6 3 2 4 2    1   0
1  6 6 3 1 0    0   1
2  1 1 1 2 7    0   1
2  2 1 1 1 7    0   1
2  2 1 3 2 12   1   0
2  2 2 2 1 7    0   1
2  2 2 4 3 12   1   0
2  3 2 1 2 7    0   1
2  3 2 3 4 12   1   0
2  3 3 2 1 7    0   1
2  3 3 2 3 12   1   0
3  3 3 2 4 61   0   1
3  3 6 2 1 27   1   0
3  3 6 4 2 61   0   1
3  4 4 2 4 61   0   1
3  5 4 1 2 61   0   1
3  5 4 3 4 27   1   0
3  5 5 2 1 61   0   1
3  5 5 4 3 27   1   0
3  6 5 2 2 61   0   1
3  6 5 3 4 27   1   0
3  6 6 1 3 27   1   0
4  5 5 2 4 7    0   1
4  6 5 2 2 7    0   1
4  6 5 3 4 24   1   0
4  6 6 1 2 7    0   1
4  6 6 1 3 24   1   0
5  1 1 1 2 54   0   1
5  2 1 1 1 54   0   1
5  2 1 3 2 6    1   0
5  2 2 2 1 54   0   1
5  2 2 4 3 6    1   0
5  3 2 1 2 54   0   1
5  3 2 3 4 6    1   0
5  3 3 2 3 6    1   0
5  3 3 4 1 54   0   1
5  6 3 1 2 6    1   0
5  6 3 2 4 54   0   1
5  6 6 1 2 54   0   1
6  1 1 3 2 64   0   1
6  1 3 2 1 64   0   1
6  1 3 3 3 0    1   0
6  3 3 1 4 64   0   1
6  3 3 3 2 0    1   0
6  3 6 2 1 0    1   0
6  3 6 4 2 64   0   1
6  5 5 2 1 64   0   1
6  5 5 4 1 0    1   0
6  6 5 2 2 64   0   1
6  6 5 3 4 0    1   0
6  6 6 1 3 0    1   0
7  2 2 4 2 48   0   1
7  2 3 2 1 48   0   1
7  2 3 4 3 3    1   0
7  3 3 1 4 48   0   1
7  3 3 3 2 3    1   0
7  3 6 2 1 3    1   0
7  3 6 4 2 48   0   1
7  6 6 1 3 3    1   0
7  6 6 2 3 48   0   1
8  1 1 1 2 1    0   1
8  1 1 3 1 1    0   1
8  1 1 3 2 25   1   0
9  1 1 3 2 44   1   0
9  4 1 1 2 16   0   1
9  4 1 3 3 44   1   0
9  4 4 3 1 16   0   1
10 4 4 2 4 39   0   1
10 5 4 1 2 39   0   1
10 5 4 3 4 63   1   0
10 5 5 2 1 39   0   1
10 5 5 2 3 63   1   0
11 2 2 1 2 41   0   1
11 2 2 1 4 8    1   0
11 2 3 2 1 41   0   1
11 2 3 4 3 8    1   0
11 3 3 1 2 41   0   1
11 3 3 3 2 8    1   0
12 1 1 2 1 70   0   1
12 2 1 1 1 33   1   0
12 2 1 3 2 70   0   1
12 2 2 3 1 33   1   0
13 1 1 3 1 72   0   1
13 1 2 1 1 72   0   1
13 1 2 2 3 4    1   0
13 2 2 1 2 72   0   1
13 2 2 3 2 4    1   0
13 4 1 1 2 4    1   0
13 4 1 3 3 72   0   1
13 4 4 2 1 4    1   0
13 4 4 4 3 72   0   1
13 5 4 1 2 4    1   0
13 5 4 3 4 72   0   1
13 5 5 1 3 72   0   1
14 1 1 2 1 40   1   0
14 1 2 1 1 40   1   0
14 1 2 2 3 7    0   1
14 2 2 3 1 7    0   1
15 4 4 2 4 15   0   1
15 5 4 1 2 15   0   1
15 5 4 3 4 4    1   0
15 5 5 3 1 15   0   1
;

