Index = 269
_solve_time = 13254.3

:              xp  xb    :=
1  3 3 3 2 24   1   0
1  3 3 3 4 32   0   1
1  3 6 2 1 24   1   0
1  3 6 4 2 32   0   1
1  6 6 2 1 32   0   1
2  4 4 2 1 12   0   1
2  4 4 4 1 19   1   0
2  5 4 1 2 12   0   1
2  5 4 3 4 19   1   0
2  5 5 4 1 12   0   1
2  5 5 4 3 19   1   0
3  1 1 2 3 71   0   1
3  4 1 1 2 71   0   1
3  4 1 3 3 0    1   0
3  4 4 4 1 71   0   1
3  4 4 4 3 0    1   0
4  2 2 2 3 47   0   1
4  2 2 4 2 47   0   1
4  2 2 4 3 28   1   0
5  1 1 3 1 43   0   1
5  1 2 1 1 43   0   1
5  1 2 2 3 23   1   0
5  2 2 1 4 43   0   1
5  2 2 3 4 23   1   0
5  4 1 1 2 23   1   0
5  4 1 3 3 43   0   1
5  4 4 1 3 43   0   1
6  4 4 3 2 9    0   1
6  4 4 3 4 57   1   0
6  4 5 2 1 9    0   1
6  4 5 4 3 57   1   0
6  5 5 1 4 9    0   1
6  5 5 3 2 57   1   0
6  5 6 2 2 57   1   0
6  5 6 4 3 9    0   1
6  6 6 3 2 9    0   1
7  2 2 2 4 24   0   1
7  2 3 2 1 0    1   0
7  2 3 4 3 24   0   1
7  3 3 1 2 0    1   0
7  3 3 3 4 24   0   1
7  3 6 2 1 0    1   0
7  3 6 4 2 24   0   1
7  6 6 1 3 0    1   0
7  6 6 2 3 24   0   1
8  2 2 2 1 60   1   0
8  2 2 4 1 61   0   1
8  3 2 1 2 60   1   0
8  3 2 3 4 61   0   1
8  3 3 1 3 61   0   1
9  1 1 3 2 23   0   1
9  4 1 1 2 0    1   0
9  4 1 3 3 23   0   1
9  4 4 2 1 0    1   0
9  4 4 4 3 23   0   1
9  5 4 1 2 0    1   0
9  5 4 3 4 23   0   1
9  5 5 3 1 0    1   0
10 1 1 1 2 58   0   1
10 2 1 1 1 58   0   1
10 2 1 3 2 0    1   0
10 2 2 2 3 0    1   0
10 2 2 4 1 58   0   1
10 3 2 1 2 0    1   0
10 3 2 3 4 58   0   1
10 3 3 3 1 0    1   0
11 3 3 2 1 22   1   0
11 3 3 4 1 70   0   1
11 5 5 4 2 70   0   1
11 5 6 2 2 70   0   1
11 5 6 4 3 22   1   0
11 6 3 1 2 22   1   0
11 6 3 2 4 70   0   1
11 6 6 3 1 22   1   0
12 1 1 2 1 27   0   1
12 2 1 1 1 0    1   0
12 2 1 3 2 27   0   1
12 2 2 3 1 0    1   0
13 5 5 2 4 26   0   1
13 5 6 2 2 0    1   0
13 5 6 4 3 26   0   1
13 6 6 3 2 26   0   1
14 1 1 2 1 47   0   1
14 1 2 1 1 47   0   1
14 1 2 2 3 47   1   0
14 2 2 3 1 47   1   0
15 5 5 2 4 0    1   0
15 6 5 2 2 0    1   0
15 6 5 3 4 0    0   1
15 6 6 2 3 0    0   1
;

