Index = 418
_solve_time = 36743.9

:              xp  xb    :=
1  3 3 2 1 22   1   0
1  3 3 2 3 25   0   1
1  3 3 3 1 25   0   1
2  1 1 1 2 63   0   1
2  1 2 1 1 47   1   0
2  1 2 2 3 63   0   1
2  2 2 3 1 63   0   1
3  1 1 3 1 14   1   0
3  1 2 1 1 14   1   0
3  1 2 2 3 51   0   1
3  2 2 3 1 51   0   1
3  4 1 1 2 51   0   1
3  4 1 3 3 14   1   0
3  4 4 2 1 51   0   1
3  4 4 4 3 14   1   0
3  5 4 1 2 51   0   1
3  5 4 3 4 14   1   0
3  5 5 2 1 51   0   1
3  5 5 2 3 14   1   0
4  3 3 2 1 48   1   0
4  3 3 4 1 40   0   1
4  6 3 1 2 48   1   0
4  6 3 2 4 40   0   1
4  6 6 1 2 40   0   1
5  1 1 1 2 51   0   1
5  1 1 1 3 17   1   0
5  1 3 2 1 51   0   1
5  1 3 3 3 17   1   0
5  3 3 1 2 51   0   1
5  3 3 3 4 17   1   0
5  3 6 2 1 51   0   1
5  3 6 4 2 17   1   0
5  5 5 4 2 51   0   1
5  6 5 2 2 17   1   0
5  6 5 3 4 51   0   1
5  6 6 1 3 51   0   1
6  3 3 2 3 20   0   1
6  3 3 4 3 64   1   0
6  5 5 3 2 64   1   0
6  5 5 3 4 20   0   1
6  5 6 2 2 64   1   0
6  5 6 4 3 20   0   1
6  6 3 1 2 20   0   1
6  6 3 2 4 64   1   0
6  6 6 3 1 20   0   1
7  3 3 1 2 0    0   1
7  3 3 1 4 2    1   0
7  3 6 2 1 0    0   1
7  3 6 4 2 2    1   0
7  5 5 4 2 0    0   1
7  6 5 2 2 2    1   0
7  6 5 3 4 0    0   1
7  6 6 1 3 0    0   1
8  1 1 2 3 46   0   1
8  4 1 1 2 46   0   1
8  4 1 3 3 65   1   0
8  4 4 2 3 65   1   0
8  4 4 4 1 46   0   1
8  5 4 1 2 65   1   0
8  5 4 3 4 46   0   1
8  5 5 3 1 65   1   0
9  1 1 3 2 57   0   1
9  4 1 1 2 37   1   0
9  4 1 3 3 57   0   1
9  4 4 2 1 37   1   0
9  4 4 4 3 57   0   1
9  5 4 1 2 37   1   0
9  5 4 3 4 57   0   1
9  5 5 2 3 57   0   1
9  5 5 4 1 37   1   0
9  6 5 2 2 57   0   1
9  6 5 3 4 37   1   0
9  6 6 3 2 57   0   1
10 1 1 3 2 33   0   1
10 4 1 1 2 4    1   0
10 4 1 3 3 33   0   1
10 4 4 2 1 4    1   0
10 4 4 4 3 33   0   1
10 5 4 1 2 4    1   0
10 5 4 3 4 33   0   1
10 5 5 2 1 4    1   0
10 5 5 2 3 33   0   1
11 1 3 2 1 26   1   0
11 1 3 3 3 49   0   1
11 3 3 1 2 26   1   0
11 3 3 3 2 49   0   1
11 4 1 1 2 26   1   0
11 4 1 3 3 49   0   1
11 4 4 1 3 49   0   1
12 1 1 2 3 17   0   1
12 4 1 1 2 17   0   1
12 4 1 3 3 0    1   0
12 4 4 2 1 17   0   1
12 4 4 4 3 0    1   0
12 5 4 1 2 17   0   1
12 5 4 3 4 0    1   0
12 5 5 3 1 17   0   1
13 4 4 2 4 0    0   1
13 5 4 1 2 0    0   1
13 5 4 3 4 71   1   0
13 5 5 2 1 0    0   1
13 5 5 2 3 71   1   0
14 4 4 2 4 48   0   1
14 4 5 2 1 12   1   0
14 4 5 4 3 48   0   1
14 5 5 1 2 12   1   0
14 5 5 3 4 48   0   1
14 5 6 2 2 12   1   0
14 5 6 4 3 48   0   1
14 6 6 2 1 12   1   0
14 6 6 3 1 48   0   1
15 4 4 3 2 0    1   0
15 4 4 3 4 53   0   1
15 4 5 2 1 0    1   0
15 4 5 4 3 53   0   1
15 5 5 1 2 0    1   0
15 5 5 3 4 53   0   1
15 5 6 2 2 0    1   0
15 5 6 4 3 53   0   1
15 6 6 3 2 53   0   1
;

