Index = 386
_solve_time = 24767.6

:              xp  xb    :=
1  3 3 2 3 0    0   1
1  3 3 4 3 0    1   0
1  5 5 1 2 0    1   0
1  5 5 1 4 0    0   1
1  5 6 2 2 0    1   0
1  5 6 4 3 0    0   1
1  6 3 1 2 0    0   1
1  6 3 2 4 0    1   0
1  6 6 3 1 0    0   1
2  1 1 3 1 15   1   0
2  1 1 3 2 41   0   1
2  1 2 1 1 15   1   0
2  1 2 2 3 41   0   1
2  2 2 3 1 41   0   1
3  3 3 4 2 70   0   1
3  3 6 2 1 70   0   1
3  3 6 4 2 12   1   0
3  4 4 2 4 12   1   0
3  5 4 1 2 12   1   0
3  5 4 3 4 70   0   1
3  5 5 2 1 12   1   0
3  5 5 4 3 70   0   1
3  6 5 2 2 12   1   0
3  6 5 3 4 70   0   1
3  6 6 1 3 70   0   1
4  3 3 2 4 60   0   1
4  3 6 2 1 0    1   0
4  3 6 4 2 60   0   1
4  5 5 2 4 60   0   1
4  6 5 2 2 60   0   1
4  6 5 3 4 0    1   0
4  6 6 1 3 0    1   0
5  2 2 4 2 0    1   0
5  2 3 2 1 0    1   0
5  2 3 4 3 65   0   1
5  3 3 1 4 0    1   0
5  3 3 3 2 65   0   1
5  3 6 2 1 65   0   1
5  3 6 4 2 0    1   0
5  5 5 4 2 65   0   1
5  6 5 2 2 0    1   0
5  6 5 3 4 65   0   1
5  6 6 1 3 65   0   1
6  2 2 3 2 66   1   0
6  2 2 3 4 1    0   1
6  2 3 2 1 66   1   0
6  2 3 4 3 1    0   1
6  3 3 1 4 66   1   0
6  3 3 3 2 1    0   1
6  3 6 2 1 1    0   1
6  3 6 4 2 66   1   0
6  4 4 2 1 66   1   0
6  4 4 4 1 1    0   1
6  5 4 1 2 66   1   0
6  5 4 3 4 1    0   1
6  5 5 2 1 66   1   0
6  5 5 4 3 1    0   1
6  6 5 2 2 66   1   0
6  6 5 3 4 1    0   1
6  6 6 1 3 1    0   1
7  1 1 2 3 19   0   1
7  4 1 1 2 19   0   1
7  4 1 3 3 62   1   0
7  4 4 2 1 19   0   1
7  4 4 4 3 62   1   0
7  5 4 1 2 19   0   1
7  5 4 3 4 62   1   0
7  5 5 2 3 62   1   0
7  5 5 4 1 19   0   1
7  6 5 2 2 62   1   0
7  6 5 3 4 19   0   1
7  6 6 1 2 62   1   0
7  6 6 1 3 19   0   1
8  2 2 1 2 3    0   1
8  2 2 1 4 44   1   0
8  2 3 2 1 3    0   1
8  2 3 4 3 44   1   0
8  3 3 1 4 3    0   1
8  3 3 3 4 44   1   0
9  3 3 3 2 72   1   0
9  3 3 3 4 48   0   1
9  3 6 2 1 72   1   0
9  3 6 4 2 48   0   1
9  5 5 2 4 48   0   1
9  6 5 2 2 48   0   1
9  6 5 3 4 72   1   0
9  6 6 1 3 72   1   0
10 4 4 2 1 0    0   1
10 4 4 4 1 38   1   0
10 5 4 1 2 0    0   1
10 5 4 3 4 38   1   0
10 5 5 3 1 0    0   1
11 3 3 4 2 51   0   1
11 3 6 2 1 51   0   1
11 3 6 4 2 43   1   0
11 4 4 2 3 43   1   0
11 4 4 4 3 51   0   1
11 5 4 1 2 43   1   0
11 5 4 3 4 51   0   1
11 5 5 2 1 43   1   0
11 5 5 4 3 51   0   1
11 6 5 2 2 43   1   0
11 6 5 3 4 51   0   1
11 6 6 1 3 51   0   1
12 1 1 1 2 40   0   1
12 2 1 1 1 40   0   1
12 2 1 3 2 42   1   0
12 2 2 3 1 40   0   1
13 1 1 2 3 30   0   1
13 1 3 2 1 30   1   0
13 1 3 3 3 30   0   1
13 3 3 1 2 30   1   0
13 3 3 3 4 30   0   1
13 3 6 2 1 30   1   0
13 3 6 4 2 30   0   1
13 6 6 2 1 30   0   1
14 3 3 2 4 5    1   0
14 3 6 2 1 25   0   1
14 3 6 4 2 5    1   0
14 5 5 4 2 25   0   1
14 6 5 2 2 5    1   0
14 6 5 3 4 25   0   1
14 6 6 1 3 25   0   1
15 2 2 2 4 47   0   1
15 3 2 1 2 47   0   1
15 3 2 3 4 15   1   0
15 3 3 2 3 15   1   0
15 3 3 4 1 47   0   1
15 6 3 1 2 15   1   0
15 6 3 2 4 47   0   1
15 6 6 1 2 47   0   1
;

