Index = 383
_solve_time = 4997.24

:              xp  xb    :=
1  3 3 4 2 7    0   1
1  3 6 2 1 7    0   1
1  3 6 4 2 0    1   0
1  6 6 1 3 7    0   1
1  6 6 2 3 0    1   0
2  4 4 3 2 70   1   0
2  4 4 3 4 4    0   1
2  4 5 2 1 70   1   0
2  4 5 4 3 4    0   1
2  5 5 3 1 4    0   1
3  4 4 4 2 0    0   1
3  4 5 2 1 0    0   1
3  4 5 4 3 34   1   0
3  5 5 1 4 0    0   1
3  5 5 3 2 34   1   0
3  5 6 2 2 34   1   0
3  5 6 4 3 0    0   1
3  6 6 2 1 34   1   0
3  6 6 3 1 0    0   1
4  1 1 3 1 4    0   1
4  1 2 1 1 4    0   1
4  1 2 2 3 63   1   0
4  2 2 1 3 4    0   1
4  4 1 1 2 63   1   0
4  4 1 3 3 4    0   1
4  4 4 2 1 63   1   0
4  4 4 2 3 4    0   1
5  1 1 2 1 0    1   0
5  2 1 1 1 39   0   1
5  2 1 3 2 0    1   0
5  2 2 2 1 39   0   1
5  2 2 4 3 0    1   0
5  3 2 1 2 39   0   1
5  3 2 3 4 0    1   0
5  3 3 3 1 39   0   1
6  3 3 2 1 2    0   1
6  3 3 4 1 50   1   0
6  3 3 4 2 2    0   1
7  2 2 1 2 73   0   1
7  2 2 1 4 4    1   0
7  2 3 2 1 73   0   1
7  2 3 4 3 4    1   0
7  3 3 1 2 73   0   1
7  3 3 3 4 4    1   0
7  3 6 2 1 73   0   1
7  3 6 4 2 4    1   0
7  4 4 2 3 73   0   1
7  4 4 4 3 4    1   0
7  5 4 1 2 73   0   1
7  5 4 3 4 4    1   0
7  5 5 2 3 4    1   0
7  5 5 4 1 73   0   1
7  6 5 2 2 4    1   0
7  6 5 3 4 73   0   1
7  6 6 1 3 73   0   1
8  1 3 2 1 10   0   1
8  1 3 3 3 0    1   0
8  3 3 1 4 10   0   1
8  3 3 3 4 0    1   0
8  4 1 1 2 10   0   1
8  4 1 3 3 0    1   0
8  4 4 2 1 10   0   1
8  4 4 2 3 0    1   0
9  4 4 3 2 27   1   0
9  4 4 3 4 45   0   1
9  4 5 2 1 27   1   0
9  4 5 4 3 45   0   1
9  5 5 3 1 45   0   1
10 1 1 3 2 21   0   1
10 1 3 2 1 21   0   1
10 1 3 3 3 13   1   0
10 3 3 1 2 21   0   1
10 3 3 3 4 13   1   0
10 3 6 2 1 21   0   1
10 3 6 4 2 13   1   0
10 5 5 2 4 13   1   0
10 6 5 2 2 13   1   0
10 6 5 3 4 21   0   1
10 6 6 1 3 21   0   1
11 4 4 2 4 0    1   0
11 4 5 2 1 46   0   1
11 4 5 4 3 0    1   0
11 5 5 1 4 46   0   1
11 5 5 3 2 0    1   0
11 5 6 2 2 0    1   0
11 5 6 4 3 46   0   1
11 6 6 3 2 46   0   1
12 1 1 2 3 19   0   1
12 1 3 2 1 73   1   0
12 1 3 3 3 19   0   1
12 3 3 1 4 73   1   0
12 3 3 3 2 19   0   1
12 3 6 2 1 19   0   1
12 3 6 4 2 73   1   0
12 4 4 2 3 19   0   1
12 4 4 4 3 73   1   0
12 5 4 1 2 19   0   1
12 5 4 3 4 73   1   0
12 5 5 2 3 73   1   0
12 5 5 4 1 19   0   1
12 6 5 2 2 73   1   0
12 6 5 3 4 19   0   1
12 6 6 1 3 19   0   1
13 2 2 4 2 35   1   0
13 2 3 2 1 35   1   0
13 2 3 4 3 13   0   1
13 3 3 1 4 35   1   0
13 3 3 3 2 13   0   1
13 3 6 2 1 13   0   1
13 3 6 4 2 35   1   0
13 4 4 2 4 13   0   1
13 5 4 1 2 13   0   1
13 5 4 3 4 35   1   0
13 5 5 2 3 35   1   0
13 5 5 4 1 13   0   1
13 6 5 2 2 35   1   0
13 6 5 3 4 13   0   1
13 6 6 1 3 13   0   1
14 1 1 2 1 8    0   1
14 1 1 3 1 16   1   0
14 1 1 3 2 8    0   1
15 2 2 1 2 42   1   0
15 2 2 1 4 60   0   1
15 2 3 2 1 42   1   0
15 2 3 4 3 60   0   1
15 3 3 1 4 42   1   0
15 3 3 3 2 60   0   1
15 3 6 2 1 60   0   1
15 3 6 4 2 42   1   0
15 4 4 2 3 60   0   1
15 4 4 4 3 42   1   0
15 5 4 1 2 60   0   1
15 5 4 3 4 42   1   0
15 5 5 2 3 42   1   0
15 5 5 4 1 60   0   1
15 6 5 2 2 42   1   0
15 6 5 3 4 60   0   1
15 6 6 1 3 60   0   1
;

