Index = 349
_solve_time = 6983.86

:              xp  xb    :=
1  1 1 2 1 69   0   1
1  1 1 3 1 67   1   0
1  4 1 1 2 69   0   1
1  4 1 3 3 67   1   0
1  4 4 4 1 69   0   1
1  4 4 4 3 67   1   0
2  3 3 2 3 4    0   1
2  3 3 4 3 4    1   0
2  5 5 1 2 4    1   0
2  5 5 1 4 4    0   1
2  5 6 2 2 4    1   0
2  5 6 4 3 4    0   1
2  6 3 1 2 4    0   1
2  6 3 2 4 4    1   0
2  6 6 3 1 4    0   1
3  2 2 2 4 22   0   1
3  2 3 2 1 0    1   0
3  2 3 4 3 22   0   1
3  3 3 1 2 0    1   0
3  3 3 3 2 22   0   1
4  1 3 2 1 38   0   1
4  1 3 3 3 72   1   0
4  3 3 1 3 38   0   1
4  4 1 1 2 38   0   1
4  4 1 3 3 72   1   0
4  4 4 1 3 72   1   0
5  3 3 4 2 28   0   1
5  3 6 2 1 28   0   1
5  3 6 4 2 33   1   0
5  6 6 1 3 28   0   1
5  6 6 2 3 33   1   0
6  1 1 2 3 67   0   1
6  1 3 2 1 58   1   0
6  1 3 3 3 67   0   1
6  3 3 1 4 58   1   0
6  3 3 3 2 67   0   1
6  3 6 2 1 67   0   1
6  3 6 4 2 58   1   0
6  5 5 4 2 67   0   1
6  6 5 2 2 58   1   0
6  6 5 3 4 67   0   1
6  6 6 1 3 67   0   1
7  2 2 1 2 53   0   1
7  2 2 3 1 53   0   1
7  2 2 3 2 0    1   0
8  1 1 1 2 0    1   0
8  1 1 1 3 14   0   1
8  1 3 2 1 0    1   0
8  1 3 3 3 14   0   1
8  3 3 1 4 0    1   0
8  3 3 3 2 14   0   1
8  3 6 2 1 14   0   1
8  3 6 4 2 0    1   0
8  5 5 4 2 14   0   1
8  6 5 2 2 0    1   0
8  6 5 3 4 14   0   1
8  6 6 1 3 14   0   1
9  2 2 3 2 26   0   1
9  2 2 3 4 57   1   0
9  2 3 2 1 26   0   1
9  2 3 4 3 57   1   0
9  3 3 1 4 26   0   1
9  3 3 3 2 57   1   0
9  3 6 2 1 57   1   0
9  3 6 4 2 26   0   1
9  6 6 2 1 26   0   1
10 1 1 1 2 46   1   0
10 1 2 1 1 42   0   1
10 1 2 2 3 46   1   0
10 2 2 1 3 42   0   1
11 2 2 4 2 4    1   0
11 2 3 2 1 4    1   0
11 2 3 4 3 0    0   1
11 3 3 1 4 4    1   0
11 3 3 3 2 0    0   1
11 3 6 2 1 0    0   1
11 3 6 4 2 4    1   0
11 4 4 2 3 4    1   0
11 4 4 4 3 0    0   1
11 5 4 1 2 4    1   0
11 5 4 3 4 0    0   1
11 5 5 2 1 4    1   0
11 5 5 4 3 0    0   1
11 6 5 2 2 4    1   0
11 6 5 3 4 0    0   1
11 6 6 1 3 0    0   1
12 4 4 2 4 0    0   1
12 4 5 2 1 49   1   0
12 4 5 4 3 0    0   1
12 5 5 1 4 49   1   0
12 5 5 3 4 0    0   1
13 4 4 2 4 16   0   1
13 4 5 2 1 0    1   0
13 4 5 4 3 16   0   1
13 5 5 1 2 0    1   0
13 5 5 3 4 16   0   1
13 5 6 2 2 0    1   0
13 5 6 4 3 16   0   1
13 6 6 3 2 16   0   1
14 1 1 1 2 9    0   1
14 1 2 1 1 69   1   0
14 1 2 2 3 9    0   1
14 2 2 1 2 69   1   0
14 2 2 3 2 9    0   1
15 1 1 3 2 6    0   1
15 1 3 2 1 6    0   1
15 1 3 3 3 19   1   0
15 3 3 1 2 6    0   1
15 3 3 3 4 19   1   0
15 3 6 2 1 6    0   1
15 3 6 4 2 19   1   0
15 5 5 4 2 6    0   1
15 6 5 2 2 19   1   0
15 6 5 3 4 6    0   1
15 6 6 1 3 6    0   1
;

