Index = 211
_solve_time = 10462.1

:              xp  xb    :=
1  4 4 4 2 27   0   1
1  4 5 2 1 27   0   1
1  4 5 4 3 27   1   0
1  5 5 1 4 27   0   1
1  5 5 3 2 27   1   0
1  5 6 2 2 27   1   0
1  5 6 4 3 27   0   1
1  6 6 3 2 27   0   1
2  4 4 4 2 59   0   1
2  4 5 2 1 59   0   1
2  4 5 4 3 0    1   0
2  5 5 1 4 59   0   1
2  5 5 3 4 0    1   0
3  3 3 3 2 50   0   1
3  3 3 3 4 60   1   0
3  3 6 2 1 50   0   1
3  3 6 4 2 60   1   0
3  5 5 2 1 60   1   0
3  5 5 4 1 50   0   1
3  6 5 2 2 60   1   0
3  6 5 3 4 50   0   1
3  6 6 1 3 50   0   1
4  3 3 2 4 22   0   1
4  5 5 2 4 22   0   1
4  5 6 2 2 68   1   0
4  5 6 4 3 22   0   1
4  6 3 1 2 22   0   1
4  6 3 2 4 68   1   0
4  6 6 3 1 22   0   1
5  4 4 2 1 48   1   0
5  4 4 2 4 47   0   1
5  4 4 4 1 47   0   1
6  4 4 2 1 0    1   0
6  4 4 4 1 11   0   1
6  5 4 1 2 0    1   0
6  5 4 3 4 11   0   1
6  5 5 2 1 0    1   0
6  5 5 2 3 11   0   1
7  4 4 2 1 57   0   1
7  4 4 3 1 70   1   0
7  4 4 3 2 57   0   1
8  5 5 1 2 0    1   0
8  5 5 1 4 70   0   1
8  5 6 2 2 0    1   0
8  5 6 4 3 70   0   1
8  6 6 3 2 70   0   1
9  5 5 2 4 3    1   0
9  6 5 2 2 3    1   0
9  6 5 3 4 56   0   1
9  6 6 2 3 56   0   1
10 5 5 4 2 47   0   1
10 6 5 2 2 50   1   0
10 6 5 3 4 47   0   1
10 6 6 2 3 47   0   1
11 1 1 2 1 71   0   1
11 1 1 3 1 22   1   0
11 1 1 3 2 71   0   1
12 1 3 2 1 0    0   1
12 1 3 3 3 49   1   0
12 3 3 1 4 0    0   1
12 3 3 3 4 49   1   0
12 4 1 1 2 0    0   1
12 4 1 3 3 49   1   0
12 4 4 3 1 0    0   1
13 5 5 1 2 73   1   0
13 5 5 1 4 34   0   1
13 5 6 2 2 73   1   0
13 5 6 4 3 34   0   1
13 6 6 2 1 73   1   0
13 6 6 3 1 34   0   1
14 2 2 1 2 0    0   1
14 2 2 1 4 0    1   0
14 2 2 2 4 0    0   1
15 3 3 2 4 45   0   1
15 3 3 3 2 45   0   1
15 3 3 3 4 3    1   0
;

