Index = 413
_solve_time = 5702.32

:              xp  xb    :=
1  2 2 1 2 47   1   0
1  2 2 1 4 56   0   1
1  2 3 2 1 47   1   0
1  2 3 4 3 56   0   1
1  3 3 1 4 47   1   0
1  3 3 3 2 56   0   1
1  3 6 2 1 56   0   1
1  3 6 4 2 47   1   0
1  5 5 2 3 47   1   0
1  5 5 4 3 56   0   1
1  6 5 2 2 47   1   0
1  6 5 3 4 56   0   1
1  6 6 1 3 56   0   1
2  2 2 2 3 49   1   0
2  2 2 4 3 26   0   1
2  3 2 1 2 49   1   0
2  3 2 3 4 26   0   1
2  3 3 4 1 49   1   0
2  3 3 4 3 26   0   1
3  3 3 2 4 24   0   1
3  5 5 2 4 24   0   1
3  5 6 2 2 3    1   0
3  5 6 4 3 24   0   1
3  6 3 1 2 24   0   1
3  6 3 2 4 3    1   0
3  6 6 3 1 24   0   1
4  1 1 3 2 27   0   1
4  4 1 1 2 22   1   0
4  4 1 3 3 27   0   1
4  4 4 2 1 22   1   0
4  4 4 4 3 27   0   1
4  5 4 1 2 22   1   0
4  5 4 3 4 27   0   1
4  5 5 4 1 22   1   0
4  5 5 4 3 27   0   1
5  2 2 2 1 10   1   0
5  2 2 4 1 9    0   1
5  3 2 1 2 10   1   0
5  3 2 3 4 9    0   1
5  3 3 1 3 9    0   1
6  2 2 2 1 72   0   1
6  2 2 4 1 45   1   0
6  3 2 1 2 72   0   1
6  3 2 3 4 45   1   0
6  3 3 3 1 72   0   1
7  1 1 1 3 23   1   0
7  1 1 2 3 0    0   1
7  2 1 1 1 23   1   0
7  2 1 3 2 0    0   1
7  2 2 4 1 23   1   0
7  2 2 4 3 0    0   1
8  2 2 2 3 45   1   0
8  2 2 4 3 49   0   1
8  3 2 1 2 45   1   0
8  3 2 3 4 49   0   1
8  3 3 2 3 49   0   1
8  3 3 4 1 45   1   0
8  5 5 4 2 45   1   0
8  5 6 2 2 45   1   0
8  5 6 4 3 49   0   1
8  6 3 1 2 49   0   1
8  6 3 2 4 45   1   0
8  6 6 3 1 49   0   1
9  2 2 4 2 12   0   1
9  2 3 2 1 12   0   1
9  2 3 4 3 41   1   0
9  3 3 1 4 12   0   1
9  3 3 3 2 41   1   0
9  3 6 2 1 41   1   0
9  3 6 4 2 12   0   1
9  4 4 4 2 12   0   1
9  5 4 1 2 41   1   0
9  5 4 3 4 12   0   1
9  5 5 2 3 12   0   1
9  5 5 4 1 41   1   0
9  6 5 2 2 12   0   1
9  6 5 3 4 41   1   0
9  6 6 1 3 41   1   0
10 2 2 2 3 21   1   0
10 2 2 4 3 72   0   1
10 3 2 1 2 21   1   0
10 3 2 3 4 72   0   1
10 3 3 2 1 21   1   0
10 3 3 4 3 72   0   1
10 6 3 1 2 21   1   0
10 6 3 2 4 72   0   1
10 6 6 3 1 21   1   0
10 6 6 3 2 72   0   1
11 1 3 2 1 24   1   0
11 1 3 3 3 0    0   1
11 2 2 4 2 0    0   1
11 3 2 1 2 24   1   0
11 3 2 3 4 0    0   1
11 4 1 1 2 24   1   0
11 4 1 3 3 0    0   1
11 4 4 4 1 24   1   0
11 4 4 4 3 0    0   1
12 1 1 2 1 49   1   0
12 2 1 1 1 41   0   1
12 2 1 3 2 49   1   0
12 2 2 3 1 41   0   1
13 4 4 1 2 1    0   1
13 4 4 1 4 0    1   0
13 4 5 2 1 1    0   1
13 4 5 4 3 0    1   0
13 5 5 1 3 1    0   1
14 4 4 3 1 63   1   0
14 4 4 3 4 32   0   1
14 4 4 4 1 32   0   1
15 1 1 1 2 57   0   1
15 2 1 1 1 57   0   1
15 2 1 3 2 65   1   0
15 2 2 2 3 65   1   0
15 2 2 4 1 57   0   1
15 3 2 1 2 65   1   0
15 3 2 3 4 57   0   1
15 3 3 4 1 65   1   0
15 3 3 4 3 57   0   1
;

