Index = 387
_solve_time = 24643.2

:              xp  xb    :=
1  3 3 4 2 19   0   1
1  5 5 4 2 19   0   1
1  5 6 2 2 19   0   1
1  5 6 4 3 62   1   0
1  6 3 1 2 62   1   0
1  6 3 2 4 19   0   1
1  6 6 3 1 62   1   0
2  4 4 2 4 37   0   1
2  4 5 2 1 71   1   0
2  4 5 4 3 37   0   1
2  5 5 1 2 71   1   0
2  5 5 3 4 37   0   1
2  5 6 2 2 71   1   0
2  5 6 4 3 37   0   1
2  6 6 2 1 71   1   0
2  6 6 3 1 37   0   1
3  3 3 4 2 47   0   1
3  3 6 2 1 47   0   1
3  3 6 4 2 0    1   0
3  6 6 1 3 47   0   1
3  6 6 2 3 0    1   0
4  1 1 2 3 38   0   1
4  1 3 2 1 24   1   0
4  1 3 3 3 38   0   1
4  3 3 1 2 24   1   0
4  3 3 3 4 38   0   1
4  3 6 2 1 24   1   0
4  3 6 4 2 38   0   1
4  6 6 1 3 24   1   0
4  6 6 2 3 38   0   1
5  5 5 1 2 1    0   1
5  5 5 1 4 21   1   0
5  5 6 2 2 1    0   1
5  5 6 4 3 21   1   0
5  6 6 2 3 1    0   1
6  1 3 2 1 0    0   1
6  1 3 3 3 0    1   0
6  3 3 1 3 0    0   1
6  4 1 1 2 0    0   1
6  4 1 3 3 0    1   0
6  4 4 2 1 0    0   1
6  4 4 2 3 0    1   0
7  3 3 1 2 0    0   1
7  3 3 3 1 0    0   1
7  3 3 3 2 48   1   0
8  1 1 2 3 51   0   1
8  4 1 1 2 51   0   1
8  4 1 3 3 22   1   0
8  4 4 2 3 22   1   0
8  4 4 4 1 51   0   1
8  5 4 1 2 22   1   0
8  5 4 3 4 51   0   1
8  5 5 4 1 22   1   0
8  5 5 4 3 51   0   1
9  4 4 4 2 3    0   1
9  4 5 2 1 3    0   1
9  4 5 4 3 24   1   0
9  5 5 1 3 3    0   1
10 3 3 4 2 8    0   1
10 3 6 2 1 8    0   1
10 3 6 4 2 72   1   0
10 6 6 1 2 8    0   1
11 1 1 2 1 24   0   1
11 2 1 1 1 0    1   0
11 2 1 3 2 24   0   1
11 2 2 2 1 0    1   0
11 2 2 4 3 24   0   1
11 3 2 1 2 0    1   0
11 3 2 3 4 24   0   1
11 3 3 2 1 0    1   0
11 3 3 2 3 24   0   1
12 4 4 2 1 24   0   1
12 4 4 3 1 0    1   0
12 4 4 3 2 24   0   1
13 1 1 1 3 42   0   1
13 1 1 2 3 69   1   0
13 2 1 1 1 42   0   1
13 2 1 3 2 69   1   0
13 2 2 2 3 69   1   0
13 2 2 4 1 42   0   1
13 3 2 1 2 69   1   0
13 3 2 3 4 42   0   1
13 3 3 4 1 69   1   0
13 3 3 4 3 42   0   1
14 2 2 2 1 4    0   1
14 2 2 4 1 19   1   0
14 3 2 1 2 4    0   1
14 3 2 3 4 19   1   0
14 3 3 3 1 4    0   1
15 1 1 3 2 3    0   1
15 1 3 2 1 3    0   1
15 1 3 3 3 23   1   0
15 3 3 1 2 3    0   1
15 3 3 3 4 23   1   0
15 3 6 2 1 3    0   1
15 3 6 4 2 23   1   0
15 4 4 2 1 3    0   1
15 4 4 4 1 23   1   0
15 5 4 1 2 3    0   1
15 5 4 3 4 23   1   0
15 5 5 2 3 23   1   0
15 5 5 4 1 3    0   1
15 6 5 2 2 23   1   0
15 6 5 3 4 3    0   1
15 6 6 1 3 3    0   1
;

