Index = 329
_solve_time = 6630.53

:              xp  xb    :=
1  2 2 2 4 23   0   1
1  3 2 1 2 23   0   1
1  3 2 3 4 20   1   0
1  3 3 2 3 20   1   0
1  3 3 4 1 23   0   1
1  6 3 1 2 20   1   0
1  6 3 2 4 23   0   1
1  6 6 2 1 20   1   0
2  1 1 1 2 35   1   0
2  1 1 1 3 36   0   1
2  1 3 2 1 35   1   0
2  1 3 3 3 36   0   1
2  3 3 1 4 35   1   0
2  3 3 3 2 36   0   1
2  3 6 2 1 36   0   1
2  3 6 4 2 35   1   0
2  5 5 2 3 35   1   0
2  5 5 4 3 36   0   1
2  6 5 2 2 35   1   0
2  6 5 3 4 36   0   1
2  6 6 1 3 36   0   1
3  2 2 3 2 22   0   1
3  2 2 3 4 50   1   0
3  2 3 2 1 22   0   1
3  2 3 4 3 50   1   0
3  3 3 1 2 22   0   1
3  3 3 3 4 50   1   0
3  3 6 2 1 22   0   1
3  3 6 4 2 50   1   0
3  5 5 4 2 22   0   1
3  6 5 2 2 50   1   0
3  6 5 3 4 22   0   1
3  6 6 1 3 22   0   1
4  1 1 3 1 8    0   1
4  1 2 1 1 8    0   1
4  1 2 2 3 0    1   0
4  2 2 3 1 0    1   0
4  4 1 1 2 0    1   0
4  4 1 3 3 8    0   1
4  4 4 2 1 0    1   0
4  4 4 4 3 8    0   1
4  5 4 1 2 0    1   0
4  5 4 3 4 8    0   1
4  5 5 2 1 0    1   0
4  5 5 2 3 8    0   1
5  2 2 1 2 61   1   0
5  2 2 1 4 41   0   1
5  2 3 2 1 61   1   0
5  2 3 4 3 41   0   1
5  3 3 1 4 61   1   0
5  3 3 3 2 41   0   1
5  3 6 2 1 41   0   1
5  3 6 4 2 61   1   0
5  6 6 1 2 41   0   1
6  1 3 2 1 23   0   1
6  1 3 3 3 25   1   0
6  3 3 3 1 25   1   0
6  4 1 1 2 23   0   1
6  4 1 3 3 25   1   0
6  4 4 3 1 23   0   1
7  2 2 4 2 49   0   1
7  3 2 1 2 51   1   0
7  3 2 3 4 49   0   1
7  3 3 2 1 51   1   0
7  3 3 4 3 49   0   1
7  6 3 1 2 51   1   0
7  6 3 2 4 49   0   1
7  6 6 3 1 51   1   0
7  6 6 3 2 49   0   1
8  5 5 1 2 44   0   1
8  5 5 1 3 0    1   0
8  5 5 2 3 44   0   1
9  2 2 3 2 3    1   0
9  2 2 3 4 10   0   1
9  2 3 2 1 3    1   0
9  2 3 4 3 10   0   1
9  3 3 1 2 3    1   0
9  3 3 3 4 10   0   1
9  3 6 2 1 3    1   0
9  3 6 4 2 10   0   1
9  4 4 4 2 10   0   1
9  5 4 1 2 3    1   0
9  5 4 3 4 10   0   1
9  5 5 2 3 10   0   1
9  5 5 4 1 3    1   0
9  6 5 2 2 10   0   1
9  6 5 3 4 3    1   0
9  6 6 1 3 3    1   0
10 2 2 4 2 67   1   0
10 3 2 1 2 3    0   1
10 3 2 3 4 67   1   0
10 3 3 2 1 3    0   1
10 3 3 4 3 67   1   0
10 5 5 3 2 67   1   0
10 5 5 3 4 3    0   1
10 5 6 2 2 67   1   0
10 5 6 4 3 3    0   1
10 6 3 1 2 3    0   1
10 6 3 2 4 67   1   0
10 6 6 3 1 3    0   1
11 1 1 2 1 41   0   1
11 2 1 1 1 63   1   0
11 2 1 3 2 41   0   1
11 2 2 4 1 63   1   0
11 2 2 4 3 41   0   1
12 1 1 2 1 68   0   1
12 1 1 3 1 54   1   0
12 1 1 3 2 68   0   1
13 4 4 4 2 19   0   1
13 5 4 1 2 62   1   0
13 5 4 3 4 19   0   1
13 5 5 2 3 19   0   1
13 5 5 4 1 62   1   0
13 6 5 2 2 19   0   1
13 6 5 3 4 62   1   0
13 6 6 3 2 19   0   1
14 4 4 2 3 21   0   1
14 4 4 4 3 71   1   0
14 5 4 1 2 21   0   1
14 5 4 3 4 71   1   0
14 5 5 3 1 21   0   1
15 4 4 2 4 34   0   1
15 4 5 2 1 50   1   0
15 4 5 4 3 34   0   1
15 5 5 3 1 34   0   1
;

