Index = 372
_solve_time = 11320

:              xp  xb    :=
1  5 5 2 1 38   1   0
1  5 5 2 4 36   0   1
1  5 5 4 1 36   0   1
2  4 4 4 2 2    0   1
2  4 5 2 1 2    0   1
2  4 5 4 3 49   1   0
2  5 5 1 4 2    0   1
2  5 5 3 4 49   1   0
3  1 1 3 1 66   1   0
3  1 2 1 1 66   1   0
3  1 2 2 3 0    0   1
3  2 2 3 1 0    0   1
3  4 1 1 2 0    0   1
3  4 1 3 3 66   1   0
3  4 4 3 1 0    0   1
4  3 3 1 2 27   0   1
4  3 3 1 4 22   1   0
4  3 6 2 1 27   0   1
4  3 6 4 2 22   1   0
4  5 5 2 4 22   1   0
4  6 5 2 2 22   1   0
4  6 5 3 4 27   0   1
4  6 6 1 3 27   0   1
5  1 1 2 1 0    0   1
5  2 1 1 1 1    1   0
5  2 1 3 2 0    0   1
5  2 2 2 1 1    1   0
5  2 2 4 3 0    0   1
5  3 2 1 2 1    1   0
5  3 2 3 4 0    0   1
5  3 3 2 1 1    1   0
5  3 3 2 3 0    0   1
6  4 4 1 2 22   0   1
6  4 4 1 4 0    1   0
6  4 5 2 1 22   0   1
6  4 5 4 3 0    1   0
6  5 5 1 4 22   0   1
6  5 5 3 2 0    1   0
6  5 6 2 2 0    1   0
6  5 6 4 3 22   0   1
6  6 6 3 2 22   0   1
7  1 1 3 2 10   0   1
7  1 3 2 1 10   0   1
7  1 3 3 3 0    1   0
7  3 3 1 4 10   0   1
7  3 3 3 2 0    1   0
7  3 6 2 1 0    1   0
7  3 6 4 2 10   0   1
7  6 6 1 3 0    1   0
7  6 6 2 3 10   0   1
8  3 3 2 4 30   0   1
8  3 6 2 1 45   1   0
8  3 6 4 2 30   0   1
8  6 6 2 1 30   0   1
9  2 2 1 2 51   0   1
9  2 2 1 4 64   1   0
9  2 3 2 1 51   0   1
9  2 3 4 3 64   1   0
9  3 3 1 2 51   0   1
9  3 3 3 4 64   1   0
9  3 6 2 1 51   0   1
9  3 6 4 2 64   1   0
9  5 5 2 3 64   1   0
9  5 5 4 3 51   0   1
9  6 5 2 2 64   1   0
9  6 5 3 4 51   0   1
9  6 6 1 3 51   0   1
10 2 2 2 3 6    0   1
10 2 2 4 3 73   1   0
10 3 2 1 2 6    0   1
10 3 2 3 4 73   1   0
10 3 3 2 3 73   1   0
10 3 3 4 1 6    0   1
10 6 3 1 2 73   1   0
10 6 3 2 4 6    0   1
10 6 6 1 2 6    0   1
11 4 4 2 4 5    0   1
11 4 5 2 1 5    1   0
11 4 5 4 3 5    0   1
11 5 5 1 4 5    1   0
11 5 5 3 2 5    0   1
11 5 6 2 2 5    0   1
11 5 6 4 3 5    1   0
11 6 6 2 3 5    0   1
12 1 3 2 1 47   0   1
12 1 3 3 3 27   1   0
12 3 3 1 2 47   0   1
12 3 3 3 2 27   1   0
12 4 1 1 2 47   0   1
12 4 1 3 3 27   1   0
12 4 4 4 1 47   0   1
12 4 4 4 3 27   1   0
13 1 1 3 1 58   0   1
13 1 2 1 1 58   0   1
13 1 2 2 3 31   1   0
13 2 2 1 4 58   0   1
13 2 2 3 4 31   1   0
13 4 1 1 2 31   1   0
13 4 1 3 3 58   0   1
13 4 4 4 1 31   1   0
13 4 4 4 3 58   0   1
14 2 2 2 1 0    1   0
14 2 2 4 1 41   0   1
14 3 2 1 2 0    1   0
14 3 2 3 4 41   0   1
14 3 3 2 1 0    1   0
14 3 3 4 3 41   0   1
14 6 3 1 2 0    1   0
14 6 3 2 4 41   0   1
14 6 6 3 1 0    1   0
14 6 6 3 2 41   0   1
15 2 2 1 2 0    0   1
15 2 2 1 4 8    1   0
15 2 3 2 1 0    0   1
15 2 3 4 3 8    1   0
15 3 3 1 3 0    0   1
;

