Index = 302
_solve_time = 1707.65

:              xp  xb    :=
1  1 1 3 1 0    0   1
1  1 1 3 2 70   1   0
1  1 2 1 1 0    0   1
1  1 2 2 3 70   1   0
1  2 2 1 3 0    0   1
2  3 3 4 2 63   0   1
2  3 6 2 1 63   0   1
2  3 6 4 2 55   1   0
2  5 5 4 2 63   0   1
2  6 5 2 2 55   1   0
2  6 5 3 4 63   0   1
2  6 6 1 3 63   0   1
3  2 2 1 3 12   0   1
3  2 2 2 1 12   0   1
3  2 2 2 3 4    1   0
4  1 1 3 1 71   0   1
4  1 2 1 1 71   0   1
4  1 2 2 3 2    1   0
4  2 2 1 3 71   0   1
4  4 1 1 2 2    1   0
4  4 1 3 3 71   0   1
4  4 4 4 1 2    1   0
4  4 4 4 3 71   0   1
5  1 1 1 3 53   0   1
5  1 1 2 3 37   1   0
5  2 1 1 1 53   0   1
5  2 1 3 2 37   1   0
5  2 2 2 1 53   0   1
5  2 2 4 3 37   1   0
5  3 2 1 2 53   0   1
5  3 2 3 4 37   1   0
5  3 3 4 1 53   0   1
5  3 3 4 3 37   1   0
6  1 1 1 2 0    0   1
6  2 1 1 1 0    0   1
6  2 1 3 2 30   1   0
6  2 2 3 1 0    0   1
7  1 1 1 3 71   1   0
7  1 1 2 3 0    0   1
7  2 1 1 1 71   1   0
7  2 1 3 2 0    0   1
7  2 2 2 3 0    0   1
7  2 2 4 1 71   1   0
7  3 2 1 2 0    0   1
7  3 2 3 4 71   1   0
7  3 3 3 1 0    0   1
8  1 1 2 1 44   0   1
8  1 2 1 1 44   0   1
8  1 2 2 3 38   1   0
8  2 2 1 2 44   0   1
8  2 2 3 2 38   1   0
9  1 1 2 3 34   1   0
9  1 3 2 1 1    0   1
9  1 3 3 3 34   1   0
9  3 3 1 2 1    0   1
9  3 3 3 4 34   1   0
9  3 6 2 1 1    0   1
9  3 6 4 2 34   1   0
9  4 4 2 3 34   1   0
9  4 4 4 3 1    0   1
9  5 4 1 2 34   1   0
9  5 4 3 4 1    0   1
9  5 5 2 1 34   1   0
9  5 5 4 3 1    0   1
9  6 5 2 2 34   1   0
9  6 5 3 4 1    0   1
9  6 6 1 3 1    0   1
10 5 5 4 2 61   0   1
10 6 5 2 2 5    1   0
10 6 5 3 4 61   0   1
10 6 6 1 2 5    1   0
10 6 6 1 3 61   0   1
11 4 4 2 1 14   1   0
11 4 4 2 4 55   0   1
11 4 4 4 1 55   0   1
12 4 4 1 2 48   0   1
12 4 4 1 4 6    1   0
12 4 5 2 1 48   0   1
12 4 5 4 3 6    1   0
12 5 5 1 2 48   0   1
12 5 5 3 4 6    1   0
12 5 6 2 2 48   0   1
12 5 6 4 3 6    1   0
12 6 6 2 3 48   0   1
13 3 3 3 2 41   0   1
13 3 3 3 4 69   1   0
13 3 6 2 1 41   0   1
13 3 6 4 2 69   1   0
13 6 6 1 3 41   0   1
13 6 6 2 3 69   1   0
14 1 3 2 1 46   1   0
14 1 3 3 3 67   0   1
14 2 2 4 2 67   0   1
14 3 2 1 2 46   1   0
14 3 2 3 4 67   0   1
14 4 1 1 2 46   1   0
14 4 1 3 3 67   0   1
14 4 4 4 1 46   1   0
14 4 4 4 3 67   0   1
15 1 1 2 1 4    0   1
15 2 1 1 1 35   1   0
15 2 1 3 2 4    0   1
15 2 2 1 3 4    0   1
;

