Index = 463
_solve_time = 58069.9

:              xp  xb    :=
1  1 3 2 1 22   0   1
1  1 3 3 3 2    1   0
1  3 3 1 3 22   0   1
1  4 1 1 2 22   0   1
1  4 1 3 3 2    1   0
1  4 4 3 1 22   0   1
2  3 3 2 1 2    0   1
2  3 3 4 1 59   1   0
2  5 5 1 2 59   1   0
2  5 5 1 4 2    0   1
2  5 6 2 2 59   1   0
2  5 6 4 3 2    0   1
2  6 3 1 2 2    0   1
2  6 3 2 4 59   1   0
2  6 6 3 1 2    0   1
3  2 2 4 2 71   0   1
3  2 3 2 1 71   0   1
3  2 3 4 3 57   1   0
3  3 3 1 2 71   0   1
3  3 3 3 2 57   1   0
4  1 1 2 3 60   0   1
4  4 1 1 2 60   0   1
4  4 1 3 3 57   1   0
4  4 4 2 1 60   0   1
4  4 4 2 3 57   1   0
5  3 3 1 2 56   0   1
5  3 3 1 4 22   1   0
5  3 6 2 1 56   0   1
5  3 6 4 2 22   1   0
5  4 4 2 1 22   1   0
5  4 4 4 1 56   0   1
5  5 4 1 2 22   1   0
5  5 4 3 4 56   0   1
5  5 5 2 1 22   1   0
5  5 5 4 3 56   0   1
5  6 5 2 2 22   1   0
5  6 5 3 4 56   0   1
5  6 6 1 3 56   0   1
6  2 2 4 2 49   0   1
6  2 3 2 1 49   0   1
6  2 3 4 3 30   1   0
6  3 3 1 4 49   0   1
6  3 3 3 2 30   1   0
6  3 6 2 1 30   1   0
6  3 6 4 2 49   0   1
6  4 4 2 3 49   0   1
6  4 4 4 3 30   1   0
6  5 4 1 2 49   0   1
6  5 4 3 4 30   1   0
6  5 5 2 1 49   0   1
6  5 5 4 3 30   1   0
6  6 5 2 2 49   0   1
6  6 5 3 4 30   1   0
6  6 6 1 3 30   1   0
7  3 3 2 3 69   0   1
7  3 3 4 3 0    1   0
7  6 3 1 2 69   0   1
7  6 3 2 4 0    1   0
7  6 6 3 1 69   0   1
7  6 6 3 2 0    1   0
8  3 3 2 4 6    1   0
8  3 6 2 1 3    0   1
8  3 6 4 2 6    1   0
8  4 4 2 3 6    1   0
8  4 4 4 3 3    0   1
8  5 4 1 2 6    1   0
8  5 4 3 4 3    0   1
8  5 5 2 1 6    1   0
8  5 5 4 3 3    0   1
8  6 5 2 2 6    1   0
8  6 5 3 4 3    0   1
8  6 6 1 3 3    0   1
9  1 1 2 3 2    0   1
9  4 1 1 2 2    0   1
9  4 1 3 3 16   1   0
9  4 4 2 1 2    0   1
9  4 4 2 3 16   1   0
10 1 1 3 2 35   1   0
10 4 1 1 2 37   0   1
10 4 1 3 3 35   1   0
10 4 4 2 1 37   0   1
10 4 4 4 3 35   1   0
10 5 4 1 2 37   0   1
10 5 4 3 4 35   1   0
10 5 5 2 3 35   1   0
10 5 5 4 1 37   0   1
10 6 5 2 2 35   1   0
10 6 5 3 4 37   0   1
10 6 6 2 3 37   0   1
11 6 6 2 1 3    0   1
11 6 6 3 1 0    1   0
11 6 6 3 2 3    0   1
12 1 1 2 3 26   1   0
12 4 1 1 2 26   1   0
12 4 1 3 3 54   0   1
12 4 4 1 3 54   0   1
13 1 1 3 1 48   0   1
13 1 2 1 1 48   0   1
13 1 2 2 3 17   1   0
13 2 2 1 3 48   0   1
13 4 1 1 2 17   1   0
13 4 1 3 3 48   0   1
13 4 4 3 1 17   1   0
14 2 2 1 2 31   1   0
14 2 2 1 4 70   0   1
14 2 3 2 1 31   1   0
14 2 3 4 3 70   0   1
14 3 3 1 4 31   1   0
14 3 3 3 2 70   0   1
14 3 6 2 1 70   0   1
14 3 6 4 2 31   1   0
14 5 5 2 3 31   1   0
14 5 5 4 3 70   0   1
14 6 5 2 2 31   1   0
14 6 5 3 4 70   0   1
14 6 6 1 3 70   0   1
15 2 2 1 3 19   0   1
15 2 2 2 1 19   0   1
15 2 2 2 3 53   1   0
;

