Index = 279
_solve_time = 14872.6

:              xp  xb    :=
1  5 5 2 4 0    1   0
1  6 5 2 2 0    1   0
1  6 5 3 4 69   0   1
1  6 6 2 3 69   0   1
2  4 4 4 2 49   0   1
2  4 5 2 1 49   0   1
2  4 5 4 3 22   1   0
2  5 5 1 2 49   0   1
2  5 5 3 4 22   1   0
2  5 6 2 2 49   0   1
2  5 6 4 3 22   1   0
2  6 6 3 2 22   1   0
3  3 3 4 2 47   0   1
3  3 6 2 1 47   0   1
3  3 6 4 2 14   1   0
3  4 4 2 1 47   0   1
3  4 4 4 1 14   1   0
3  5 4 1 2 47   0   1
3  5 4 3 4 14   1   0
3  5 5 2 3 14   1   0
3  5 5 4 1 47   0   1
3  6 5 2 2 14   1   0
3  6 5 3 4 47   0   1
3  6 6 1 3 47   0   1
4  2 2 4 2 48   0   1
4  3 2 1 2 48   1   0
4  3 2 3 4 48   0   1
4  3 3 4 1 48   1   0
4  3 3 4 3 48   0   1
5  1 1 3 1 0    1   0
5  1 2 1 1 0    1   0
5  1 2 2 3 62   0   1
5  2 2 3 1 62   0   1
5  4 1 1 2 62   0   1
5  4 1 3 3 0    1   0
5  4 4 2 1 62   0   1
5  4 4 4 3 0    1   0
5  5 4 1 2 62   0   1
5  5 4 3 4 0    1   0
5  5 5 3 1 62   0   1
6  3 3 3 2 0    0   1
6  3 3 3 4 47   1   0
6  3 6 2 1 0    0   1
6  3 6 4 2 47   1   0
6  5 5 2 4 47   1   0
6  6 5 2 2 47   1   0
6  6 5 3 4 0    0   1
6  6 6 1 3 0    0   1
7  6 6 1 2 74   1   0
7  6 6 1 3 16   0   1
7  6 6 3 2 16   0   1
8  3 3 2 4 55   0   1
8  3 6 2 1 23   1   0
8  3 6 4 2 55   0   1
8  6 6 2 1 55   0   1
9  1 1 2 1 50   1   0
9  1 1 3 1 22   0   1
9  4 1 1 2 50   1   0
9  4 1 3 3 22   0   1
9  4 4 1 3 22   0   1
10 1 1 2 1 72   1   0
10 1 1 3 1 27   0   1
10 4 1 1 2 72   1   0
10 4 1 3 3 27   0   1
10 4 4 1 3 27   0   1
11 2 2 2 3 0    1   0
11 2 2 4 3 73   0   1
11 3 2 1 2 0    1   0
11 3 2 3 4 73   0   1
11 3 3 2 1 0    1   0
11 3 3 4 3 73   0   1
11 6 3 1 2 0    1   0
11 6 3 2 4 73   0   1
11 6 6 3 1 0    1   0
11 6 6 3 2 73   0   1
12 5 5 3 2 48   1   0
12 5 5 3 4 0    0   1
12 5 5 4 2 0    0   1
13 4 4 4 2 22   1   0
13 4 5 2 1 22   1   0
13 4 5 4 3 49   0   1
13 5 5 3 1 49   0   1
14 4 4 4 2 31   0   1
14 4 5 2 1 31   0   1
14 4 5 4 3 1    1   0
14 5 5 1 4 31   0   1
14 5 5 3 2 1    1   0
14 5 6 2 2 1    1   0
14 5 6 4 3 31   0   1
14 6 6 3 2 31   0   1
15 1 1 3 1 19   1   0
15 1 2 1 1 19   1   0
15 1 2 2 3 44   0   1
15 2 2 3 1 44   0   1
15 4 1 1 2 44   0   1
15 4 1 3 3 19   1   0
15 4 4 3 1 44   0   1
;

