Index = 244
_solve_time = 10222.3

:              xp  xb    :=
1  3 3 2 3 2    1   0
1  3 3 4 3 0    0   1
1  6 3 1 2 2    1   0
1  6 3 2 4 0    0   1
1  6 6 1 2 0    0   1
2  1 3 2 1 53   1   0
2  1 3 3 3 5    0   1
2  2 2 4 2 5    0   1
2  3 2 1 2 53   1   0
2  3 2 3 4 5    0   1
2  4 1 1 2 53   1   0
2  4 1 3 3 5    0   1
2  4 4 2 1 53   1   0
2  4 4 2 3 5    0   1
3  1 1 2 1 33   0   1
3  2 1 1 1 22   1   0
3  2 1 3 2 33   0   1
3  2 2 2 1 22   1   0
3  2 2 4 3 33   0   1
3  3 2 1 2 22   1   0
3  3 2 3 4 33   0   1
3  3 3 2 1 22   1   0
3  3 3 4 3 33   0   1
3  6 3 1 2 22   1   0
3  6 3 2 4 33   0   1
3  6 6 1 2 33   0   1
4  3 3 2 1 24   1   0
4  3 3 2 3 24   0   1
4  3 3 3 1 24   0   1
5  1 1 2 3 22   0   1
5  4 1 1 2 22   0   1
5  4 1 3 3 10   1   0
5  4 4 2 1 22   0   1
5  4 4 4 3 10   1   0
5  5 4 1 2 22   0   1
5  5 4 3 4 10   1   0
5  5 5 1 3 10   1   0
6  1 3 2 1 0    1   0
6  1 3 3 3 43   0   1
6  3 3 1 2 0    1   0
6  3 3 3 2 43   0   1
6  4 1 1 2 0    1   0
6  4 1 3 3 43   0   1
6  4 4 4 1 0    1   0
6  4 4 4 3 43   0   1
7  4 4 3 2 0    1   0
7  4 4 3 4 33   0   1
7  4 5 2 1 0    1   0
7  4 5 4 3 33   0   1
7  5 5 1 2 0    1   0
7  5 5 3 4 33   0   1
7  5 6 2 2 0    1   0
7  5 6 4 3 33   0   1
7  6 6 3 2 33   0   1
8  2 2 1 2 53   0   1
8  2 2 4 1 53   0   1
8  2 2 4 2 64   1   0
9  2 2 4 2 9    0   1
9  2 3 2 1 9    0   1
9  2 3 4 3 62   1   0
9  3 3 1 4 9    0   1
9  3 3 3 4 62   1   0
10 2 2 2 3 66   1   0
10 2 2 4 3 35   0   1
10 3 2 1 2 66   1   0
10 3 2 3 4 35   0   1
10 3 3 1 3 35   0   1
11 5 5 2 1 0    0   1
11 5 5 4 1 54   1   0
11 6 5 2 2 0    0   1
11 6 5 3 4 54   1   0
11 6 6 3 2 0    0   1
12 2 2 1 2 42   1   0
12 2 2 1 4 13   0   1
12 2 3 2 1 42   1   0
12 2 3 4 3 13   0   1
12 3 3 3 1 13   0   1
13 1 1 1 2 4    0   1
13 1 2 1 1 67   1   0
13 1 2 2 3 4    0   1
13 2 2 1 3 67   1   0
14 3 3 1 3 43   0   1
14 3 3 2 1 43   0   1
14 3 3 2 3 58   1   0
15 2 2 1 2 6    1   0
15 2 2 1 4 55   0   1
15 2 3 2 1 6    1   0
15 2 3 4 3 55   0   1
15 3 3 1 2 6    1   0
15 3 3 3 4 55   0   1
15 3 6 2 1 6    1   0
15 3 6 4 2 55   0   1
15 6 6 2 1 55   0   1
;

