Index = 334
_solve_time = 2448.38

:              xp  xb    :=
1  2 2 1 2 34   0   1
1  2 2 1 4 51   1   0
1  2 3 2 1 34   0   1
1  2 3 4 3 51   1   0
1  3 3 1 2 34   0   1
1  3 3 3 2 51   1   0
2  1 3 2 1 57   0   1
2  1 3 3 3 0    1   0
2  3 3 1 2 57   0   1
2  3 3 3 2 0    1   0
2  4 1 1 2 57   0   1
2  4 1 3 3 0    1   0
2  4 4 3 1 57   0   1
3  4 4 2 3 20   0   1
3  4 4 4 3 5    1   0
3  5 4 1 2 20   0   1
3  5 4 3 4 5    1   0
3  5 5 4 1 20   0   1
3  5 5 4 3 5    1   0
4  2 2 3 2 9    0   1
4  2 2 3 4 0    1   0
4  2 3 2 1 9    0   1
4  2 3 4 3 0    1   0
4  3 3 1 4 9    0   1
4  3 3 3 4 0    1   0
5  4 4 2 4 32   0   1
5  5 4 1 2 32   0   1
5  5 4 3 4 20   1   0
5  5 5 2 1 32   0   1
5  5 5 2 3 20   1   0
6  2 2 2 3 0    1   0
6  2 2 4 3 1    0   1
6  3 2 1 2 0    1   0
6  3 2 3 4 1    0   1
6  3 3 2 1 0    1   0
6  3 3 4 3 1    0   1
6  6 3 1 2 0    1   0
6  6 3 2 4 1    0   1
6  6 6 3 1 0    1   0
6  6 6 3 2 1    0   1
7  4 4 3 2 15   0   1
7  4 4 3 4 0    1   0
7  4 5 2 1 15   0   1
7  4 5 4 3 0    1   0
7  5 5 1 4 15   0   1
7  5 5 3 4 0    1   0
8  4 4 1 4 31   0   1
8  4 4 2 1 31   0   1
8  4 4 2 4 22   1   0
9  4 4 4 2 59   0   1
9  5 4 1 2 1    1   0
9  5 4 3 4 59   0   1
9  5 5 2 1 1    1   0
9  5 5 4 3 59   0   1
9  6 5 2 2 1    1   0
9  6 5 3 4 59   0   1
9  6 6 1 2 1    1   0
9  6 6 1 3 59   0   1
10 1 1 1 2 39   0   1
10 2 1 1 1 39   0   1
10 2 1 3 2 67   1   0
10 2 2 2 1 39   0   1
10 2 2 4 3 67   1   0
10 3 2 1 2 39   0   1
10 3 2 3 4 67   1   0
10 3 3 3 1 39   0   1
11 1 1 1 2 72   0   1
11 1 1 1 3 10   1   0
11 1 3 2 1 72   0   1
11 1 3 3 3 10   1   0
11 3 3 1 4 72   0   1
11 3 3 3 2 10   1   0
11 3 6 2 1 10   1   0
11 3 6 4 2 72   0   1
11 6 6 1 3 10   1   0
11 6 6 2 3 72   0   1
12 3 3 1 2 24   1   0
12 3 3 1 3 71   0   1
12 3 3 3 2 71   0   1
13 4 4 4 2 9    0   1
13 5 4 1 2 68   1   0
13 5 4 3 4 9    0   1
13 5 5 2 3 9    0   1
13 5 5 4 1 68   1   0
13 6 5 2 2 9    0   1
13 6 5 3 4 68   1   0
13 6 6 2 3 68   1   0
14 2 2 4 2 39   0   1
14 2 3 2 1 39   0   1
14 2 3 4 3 44   1   0
14 3 3 1 2 39   0   1
14 3 3 3 4 44   1   0
14 3 6 2 1 39   0   1
14 3 6 4 2 44   1   0
14 6 6 1 2 39   0   1
15 1 1 1 2 66   1   0
15 1 1 1 3 26   0   1
15 1 3 2 1 66   1   0
15 1 3 3 3 26   0   1
15 3 3 1 4 66   1   0
15 3 3 3 2 26   0   1
15 3 6 2 1 26   0   1
15 3 6 4 2 66   1   0
15 5 5 2 1 66   1   0
15 5 5 4 1 26   0   1
15 6 5 2 2 66   1   0
15 6 5 3 4 26   0   1
15 6 6 1 3 26   0   1
;

