Index = 381
_solve_time = 6723.57

:              xp  xb    :=
1  1 1 3 1 18   0   1
1  1 2 1 1 18   0   1
1  1 2 2 3 65   1   0
1  2 2 1 4 18   0   1
1  2 2 3 4 65   1   0
1  4 1 1 2 65   1   0
1  4 1 3 3 18   0   1
1  4 4 4 1 65   1   0
1  4 4 4 3 18   0   1
2  1 1 3 2 14   0   1
2  1 3 2 1 14   0   1
2  1 3 3 3 4    1   0
2  3 3 1 3 14   0   1
3  2 2 3 2 30   1   0
3  2 2 3 4 7    0   1
3  2 3 2 1 30   1   0
3  2 3 4 3 7    0   1
3  3 3 1 4 30   1   0
3  3 3 3 2 7    0   1
3  3 6 2 1 7    0   1
3  3 6 4 2 30   1   0
3  5 5 2 3 30   1   0
3  5 5 4 3 7    0   1
3  6 5 2 2 30   1   0
3  6 5 3 4 7    0   1
3  6 6 1 3 7    0   1
4  2 2 4 2 42   0   1
4  2 3 2 1 42   0   1
4  2 3 4 3 67   1   0
4  3 3 1 4 42   0   1
4  3 3 3 2 67   1   0
4  3 6 2 1 67   1   0
4  3 6 4 2 42   0   1
4  4 4 2 1 67   1   0
4  4 4 4 1 42   0   1
4  5 4 1 2 67   1   0
4  5 4 3 4 42   0   1
4  5 5 2 3 42   0   1
4  5 5 4 1 67   1   0
4  6 5 2 2 42   0   1
4  6 5 3 4 67   1   0
4  6 6 1 3 67   1   0
5  3 3 1 2 46   0   1
5  3 3 1 4 0    1   0
5  3 6 2 1 46   0   1
5  3 6 4 2 0    1   0
5  5 5 4 2 46   0   1
5  6 5 2 2 0    1   0
5  6 5 3 4 46   0   1
5  6 6 1 3 46   0   1
6  2 2 4 2 33   0   1
6  2 3 2 1 33   0   1
6  2 3 4 3 0    1   0
6  3 3 1 4 33   0   1
6  3 3 3 2 0    1   0
6  3 6 2 1 0    1   0
6  3 6 4 2 33   0   1
6  5 5 2 3 33   0   1
6  5 5 4 3 0    1   0
6  6 5 2 2 33   0   1
6  6 5 3 4 0    1   0
6  6 6 1 3 0    1   0
7  1 1 2 3 43   0   1
7  1 3 2 1 48   1   0
7  1 3 3 3 43   0   1
7  3 3 1 4 48   1   0
7  3 3 3 2 43   0   1
7  3 6 2 1 43   0   1
7  3 6 4 2 48   1   0
7  4 4 2 3 43   0   1
7  4 4 4 3 48   1   0
7  5 4 1 2 43   0   1
7  5 4 3 4 48   1   0
7  5 5 2 3 48   1   0
7  5 5 4 1 43   0   1
7  6 5 2 2 48   1   0
7  6 5 3 4 43   0   1
7  6 6 1 3 43   0   1
8  1 1 2 1 54   1   0
8  1 1 3 1 8    0   1
8  4 1 1 2 54   1   0
8  4 1 3 3 8    0   1
8  4 4 4 1 54   1   0
8  4 4 4 3 8    0   1
9  4 4 1 2 0    0   1
9  4 4 3 1 0    0   1
9  4 4 3 2 13   1   0
10 1 1 3 1 57   0   1
10 1 2 1 1 57   0   1
10 1 2 2 3 3    1   0
10 2 2 1 4 57   0   1
10 2 2 3 4 3    1   0
10 4 1 1 2 3    1   0
10 4 1 3 3 57   0   1
10 4 4 2 1 3    1   0
10 4 4 2 3 57   0   1
11 1 1 3 2 52   0   1
11 1 3 2 1 52   0   1
11 1 3 3 3 39   1   0
11 3 3 1 4 52   0   1
11 3 3 3 4 39   1   0
12 1 1 3 1 44   1   0
12 1 2 1 1 44   1   0
12 1 2 2 3 14   0   1
12 2 2 1 2 44   1   0
12 2 2 3 2 14   0   1
12 4 1 1 2 14   0   1
12 4 1 3 3 44   1   0
12 4 4 3 1 14   0   1
13 1 1 2 1 16   0   1
13 2 1 1 1 69   1   0
13 2 1 3 2 16   0   1
13 2 2 2 3 16   0   1
13 2 2 4 1 69   1   0
13 3 2 1 2 16   0   1
13 3 2 3 4 69   1   0
13 3 3 2 1 16   0   1
13 3 3 4 3 69   1   0
13 6 3 1 2 16   0   1
13 6 3 2 4 69   1   0
13 6 6 2 1 16   0   1
14 2 2 2 1 63   1   0
14 2 2 2 4 0    0   1
14 2 2 4 1 0    0   1
15 4 4 2 3 39   0   1
15 4 4 4 3 64   1   0
15 5 4 1 2 39   0   1
15 5 4 3 4 64   1   0
15 5 5 4 1 39   0   1
15 5 5 4 3 64   1   0
;

