Index = 389
_solve_time = 32450.6

:              xp  xb    :=
1  3 3 2 4 33   0   1
1  5 5 1 2 18   1   0
1  5 5 1 4 33   0   1
1  5 6 2 2 18   1   0
1  5 6 4 3 33   0   1
1  6 3 1 2 33   0   1
1  6 3 2 4 18   1   0
1  6 6 3 1 33   0   1
2  1 1 1 2 29   0   1
2  1 1 1 3 32   1   0
2  1 3 2 1 29   0   1
2  1 3 3 3 32   1   0
2  3 3 1 4 29   0   1
2  3 3 3 2 32   1   0
2  3 6 2 1 32   1   0
2  3 6 4 2 29   0   1
2  6 6 1 3 32   1   0
2  6 6 2 3 29   0   1
3  1 1 3 2 49   1   0
3  4 1 1 2 51   0   1
3  4 1 3 3 49   1   0
3  4 4 3 1 51   0   1
4  2 2 2 4 49   0   1
4  2 3 2 1 0    1   0
4  2 3 4 3 49   0   1
4  3 3 3 1 49   0   1
5  1 1 1 2 45   0   1
5  1 2 1 1 61   1   0
5  1 2 2 3 45   0   1
5  2 2 3 1 45   0   1
6  2 2 2 1 22   0   1
6  2 2 4 1 18   1   0
6  3 2 1 2 22   0   1
6  3 2 3 4 18   1   0
6  3 3 2 3 18   1   0
6  3 3 4 1 22   0   1
6  6 3 1 2 18   1   0
6  6 3 2 4 22   0   1
6  6 6 3 1 18   1   0
6  6 6 3 2 22   0   1
7  1 1 2 1 0    0   1
7  1 2 1 1 0    0   1
7  1 2 2 3 57   1   0
7  2 2 1 2 0    0   1
7  2 2 3 2 57   1   0
8  1 1 1 2 22   0   1
8  2 1 1 1 22   0   1
8  2 1 3 2 48   1   0
8  2 2 2 3 48   1   0
8  2 2 4 1 22   0   1
8  3 2 1 2 48   1   0
8  3 2 3 4 22   0   1
8  3 3 1 3 22   0   1
9  3 3 2 1 0    1   0
9  3 3 4 1 73   0   1
9  5 5 4 2 73   0   1
9  5 6 2 2 73   0   1
9  5 6 4 3 0    1   0
9  6 3 1 2 0    1   0
9  6 3 2 4 73   0   1
9  6 6 3 1 0    1   0
10 1 1 1 3 0    0   1
10 1 1 2 3 5    1   0
10 2 1 1 1 0    0   1
10 2 1 3 2 5    1   0
10 2 2 3 1 0    0   1
11 3 3 2 4 22   1   0
11 3 6 2 1 0    0   1
11 3 6 4 2 22   1   0
11 5 5 4 2 0    0   1
11 6 5 2 2 22   1   0
11 6 5 3 4 0    0   1
11 6 6 1 3 0    0   1
12 4 4 4 2 0    0   1
12 5 4 1 2 47   1   0
12 5 4 3 4 0    0   1
12 5 5 2 1 47   1   0
12 5 5 2 3 0    0   1
13 3 3 2 4 0    0   1
13 3 6 2 1 58   1   0
13 3 6 4 2 0    0   1
13 4 4 2 4 0    0   1
13 5 4 1 2 0    0   1
13 5 4 3 4 58   1   0
13 5 5 2 1 0    0   1
13 5 5 4 3 58   1   0
13 6 5 2 2 0    0   1
13 6 5 3 4 58   1   0
13 6 6 1 3 58   1   0
14 1 1 3 1 73   1   0
14 1 2 1 1 73   1   0
14 1 2 2 3 73   0   1
14 2 2 3 1 73   0   1
14 4 1 1 2 73   0   1
14 4 1 3 3 73   1   0
14 4 4 3 1 73   0   1
15 1 1 2 3 42   0   1
15 1 3 2 1 50   1   0
15 1 3 3 3 42   0   1
15 3 3 1 2 50   1   0
15 3 3 3 4 42   0   1
15 3 6 2 1 50   1   0
15 3 6 4 2 42   0   1
15 4 4 2 4 42   0   1
15 5 4 1 2 42   0   1
15 5 4 3 4 50   1   0
15 5 5 2 1 42   0   1
15 5 5 4 3 50   1   0
15 6 5 2 2 42   0   1
15 6 5 3 4 50   1   0
15 6 6 1 3 50   1   0
;

