Index = 327
_solve_time = 2629.15

:              xp  xb    :=
1  1 1 3 2 69   0   1
1  1 3 2 1 69   0   1
1  1 3 3 3 0    1   0
1  3 3 1 2 69   0   1
1  3 3 3 2 0    1   0
2  3 3 2 4 47   1   0
2  3 6 2 1 43   0   1
2  3 6 4 2 47   1   0
2  5 5 4 2 43   0   1
2  6 5 2 2 47   1   0
2  6 5 3 4 43   0   1
2  6 6 1 3 43   0   1
3  1 3 2 1 2    1   0
3  1 3 3 3 49   0   1
3  3 3 3 1 49   0   1
3  4 1 1 2 2    1   0
3  4 1 3 3 49   0   1
3  4 4 1 3 49   0   1
4  2 2 2 4 0    1   0
4  2 3 2 1 0    0   1
4  2 3 4 3 0    1   0
4  3 3 1 3 0    0   1
5  3 3 1 2 1    0   1
5  3 3 1 4 0    1   0
5  3 6 2 1 1    0   1
5  3 6 4 2 0    1   0
5  4 4 2 3 1    0   1
5  4 4 4 3 0    1   0
5  5 4 1 2 1    0   1
5  5 4 3 4 0    1   0
5  5 5 2 3 0    1   0
5  5 5 4 1 1    0   1
5  6 5 2 2 0    1   0
5  6 5 3 4 1    0   1
5  6 6 1 3 1    0   1
6  2 2 2 4 32   0   1
6  2 3 2 1 8    1   0
6  2 3 4 3 32   0   1
6  3 3 1 2 8    1   0
6  3 3 3 2 32   0   1
7  5 5 2 1 0    1   0
7  5 5 2 3 5    0   1
7  5 5 3 1 5    0   1
8  1 1 1 2 63   1   0
8  1 1 1 3 27   0   1
8  1 3 2 1 63   1   0
8  1 3 3 3 27   0   1
8  3 3 1 2 63   1   0
8  3 3 3 2 27   0   1
9  2 2 1 2 60   1   0
9  2 2 1 4 42   0   1
9  2 3 2 1 60   1   0
9  2 3 4 3 42   0   1
9  3 3 1 2 60   1   0
9  3 3 3 4 42   0   1
9  3 6 2 1 60   1   0
9  3 6 4 2 42   0   1
9  6 6 1 3 60   1   0
9  6 6 2 3 42   0   1
10 3 3 2 3 20   0   1
10 3 3 2 4 4    1   0
10 3 3 3 4 20   0   1
11 1 1 1 3 0    1   0
11 1 1 2 3 1    0   1
11 2 1 1 1 0    1   0
11 2 1 3 2 1    0   1
11 2 2 4 1 0    1   0
11 2 2 4 3 1    0   1
12 1 1 3 1 0    1   0
12 1 2 1 1 0    1   0
12 1 2 2 3 59   0   1
12 2 2 1 2 0    1   0
12 2 2 3 2 59   0   1
12 4 1 1 2 59   0   1
12 4 1 3 3 0    1   0
12 4 4 3 1 59   0   1
13 1 1 3 1 12   1   0
13 1 1 3 2 10   0   1
13 1 2 1 1 12   1   0
13 1 2 2 3 10   0   1
13 2 2 1 4 12   1   0
13 2 2 3 4 10   0   1
14 2 2 2 3 71   0   1
14 2 2 4 3 40   1   0
14 3 2 1 2 71   0   1
14 3 2 3 4 40   1   0
14 3 3 2 3 40   1   0
14 3 3 4 1 71   0   1
14 6 3 1 2 40   1   0
14 6 3 2 4 71   0   1
14 6 6 1 2 71   0   1
15 3 3 3 2 63   0   1
15 3 3 3 4 25   1   0
15 3 6 2 1 63   0   1
15 3 6 4 2 25   1   0
15 4 4 2 1 63   0   1
15 4 4 4 1 25   1   0
15 5 4 1 2 63   0   1
15 5 4 3 4 25   1   0
15 5 5 2 3 25   1   0
15 5 5 4 1 63   0   1
15 6 5 2 2 25   1   0
15 6 5 3 4 63   0   1
15 6 6 1 3 63   0   1
;

