Index = 399
_solve_time = 13097.6

:              xp  xb    :=
1  2 2 2 1 15   1   0
1  2 2 4 1 39   0   1
1  3 2 1 2 15   1   0
1  3 2 3 4 39   0   1
1  3 3 1 3 39   0   1
2  2 2 2 3 1    0   1
2  2 2 4 3 0    1   0
2  3 2 1 2 1    0   1
2  3 2 3 4 0    1   0
2  3 3 2 3 0    1   0
2  3 3 4 1 1    0   1
2  6 3 1 2 0    1   0
2  6 3 2 4 1    0   1
2  6 6 1 2 1    0   1
3  1 1 2 1 8    1   0
3  1 1 2 3 2    0   1
3  1 1 3 1 2    0   1
4  2 2 1 2 69   0   1
4  2 2 1 4 50   1   0
4  2 3 2 1 69   0   1
4  2 3 4 3 50   1   0
4  3 3 1 2 69   0   1
4  3 3 3 4 50   1   0
4  3 6 2 1 69   0   1
4  3 6 4 2 50   1   0
4  4 4 2 1 50   1   0
4  4 4 4 1 69   0   1
4  5 4 1 2 50   1   0
4  5 4 3 4 69   0   1
4  5 5 2 1 50   1   0
4  5 5 4 3 69   0   1
4  6 5 2 2 50   1   0
4  6 5 3 4 69   0   1
4  6 6 1 3 69   0   1
5  3 3 1 2 66   0   1
5  3 3 1 4 57   1   0
5  3 6 2 1 66   0   1
5  3 6 4 2 57   1   0
5  6 6 1 2 66   0   1
6  2 2 3 2 59   0   1
6  2 2 3 4 0    1   0
6  2 3 2 1 59   0   1
6  2 3 4 3 0    1   0
6  3 3 1 2 59   0   1
6  3 3 3 4 0    1   0
6  3 6 2 1 59   0   1
6  3 6 4 2 0    1   0
6  5 5 2 1 0    1   0
6  5 5 4 1 59   0   1
6  6 5 2 2 0    1   0
6  6 5 3 4 59   0   1
6  6 6 1 3 59   0   1
7  2 2 1 2 17   0   1
7  2 2 1 4 63   1   0
7  2 3 2 1 17   0   1
7  2 3 4 3 63   1   0
7  3 3 1 2 17   0   1
7  3 3 3 4 63   1   0
7  3 6 2 1 17   0   1
7  3 6 4 2 63   1   0
7  4 4 4 2 17   0   1
7  5 4 1 2 63   1   0
7  5 4 3 4 17   0   1
7  5 5 2 1 63   1   0
7  5 5 4 3 17   0   1
7  6 5 2 2 63   1   0
7  6 5 3 4 17   0   1
7  6 6 1 3 17   0   1
8  2 2 1 2 0    1   0
8  2 2 1 4 57   0   1
8  2 3 2 1 0    1   0
8  2 3 4 3 57   0   1
8  3 3 1 4 0    1   0
8  3 3 3 4 57   0   1
9  2 2 4 2 8    0   1
9  2 3 2 1 8    0   1
9  2 3 4 3 25   1   0
9  3 3 1 3 8    0   1
10 1 1 3 2 14   0   1
10 4 1 1 2 47   1   0
10 4 1 3 3 14   0   1
10 4 4 2 3 14   0   1
10 4 4 4 1 47   1   0
10 5 4 1 2 14   0   1
10 5 4 3 4 47   1   0
10 5 5 1 3 47   1   0
11 4 4 2 4 2    0   1
11 5 4 1 2 2    0   1
11 5 4 3 4 2    1   0
11 5 5 3 1 2    0   1
12 1 1 2 1 17   1   0
12 1 1 3 1 20   0   1
12 4 1 1 2 17   1   0
12 4 1 3 3 20   0   1
12 4 4 2 1 17   1   0
12 4 4 4 3 20   0   1
12 5 4 1 2 17   1   0
12 5 4 3 4 20   0   1
12 5 5 1 3 20   0   1
13 3 3 2 4 19   1   0
13 3 6 2 1 52   0   1
13 3 6 4 2 19   1   0
13 4 4 4 2 52   0   1
13 5 4 1 2 19   1   0
13 5 4 3 4 52   0   1
13 5 5 2 1 19   1   0
13 5 5 4 3 52   0   1
13 6 5 2 2 19   1   0
13 6 5 3 4 52   0   1
13 6 6 1 3 52   0   1
14 5 5 3 2 1    1   0
14 5 5 3 4 6    0   1
14 5 5 4 2 6    0   1
15 1 1 3 2 7    0   1
15 4 1 1 2 0    1   0
15 4 1 3 3 7    0   1
15 4 4 2 3 7    0   1
15 4 4 4 1 0    1   0
15 5 4 1 2 7    0   1
15 5 4 3 4 0    1   0
15 5 5 1 3 0    1   0
;

