Index = 352
_solve_time = 2294.25

:              xp  xb    :=
1  1 1 3 2 47   0   1
1  4 1 1 2 52   1   0
1  4 1 3 3 47   0   1
1  4 4 2 1 52   1   0
1  4 4 2 3 47   0   1
2  2 2 4 2 47   1   0
2  3 2 1 2 34   0   1
2  3 2 3 4 47   1   0
2  3 3 2 3 47   1   0
2  3 3 4 1 34   0   1
2  6 3 1 2 47   1   0
2  6 3 2 4 34   0   1
2  6 6 1 2 34   0   1
3  1 1 2 3 70   0   1
3  4 1 1 2 70   0   1
3  4 1 3 3 0    1   0
3  4 4 2 1 70   0   1
3  4 4 2 3 0    1   0
4  2 2 2 1 17   0   1
4  2 2 3 1 26   1   0
4  2 2 3 2 17   0   1
5  4 4 4 2 12   0   1
5  4 5 2 1 12   0   1
5  4 5 4 3 22   1   0
5  5 5 1 2 12   0   1
5  5 5 3 4 22   1   0
5  5 6 2 2 12   0   1
5  5 6 4 3 22   1   0
5  6 6 2 3 12   0   1
6  1 1 3 1 39   0   1
6  1 2 1 1 39   0   1
6  1 2 2 3 2    1   0
6  2 2 1 3 39   0   1
6  4 1 1 2 2    1   0
6  4 1 3 3 39   0   1
6  4 4 2 3 39   0   1
6  4 4 4 1 2    1   0
6  5 4 1 2 39   0   1
6  5 4 3 4 2    1   0
6  5 5 1 3 2    1   0
7  2 2 3 2 54   1   0
7  2 2 3 4 48   0   1
7  2 3 2 1 54   1   0
7  2 3 4 3 48   0   1
7  3 3 1 4 54   1   0
7  3 3 3 2 48   0   1
7  3 6 2 1 48   0   1
7  3 6 4 2 54   1   0
7  5 5 2 3 54   1   0
7  5 5 4 3 48   0   1
7  6 5 2 2 54   1   0
7  6 5 3 4 48   0   1
7  6 6 1 3 48   0   1
8  3 3 2 1 48   1   0
8  3 3 2 4 39   0   1
8  3 3 4 1 39   0   1
9  3 3 2 1 6    0   1
9  3 3 4 1 21   1   0
9  6 3 1 2 6    0   1
9  6 3 2 4 21   1   0
9  6 6 2 1 6    0   1
10 4 4 1 3 0    0   1
10 4 4 2 1 0    0   1
10 4 4 2 3 24   1   0
11 2 2 2 3 61   0   1
11 2 2 4 3 66   1   0
11 3 2 1 2 61   0   1
11 3 2 3 4 66   1   0
11 3 3 2 1 61   0   1
11 3 3 4 3 66   1   0
11 6 3 1 2 61   0   1
11 6 3 2 4 66   1   0
11 6 6 3 1 61   0   1
11 6 6 3 2 66   1   0
12 5 5 4 2 70   0   1
12 6 5 2 2 24   1   0
12 6 5 3 4 70   0   1
12 6 6 2 3 70   0   1
13 3 3 1 2 49   0   1
13 3 3 1 4 44   1   0
13 3 3 2 4 49   0   1
14 3 3 1 2 18   0   1
14 3 3 1 4 17   1   0
14 3 6 2 1 18   0   1
14 3 6 4 2 17   1   0
14 4 4 2 1 17   1   0
14 4 4 4 1 18   0   1
14 5 4 1 2 17   1   0
14 5 4 3 4 18   0   1
14 5 5 2 1 17   1   0
14 5 5 4 3 18   0   1
14 6 5 2 2 17   1   0
14 6 5 3 4 18   0   1
14 6 6 1 3 18   0   1
15 2 2 1 2 63   0   1
15 2 2 1 3 1    1   0
15 2 2 2 3 63   0   1
;

