Index = 272
_solve_time = 20144.7

:              xp  xb    :=
1  3 3 1 3 16   0   1
1  3 3 2 1 16   0   1
1  3 3 2 3 49   1   0
2  3 3 2 3 59   1   0
2  3 3 4 3 15   0   1
2  6 3 1 2 59   1   0
2  6 3 2 4 15   0   1
2  6 6 3 1 59   1   0
2  6 6 3 2 15   0   1
3  2 2 1 2 64   1   0
3  2 2 1 4 24   0   1
3  2 3 2 1 64   1   0
3  2 3 4 3 24   0   1
3  3 3 1 4 64   1   0
3  3 3 3 4 24   0   1
4  1 1 2 1 73   1   0
4  2 1 1 1 12   0   1
4  2 1 3 2 73   1   0
4  2 2 2 3 73   1   0
4  2 2 4 1 12   0   1
4  3 2 1 2 73   1   0
4  3 2 3 4 12   0   1
4  3 3 2 3 12   0   1
4  3 3 4 1 73   1   0
4  6 3 1 2 12   0   1
4  6 3 2 4 73   1   0
4  6 6 2 1 12   0   1
5  1 1 1 3 55   0   1
5  1 1 2 3 4    1   0
5  2 1 1 1 55   0   1
5  2 1 3 2 4    1   0
5  2 2 2 1 55   0   1
5  2 2 4 3 4    1   0
5  3 2 1 2 55   0   1
5  3 2 3 4 4    1   0
5  3 3 2 1 55   0   1
5  3 3 2 3 4    1   0
6  2 2 1 2 48   0   1
6  2 2 1 4 51   1   0
6  2 3 2 1 48   0   1
6  2 3 4 3 51   1   0
6  3 3 1 4 48   0   1
6  3 3 3 2 51   1   0
6  3 6 2 1 51   1   0
6  3 6 4 2 48   0   1
6  6 6 2 1 48   0   1
7  3 3 4 2 9    0   1
7  3 6 2 1 9    0   1
7  3 6 4 2 50   1   0
7  6 6 1 2 9    0   1
8  3 3 4 2 60   0   1
8  6 3 1 2 71   1   0
8  6 3 2 4 60   0   1
8  6 6 3 1 71   1   0
8  6 6 3 2 60   0   1
9  5 5 2 3 1    1   0
9  5 5 4 3 2    0   1
9  6 5 2 2 1    1   0
9  6 5 3 4 2    0   1
9  6 6 2 3 2    0   1
10 2 2 4 2 70   1   0
10 2 3 2 1 70   1   0
10 2 3 4 3 0    0   1
10 3 3 1 4 70   1   0
10 3 3 3 2 0    0   1
10 3 6 2 1 0    0   1
10 3 6 4 2 70   1   0
10 6 6 1 2 0    0   1
11 5 5 2 3 48   0   1
11 5 5 4 3 62   1   0
11 6 5 2 2 48   0   1
11 6 5 3 4 62   1   0
11 6 6 3 2 48   0   1
12 1 1 1 3 0    0   1
12 1 1 2 3 60   1   0
12 2 1 1 1 0    0   1
12 2 1 3 2 60   1   0
12 2 2 2 3 60   1   0
12 2 2 4 1 0    0   1
12 3 2 1 2 60   1   0
12 3 2 3 4 0    0   1
12 3 3 1 3 0    0   1
13 3 3 2 4 0    0   1
13 5 5 4 2 50   1   0
13 5 6 2 2 50   1   0
13 5 6 4 3 0    0   1
13 6 3 1 2 0    0   1
13 6 3 2 4 50   1   0
13 6 6 3 1 0    0   1
14 2 2 2 3 47   0   1
14 2 2 4 3 66   1   0
14 3 2 1 2 47   0   1
14 3 2 3 4 66   1   0
14 3 3 3 1 47   0   1
15 1 3 2 1 0    0   1
15 1 3 3 3 24   1   0
15 3 3 1 4 0    0   1
15 3 3 3 2 24   1   0
15 3 6 2 1 24   1   0
15 3 6 4 2 0    0   1
15 4 1 1 2 0    0   1
15 4 1 3 3 24   1   0
15 4 4 3 1 0    0   1
15 6 6 2 1 0    0   1
;

