Index = 339
_solve_time = 2556.53

:              xp  xb    :=
1  3 3 4 2 33   0   1
1  3 6 2 1 33   0   1
1  3 6 4 2 5    1   0
1  6 6 1 3 33   0   1
1  6 6 2 3 5    1   0
2  3 3 3 2 42   0   1
2  3 3 3 4 68   1   0
2  3 6 2 1 42   0   1
2  3 6 4 2 68   1   0
2  4 4 4 2 42   0   1
2  5 4 1 2 68   1   0
2  5 4 3 4 42   0   1
2  5 5 2 1 68   1   0
2  5 5 4 3 42   0   1
2  6 5 2 2 68   1   0
2  6 5 3 4 42   0   1
2  6 6 1 3 42   0   1
3  2 2 4 2 22   0   1
3  2 3 2 1 22   0   1
3  2 3 4 3 18   1   0
3  3 3 1 3 22   0   1
4  2 2 2 3 2    1   0
4  2 2 4 3 9    0   1
4  3 2 1 2 2    1   0
4  3 2 3 4 9    0   1
4  3 3 2 1 2    1   0
4  3 3 4 3 9    0   1
4  6 3 1 2 2    1   0
4  6 3 2 4 9    0   1
4  6 6 3 1 2    1   0
4  6 6 3 2 9    0   1
5  2 2 2 4 25   0   1
5  3 2 1 2 25   0   1
5  3 2 3 4 1    1   0
5  3 3 3 1 25   0   1
6  1 1 2 1 0    0   1
6  1 1 3 1 6    1   0
6  4 1 1 2 0    0   1
6  4 1 3 3 6    1   0
6  4 4 3 1 0    0   1
7  2 2 2 3 31   0   1
7  2 2 4 3 33   1   0
7  3 2 1 2 31   0   1
7  3 2 3 4 33   1   0
7  3 3 3 1 31   0   1
8  1 1 2 3 57   0   1
8  1 3 2 1 58   1   0
8  1 3 3 3 57   0   1
8  3 3 1 2 58   1   0
8  3 3 3 4 57   0   1
8  3 6 2 1 58   1   0
8  3 6 4 2 57   0   1
8  5 5 2 4 57   0   1
8  6 5 2 2 57   0   1
8  6 5 3 4 58   1   0
8  6 6 1 3 58   1   0
9  5 5 4 2 6    0   1
9  6 5 2 2 3    1   0
9  6 5 3 4 6    0   1
9  6 6 3 2 3    1   0
10 1 1 2 1 38   0   1
10 2 1 1 1 2    1   0
10 2 1 3 2 38   0   1
10 2 2 2 3 38   0   1
10 2 2 4 1 2    1   0
10 3 2 1 2 38   0   1
10 3 2 3 4 2    1   0
10 3 3 4 1 38   0   1
10 3 3 4 3 2    1   0
11 4 4 4 2 1    0   1
11 5 4 1 2 41   1   0
11 5 4 3 4 1    0   1
11 5 5 2 1 41   1   0
11 5 5 2 3 1    0   1
12 5 5 3 2 5    1   0
12 5 5 3 4 16   0   1
12 5 6 2 2 5    1   0
12 5 6 4 3 16   0   1
12 6 6 3 2 16   0   1
13 1 1 3 1 18   0   1
13 1 2 1 1 18   0   1
13 1 2 2 3 70   1   0
13 2 2 1 4 18   0   1
13 2 2 3 4 70   1   0
13 4 1 1 2 70   1   0
13 4 1 3 3 18   0   1
13 4 4 4 1 70   1   0
13 4 4 4 3 18   0   1
14 3 3 2 4 26   0   1
14 5 5 3 2 0    1   0
14 5 5 3 4 26   0   1
14 5 6 2 2 0    1   0
14 5 6 4 3 26   0   1
14 6 3 1 2 26   0   1
14 6 3 2 4 0    1   0
14 6 6 3 1 26   0   1
15 1 1 3 1 39   0   1
15 1 2 1 1 39   0   1
15 1 2 2 3 25   1   0
15 2 2 3 1 25   1   0
15 4 1 1 2 25   1   0
15 4 1 3 3 39   0   1
15 4 4 2 1 25   1   0
15 4 4 4 3 39   0   1
15 5 4 1 2 25   1   0
15 5 4 3 4 39   0   1
15 5 5 1 3 39   0   1
;

