Index = 255
_solve_time = 2668.57

:              xp  xb    :=
1  3 3 2 1 61   0   1
1  3 3 4 1 30   1   0
1  6 3 1 2 61   0   1
1  6 3 2 4 30   1   0
1  6 6 3 1 61   0   1
1  6 6 3 2 30   1   0
2  1 3 2 1 58   1   0
2  1 3 3 3 0    0   1
2  3 3 3 1 0    0   1
2  4 1 1 2 58   1   0
2  4 1 3 3 0    0   1
2  4 4 1 3 0    0   1
3  2 2 3 2 7    0   1
3  2 2 3 4 2    1   0
3  2 3 2 1 7    0   1
3  2 3 4 3 2    1   0
3  3 3 1 4 7    0   1
3  3 3 3 2 2    1   0
3  3 6 2 1 2    1   0
3  3 6 4 2 7    0   1
3  6 6 1 3 2    1   0
3  6 6 2 3 7    0   1
4  4 4 1 3 40   0   1
4  4 4 4 1 40   0   1
4  4 4 4 3 8    1   0
5  3 3 2 4 12   0   1
5  3 6 2 1 71   1   0
5  3 6 4 2 12   0   1
5  5 5 2 3 12   0   1
5  5 5 4 3 71   1   0
5  6 5 2 2 12   0   1
5  6 5 3 4 71   1   0
5  6 6 1 3 71   1   0
6  1 3 2 1 73   1   0
6  1 3 3 3 31   0   1
6  3 3 1 4 73   1   0
6  3 3 3 4 31   0   1
6  4 1 1 2 73   1   0
6  4 1 3 3 31   0   1
6  4 4 1 3 31   0   1
7  3 3 1 2 43   0   1
7  3 3 1 4 66   1   0
7  3 6 2 1 43   0   1
7  3 6 4 2 66   1   0
7  4 4 2 3 43   0   1
7  4 4 4 3 66   1   0
7  5 4 1 2 43   0   1
7  5 4 3 4 66   1   0
7  5 5 2 3 66   1   0
7  5 5 4 1 43   0   1
7  6 5 2 2 66   1   0
7  6 5 3 4 43   0   1
7  6 6 1 3 43   0   1
8  3 3 3 2 49   0   1
8  3 3 3 4 62   1   0
8  3 6 2 1 49   0   1
8  3 6 4 2 62   1   0
8  5 5 2 1 62   1   0
8  5 5 4 1 49   0   1
8  6 5 2 2 62   1   0
8  6 5 3 4 49   0   1
8  6 6 1 3 49   0   1
9  1 3 2 1 14   1   0
9  1 3 3 3 35   0   1
9  3 3 1 2 14   1   0
9  3 3 3 2 35   0   1
9  4 1 1 2 14   1   0
9  4 1 3 3 35   0   1
9  4 4 4 1 14   1   0
9  4 4 4 3 35   0   1
10 2 2 1 3 38   0   1
10 2 2 2 1 38   0   1
10 2 2 2 3 10   1   0
11 4 4 2 1 8    1   0
11 4 4 4 1 56   0   1
11 5 4 1 2 8    1   0
11 5 4 3 4 56   0   1
11 5 5 1 3 56   0   1
12 3 3 2 4 29   0   1
12 6 3 1 2 29   0   1
12 6 3 2 4 66   1   0
12 6 6 2 1 29   0   1
13 4 4 1 2 11   0   1
13 4 4 4 1 11   0   1
13 4 4 4 2 5    1   0
14 1 1 2 3 63   1   0
14 1 3 2 1 61   0   1
14 1 3 3 3 63   1   0
14 3 3 1 2 61   0   1
14 3 3 3 4 63   1   0
14 3 6 2 1 61   0   1
14 3 6 4 2 63   1   0
14 5 5 2 3 63   1   0
14 5 5 4 3 61   0   1
14 6 5 2 2 63   1   0
14 6 5 3 4 61   0   1
14 6 6 1 3 61   0   1
15 2 2 2 3 31   1   0
15 2 2 4 3 72   0   1
15 3 2 1 2 31   1   0
15 3 2 3 4 72   0   1
15 3 3 2 3 72   0   1
15 3 3 4 1 31   1   0
15 5 5 2 4 72   0   1
15 5 6 2 2 31   1   0
15 5 6 4 3 72   0   1
15 6 3 1 2 72   0   1
15 6 3 2 4 31   1   0
15 6 6 3 1 72   0   1
;

