Index = 378
_solve_time = 27860.3

:              xp  xb    :=
1  4 4 1 2 0    1   0
1  4 4 1 4 24   0   1
1  4 5 2 1 0    1   0
1  4 5 4 3 24   0   1
1  5 5 3 1 24   0   1
2  3 3 2 3 22   1   0
2  3 3 4 3 21   0   1
2  6 3 1 2 22   1   0
2  6 3 2 4 21   0   1
2  6 6 1 2 21   0   1
3  5 5 2 4 0    1   0
3  6 5 2 2 0    1   0
3  6 5 3 4 46   0   1
3  6 6 2 3 46   0   1
4  1 1 3 2 46   0   1
4  4 1 1 2 24   1   0
4  4 1 3 3 46   0   1
4  4 4 1 3 46   0   1
5  4 4 4 2 16   0   1
5  4 5 2 1 16   0   1
5  4 5 4 3 1    1   0
5  5 5 1 2 16   0   1
5  5 5 3 4 1    1   0
5  5 6 2 2 16   0   1
5  5 6 4 3 1    1   0
5  6 6 2 1 16   0   1
5  6 6 3 1 1    1   0
6  1 1 2 1 58   0   1
6  2 1 1 1 11   1   0
6  2 1 3 2 58   0   1
6  2 2 2 3 58   0   1
6  2 2 4 1 11   1   0
6  3 2 1 2 58   0   1
6  3 2 3 4 11   1   0
6  3 3 2 1 58   0   1
6  3 3 2 3 11   1   0
7  1 1 2 3 45   0   1
7  1 3 2 1 2    1   0
7  1 3 3 3 45   0   1
7  3 3 1 4 2    1   0
7  3 3 3 2 45   0   1
7  3 6 2 1 45   0   1
7  3 6 4 2 2    1   0
7  6 6 1 3 45   0   1
7  6 6 2 3 2    1   0
8  1 1 3 1 0    0   1
8  1 2 1 1 0    0   1
8  1 2 2 3 22   1   0
8  2 2 3 1 22   1   0
8  4 1 1 2 22   1   0
8  4 1 3 3 0    0   1
8  4 4 1 3 0    0   1
9  1 1 2 1 73   1   0
9  1 1 3 1 72   0   1
9  4 1 1 2 73   1   0
9  4 1 3 3 72   0   1
9  4 4 2 1 73   1   0
9  4 4 4 3 72   0   1
9  5 4 1 2 73   1   0
9  5 4 3 4 72   0   1
9  5 5 1 3 72   0   1
10 2 2 3 2 23   0   1
10 2 2 3 4 69   1   0
10 2 3 2 1 23   0   1
10 2 3 4 3 69   1   0
10 3 3 1 2 23   0   1
10 3 3 3 4 69   1   0
10 3 6 2 1 23   0   1
10 3 6 4 2 69   1   0
10 4 4 2 4 23   0   1
10 5 4 1 2 23   0   1
10 5 4 3 4 69   1   0
10 5 5 2 3 69   1   0
10 5 5 4 1 23   0   1
10 6 5 2 2 69   1   0
10 6 5 3 4 23   0   1
10 6 6 1 3 23   0   1
11 3 3 2 1 8    1   0
11 3 3 2 4 67   0   1
11 3 3 4 1 67   0   1
12 1 1 2 1 0    1   0
12 2 1 1 1 41   0   1
12 2 1 3 2 0    1   0
12 2 2 2 1 41   0   1
12 2 2 4 3 0    1   0
12 3 2 1 2 41   0   1
12 3 2 3 4 0    1   0
12 3 3 2 1 41   0   1
12 3 3 4 3 0    1   0
12 6 3 1 2 41   0   1
12 6 3 2 4 0    1   0
12 6 6 2 1 41   0   1
13 4 4 2 4 16   1   0
13 4 5 2 1 53   0   1
13 4 5 4 3 16   1   0
13 5 5 1 3 53   0   1
14 3 3 1 2 49   0   1
14 3 3 1 4 23   1   0
14 3 6 2 1 49   0   1
14 3 6 4 2 23   1   0
14 4 4 2 4 49   0   1
14 5 4 1 2 49   0   1
14 5 4 3 4 23   1   0
14 5 5 2 3 23   1   0
14 5 5 4 1 49   0   1
14 6 5 2 2 23   1   0
14 6 5 3 4 49   0   1
14 6 6 1 3 49   0   1
15 2 2 4 2 1    1   0
15 3 2 1 2 69   0   1
15 3 2 3 4 1    1   0
15 3 3 2 1 69   0   1
15 3 3 4 3 1    1   0
15 5 5 1 2 1    1   0
15 5 5 1 4 69   0   1
15 5 6 2 2 1    1   0
15 5 6 4 3 69   0   1
15 6 3 1 2 69   0   1
15 6 3 2 4 1    1   0
15 6 6 3 1 69   0   1
;

