Index = 353
_solve_time = 4695.27

:              xp  xb    :=
1  4 4 2 1 0    1   0
1  4 4 4 1 7    0   1
1  5 4 1 2 0    1   0
1  5 4 3 4 7    0   1
1  5 5 2 1 0    1   0
1  5 5 4 3 7    0   1
1  6 5 2 2 0    1   0
1  6 5 3 4 7    0   1
1  6 6 2 3 7    0   1
2  2 2 4 2 0    1   0
2  3 2 1 2 38   0   1
2  3 2 3 4 0    1   0
2  3 3 2 1 38   0   1
2  3 3 4 3 0    1   0
2  5 5 2 4 38   0   1
2  5 6 2 2 0    1   0
2  5 6 4 3 38   0   1
2  6 3 1 2 38   0   1
2  6 3 2 4 0    1   0
2  6 6 3 1 38   0   1
3  5 5 2 4 68   0   1
3  6 5 2 2 68   0   1
3  6 5 3 4 49   1   0
3  6 6 3 2 68   0   1
4  1 1 3 1 10   0   1
4  1 2 1 1 10   0   1
4  1 2 2 3 63   1   0
4  2 2 1 3 10   0   1
4  4 1 1 2 63   1   0
4  4 1 3 3 10   0   1
4  4 4 2 1 63   1   0
4  4 4 4 3 10   0   1
4  5 4 1 2 63   1   0
4  5 4 3 4 10   0   1
4  5 5 4 1 63   1   0
4  5 5 4 3 10   0   1
5  4 4 1 2 0    0   1
5  4 4 1 4 0    1   0
5  4 5 2 1 0    0   1
5  4 5 4 3 0    1   0
5  5 5 1 3 0    0   1
6  5 5 1 2 2    0   1
6  5 5 1 3 25   1   0
6  5 5 2 3 2    0   1
7  1 1 1 2 67   1   0
7  1 1 1 3 46   0   1
7  1 3 2 1 67   1   0
7  1 3 3 3 46   0   1
7  3 3 3 1 46   0   1
8  2 2 2 4 13   0   1
8  3 2 1 2 13   0   1
8  3 2 3 4 11   1   0
8  3 3 4 1 13   0   1
8  3 3 4 3 11   1   0
9  4 4 1 2 38   0   1
9  4 4 3 1 38   0   1
9  4 4 3 2 0    1   0
10 3 3 1 3 44   0   1
10 3 3 4 1 44   0   1
10 3 3 4 3 6    1   0
11 1 1 1 3 41   0   1
11 1 1 2 3 1    1   0
11 2 1 1 1 41   0   1
11 2 1 3 2 1    1   0
11 2 2 2 1 41   0   1
11 2 2 4 3 1    1   0
11 3 2 1 2 41   0   1
11 3 2 3 4 1    1   0
11 3 3 3 1 41   0   1
12 1 1 1 2 2    1   0
12 1 1 1 3 0    0   1
12 1 3 2 1 2    1   0
12 1 3 3 3 0    0   1
12 3 3 1 4 2    1   0
12 3 3 3 2 0    0   1
12 3 6 2 1 0    0   1
12 3 6 4 2 2    1   0
12 5 5 2 1 2    1   0
12 5 5 4 1 0    0   1
12 6 5 2 2 2    1   0
12 6 5 3 4 0    0   1
12 6 6 1 3 0    0   1
13 1 1 2 1 53   0   1
13 2 1 1 1 8    1   0
13 2 1 3 2 53   0   1
13 2 2 2 1 8    1   0
13 2 2 4 3 53   0   1
13 3 2 1 2 8    1   0
13 3 2 3 4 53   0   1
13 3 3 4 1 8    1   0
13 3 3 4 3 53   0   1
14 3 3 1 2 71   0   1
14 3 3 1 4 34   1   0
14 3 6 2 1 71   0   1
14 3 6 4 2 34   1   0
14 5 5 2 3 34   1   0
14 5 5 4 3 71   0   1
14 6 5 2 2 34   1   0
14 6 5 3 4 71   0   1
14 6 6 1 3 71   0   1
15 4 4 1 3 35   0   1
15 4 4 2 1 35   0   1
15 4 4 2 3 3    1   0
;

