Index = 364
_solve_time = 2002.65

:              xp  xb    :=
1  4 4 3 2 0    1   0
1  4 4 3 4 44   0   1
1  4 5 2 1 0    1   0
1  4 5 4 3 44   0   1
1  5 5 3 1 44   0   1
2  2 2 2 4 41   0   1
2  2 3 2 1 58   1   0
2  2 3 4 3 41   0   1
2  3 3 1 4 58   1   0
2  3 3 3 4 41   0   1
3  2 2 2 4 35   0   1
3  2 3 2 1 5    1   0
3  2 3 4 3 35   0   1
3  3 3 1 2 5    1   0
3  3 3 3 4 35   0   1
3  3 6 2 1 5    1   0
3  3 6 4 2 35   0   1
3  4 4 4 2 35   0   1
3  5 4 1 2 5    1   0
3  5 4 3 4 35   0   1
3  5 5 2 3 35   0   1
3  5 5 4 1 5    1   0
3  6 5 2 2 35   0   1
3  6 5 3 4 5    1   0
3  6 6 1 3 5    1   0
4  2 2 2 4 74   0   1
4  2 3 2 1 0    1   0
4  2 3 4 3 74   0   1
4  3 3 1 2 0    1   0
4  3 3 3 4 74   0   1
4  3 6 2 1 0    1   0
4  3 6 4 2 74   0   1
4  4 4 2 3 0    1   0
4  4 4 4 3 74   0   1
4  5 4 1 2 0    1   0
4  5 4 3 4 74   0   1
4  5 5 2 3 74   0   1
4  5 5 4 1 0    1   0
4  6 5 2 2 74   0   1
4  6 5 3 4 0    1   0
4  6 6 1 3 0    1   0
5  1 1 2 1 2    1   0
5  1 1 2 3 41   0   1
5  1 1 3 1 41   0   1
6  4 4 4 2 32   0   1
6  4 5 2 1 32   0   1
6  4 5 4 3 0    1   0
6  5 5 1 2 32   0   1
6  5 5 3 2 0    1   0
7  2 2 2 4 22   0   1
7  2 3 2 1 1    1   0
7  2 3 4 3 22   0   1
7  3 3 1 4 1    1   0
7  3 3 3 4 22   0   1
8  2 2 2 1 31   0   1
8  2 2 4 1 0    1   0
8  3 2 1 2 31   0   1
8  3 2 3 4 0    1   0
8  3 3 2 1 31   0   1
8  3 3 4 3 0    1   0
8  6 3 1 2 31   0   1
8  6 3 2 4 0    1   0
8  6 6 2 1 31   0   1
9  1 1 2 1 0    1   0
9  1 1 3 1 27   0   1
9  4 1 1 2 0    1   0
9  4 1 3 3 27   0   1
9  4 4 1 3 27   0   1
10 3 3 2 4 68   1   0
10 3 6 2 1 1    0   1
10 3 6 4 2 68   1   0
10 4 4 2 3 1    0   1
10 4 4 4 3 68   1   0
10 5 4 1 2 1    0   1
10 5 4 3 4 68   1   0
10 5 5 2 3 68   1   0
10 5 5 4 1 1    0   1
10 6 5 2 2 68   1   0
10 6 5 3 4 1    0   1
10 6 6 1 3 1    0   1
11 4 4 2 4 21   1   0
11 5 4 1 2 21   1   0
11 5 4 3 4 5    0   1
11 5 5 2 3 5    0   1
11 5 5 4 1 21   1   0
11 6 5 2 2 5    0   1
11 6 5 3 4 21   1   0
11 6 6 3 2 5    0   1
12 2 2 3 2 51   0   1
12 2 2 3 4 0    1   0
12 2 3 2 1 51   0   1
12 2 3 4 3 0    1   0
12 3 3 1 2 51   0   1
12 3 3 3 4 0    1   0
12 3 6 2 1 51   0   1
12 3 6 4 2 0    1   0
12 4 4 2 4 51   0   1
12 5 4 1 2 51   0   1
12 5 4 3 4 0    1   0
12 5 5 2 3 0    1   0
12 5 5 4 1 51   0   1
12 6 5 2 2 0    1   0
12 6 5 3 4 51   0   1
12 6 6 1 3 51   0   1
13 2 2 2 4 11   0   1
13 2 3 2 1 29   1   0
13 2 3 4 3 11   0   1
13 3 3 1 4 29   1   0
13 3 3 3 2 11   0   1
13 3 6 2 1 11   0   1
13 3 6 4 2 29   1   0
13 6 6 1 3 11   0   1
13 6 6 2 3 29   1   0
14 1 1 1 3 4    0   1
14 1 1 2 1 4    0   1
14 1 1 2 3 71   1   0
15 1 1 3 1 0    0   1
15 1 2 1 1 0    0   1
15 1 2 2 3 73   1   0
15 2 2 1 3 0    0   1
15 4 1 1 2 73   1   0
15 4 1 3 3 0    0   1
15 4 4 3 1 73   1   0
;

