Index = 306
_solve_time = 4110.32

:              xp  xb    :=
1  3 3 4 2 27   0   1
1  3 6 2 1 27   0   1
1  3 6 4 2 30   1   0
1  4 4 4 2 27   0   1
1  5 4 1 2 30   1   0
1  5 4 3 4 27   0   1
1  5 5 2 1 30   1   0
1  5 5 4 3 27   0   1
1  6 5 2 2 30   1   0
1  6 5 3 4 27   0   1
1  6 6 1 3 27   0   1
2  1 1 1 2 66   0   1
2  1 1 1 3 0    1   0
2  1 1 2 3 66   0   1
3  6 6 1 2 0    0   1
3  6 6 3 1 0    0   1
3  6 6 3 2 30   1   0
4  1 1 2 3 38   0   1
4  1 3 2 1 30   1   0
4  1 3 3 3 38   0   1
4  3 3 1 2 30   1   0
4  3 3 3 4 38   0   1
4  3 6 2 1 30   1   0
4  3 6 4 2 38   0   1
4  5 5 2 1 38   0   1
4  5 5 4 1 30   1   0
4  6 5 2 2 38   0   1
4  6 5 3 4 30   1   0
4  6 6 1 3 30   1   0
5  1 1 3 1 66   0   1
5  1 2 1 1 66   0   1
5  1 2 2 3 0    1   0
5  2 2 1 3 66   0   1
5  4 1 1 2 0    1   0
5  4 1 3 3 66   0   1
5  4 4 2 1 0    1   0
5  4 4 4 3 66   0   1
5  5 4 1 2 0    1   0
5  5 4 3 4 66   0   1
5  5 5 4 1 0    1   0
5  5 5 4 3 66   0   1
6  1 1 1 3 71   0   1
6  1 1 2 3 62   1   0
6  2 1 1 1 71   0   1
6  2 1 3 2 62   1   0
6  2 2 2 3 62   1   0
6  2 2 4 1 71   0   1
6  3 2 1 2 62   1   0
6  3 2 3 4 71   0   1
6  3 3 1 3 71   0   1
7  1 3 2 1 62   0   1
7  1 3 3 3 55   1   0
7  3 3 1 2 62   0   1
7  3 3 3 2 55   1   0
7  4 1 1 2 62   0   1
7  4 1 3 3 55   1   0
7  4 4 3 1 62   0   1
8  2 2 2 4 19   0   1
8  3 2 1 2 19   0   1
8  3 2 3 4 67   1   0
8  3 3 2 3 67   1   0
8  3 3 4 1 19   0   1
8  6 3 1 2 67   1   0
8  6 3 2 4 19   0   1
8  6 6 2 1 67   1   0
9  1 1 3 1 69   1   0
9  1 2 1 1 69   1   0
9  1 2 2 3 2    0   1
9  2 2 3 1 2    0   1
9  4 1 1 2 2    0   1
9  4 1 3 3 69   1   0
9  4 4 2 1 2    0   1
9  4 4 2 3 69   1   0
10 4 4 2 3 44   1   0
10 4 4 4 3 49   0   1
10 5 4 1 2 44   1   0
10 5 4 3 4 49   0   1
10 5 5 4 1 44   1   0
10 5 5 4 3 49   0   1
11 2 2 4 2 42   0   1
11 3 2 1 2 50   1   0
11 3 2 3 4 42   0   1
11 3 3 2 3 42   0   1
11 3 3 4 1 50   1   0
11 5 5 3 2 50   1   0
11 5 5 3 4 42   0   1
11 5 6 2 2 50   1   0
11 5 6 4 3 42   0   1
11 6 3 1 2 42   0   1
11 6 3 2 4 50   1   0
11 6 6 3 1 42   0   1
12 2 2 4 2 68   1   0
12 2 3 2 1 68   1   0
12 2 3 4 3 17   0   1
12 3 3 3 1 17   0   1
13 3 3 3 2 46   0   1
13 3 3 3 4 61   1   0
13 3 6 2 1 46   0   1
13 3 6 4 2 61   1   0
13 6 6 1 2 46   0   1
14 3 3 2 4 0    0   1
14 3 6 2 1 58   1   0
14 3 6 4 2 0    0   1
14 4 4 2 3 58   1   0
14 4 4 4 3 0    0   1
14 5 4 1 2 58   1   0
14 5 4 3 4 0    0   1
14 5 5 2 3 0    0   1
14 5 5 4 1 58   1   0
14 6 5 2 2 0    0   1
14 6 5 3 4 58   1   0
14 6 6 1 3 58   1   0
15 4 4 1 4 29   0   1
15 4 4 2 1 29   0   1
15 4 4 2 4 66   1   0
;

