Index = 331
_solve_time = 32006.3

:              xp  xb    :=
1  1 3 2 1 36   1   0
1  1 3 3 3 26   0   1
1  3 3 3 1 26   0   1
1  4 1 1 2 36   1   0
1  4 1 3 3 26   0   1
1  4 4 4 1 36   1   0
1  4 4 4 3 26   0   1
2  4 4 4 2 16   0   1
2  4 5 2 1 16   0   1
2  4 5 4 3 2    1   0
2  5 5 1 4 16   0   1
2  5 5 3 4 2    1   0
3  1 1 3 2 14   0   1
3  1 3 2 1 14   0   1
3  1 3 3 3 14   1   0
3  3 3 1 2 14   0   1
3  3 3 3 4 14   1   0
3  3 6 2 1 14   0   1
3  3 6 4 2 14   1   0
3  4 4 2 4 14   0   1
3  5 4 1 2 14   0   1
3  5 4 3 4 14   1   0
3  5 5 2 3 14   1   0
3  5 5 4 1 14   0   1
3  6 5 2 2 14   1   0
3  6 5 3 4 14   0   1
3  6 6 1 3 14   0   1
4  3 3 2 1 28   0   1
4  3 3 4 1 10   1   0
4  5 5 1 2 10   1   0
4  5 5 1 4 28   0   1
4  5 6 2 2 10   1   0
4  5 6 4 3 28   0   1
4  6 3 1 2 28   0   1
4  6 3 2 4 10   1   0
4  6 6 3 1 28   0   1
5  1 1 1 2 47   0   1
5  1 1 3 1 47   0   1
5  1 1 3 2 39   1   0
6  3 3 2 4 67   0   1
6  3 6 2 1 9    1   0
6  3 6 4 2 67   0   1
6  6 6 1 2 9    1   0
7  1 1 2 3 67   0   1
7  4 1 1 2 67   0   1
7  4 1 3 3 30   1   0
7  4 4 2 1 67   0   1
7  4 4 4 3 30   1   0
7  5 4 1 2 67   0   1
7  5 4 3 4 30   1   0
7  5 5 3 1 67   0   1
8  1 1 1 2 40   0   1
8  1 1 1 3 70   1   0
8  1 3 2 1 40   0   1
8  1 3 3 3 70   1   0
8  3 3 1 4 40   0   1
8  3 3 3 4 70   1   0
9  1 1 2 3 4    0   1
9  4 1 1 2 4    0   1
9  4 1 3 3 1    1   0
9  4 4 2 1 4    0   1
9  4 4 4 3 1    1   0
9  5 4 1 2 4    0   1
9  5 4 3 4 1    1   0
9  5 5 2 3 1    1   0
9  5 5 4 1 4    0   1
9  6 5 2 2 1    1   0
9  6 5 3 4 4    0   1
9  6 6 1 2 1    1   0
9  6 6 1 3 4    0   1
10 2 2 2 4 5    0   1
10 3 2 1 2 5    0   1
10 3 2 3 4 73   1   0
10 3 3 2 1 5    0   1
10 3 3 4 3 73   1   0
10 5 5 1 2 73   1   0
10 5 5 1 4 5    0   1
10 5 6 2 2 73   1   0
10 5 6 4 3 5    0   1
10 6 3 1 2 5    0   1
10 6 3 2 4 73   1   0
10 6 6 3 1 5    0   1
11 3 3 2 4 6    0   1
11 3 6 2 1 72   1   0
11 3 6 4 2 6    0   1
11 6 6 1 3 72   1   0
11 6 6 2 3 6    0   1
12 5 5 4 2 13   0   1
12 5 6 2 2 13   0   1
12 5 6 4 3 44   1   0
12 6 6 2 1 13   0   1
12 6 6 3 1 44   1   0
13 4 4 2 4 33   0   1
13 4 5 2 1 49   1   0
13 4 5 4 3 33   0   1
13 5 5 1 4 49   1   0
13 5 5 3 2 33   0   1
13 5 6 2 2 33   0   1
13 5 6 4 3 49   1   0
13 6 6 2 1 33   0   1
13 6 6 3 1 49   1   0
14 2 2 4 2 2    0   1
14 2 3 2 1 2    0   1
14 2 3 4 3 45   1   0
14 3 3 1 2 2    0   1
14 3 3 3 4 45   1   0
14 3 6 2 1 2    0   1
14 3 6 4 2 45   1   0
14 4 4 4 2 45   1   0
14 5 4 1 2 2    0   1
14 5 4 3 4 45   1   0
14 5 5 2 3 45   1   0
14 5 5 4 1 2    0   1
14 6 5 2 2 45   1   0
14 6 5 3 4 2    0   1
14 6 6 1 3 2    0   1
15 1 1 2 1 64   1   0
15 1 1 2 3 53   0   1
15 1 1 3 1 53   0   1
;

