Index = 378
_solve_time = 10544.8

:              xp  xb    :=
1  4 4 2 1 18   0   1
1  4 4 4 1 0    1   0
1  5 4 1 2 18   0   1
1  5 4 3 4 0    1   0
1  5 5 3 1 18   0   1
2  2 2 4 2 1    1   0
2  2 3 2 1 1    1   0
2  2 3 4 3 53   0   1
2  3 3 1 4 1    1   0
2  3 3 3 2 53   0   1
2  3 6 2 1 53   0   1
2  3 6 4 2 1    1   0
2  5 5 2 3 1    1   0
2  5 5 4 3 53   0   1
2  6 5 2 2 1    1   0
2  6 5 3 4 53   0   1
2  6 6 1 3 53   0   1
3  1 1 2 1 50   0   1
3  1 2 1 1 50   0   1
3  1 2 2 3 5    1   0
3  2 2 1 4 50   0   1
3  2 2 3 4 5    1   0
4  3 3 2 4 33   1   0
4  3 6 2 1 12   0   1
4  3 6 4 2 33   1   0
4  4 4 2 1 33   1   0
4  4 4 4 1 12   0   1
4  5 4 1 2 33   1   0
4  5 4 3 4 12   0   1
4  5 5 2 1 33   1   0
4  5 5 4 3 12   0   1
4  6 5 2 2 33   1   0
4  6 5 3 4 12   0   1
4  6 6 1 3 12   0   1
5  3 3 1 2 71   1   0
5  3 3 1 4 72   0   1
5  3 6 2 1 71   1   0
5  3 6 4 2 72   0   1
5  6 6 1 3 71   1   0
5  6 6 2 3 72   0   1
6  1 1 3 1 41   0   1
6  1 2 1 1 41   0   1
6  1 2 2 3 0    1   0
6  2 2 1 2 41   0   1
6  2 2 3 2 0    1   0
6  4 1 1 2 0    1   0
6  4 1 3 3 41   0   1
6  4 4 2 1 0    1   0
6  4 4 4 3 41   0   1
6  5 4 1 2 0    1   0
6  5 4 3 4 41   0   1
6  5 5 1 3 41   0   1
7  2 2 2 4 6    0   1
7  2 3 2 1 31   1   0
7  2 3 4 3 6    0   1
7  3 3 1 2 31   1   0
7  3 3 3 2 6    0   1
8  4 4 4 2 0    0   1
8  4 5 2 1 0    0   1
8  4 5 4 3 14   1   0
8  5 5 1 3 0    0   1
9  1 1 3 1 5    0   1
9  1 2 1 1 5    0   1
9  1 2 2 3 27   1   0
9  2 2 1 2 5    0   1
9  2 2 3 2 27   1   0
9  4 1 1 2 27   1   0
9  4 1 3 3 5    0   1
9  4 4 2 1 27   1   0
9  4 4 2 3 5    0   1
10 4 4 2 1 32   1   0
10 4 4 4 1 5    0   1
10 5 4 1 2 32   1   0
10 5 4 3 4 5    0   1
10 5 5 2 1 32   1   0
10 5 5 4 3 5    0   1
10 6 5 2 2 32   1   0
10 6 5 3 4 5    0   1
10 6 6 1 2 32   1   0
10 6 6 1 3 5    0   1
11 5 5 2 1 36   0   1
11 5 5 4 1 10   1   0
11 5 5 4 2 36   0   1
12 1 1 1 2 52   1   0
12 1 1 1 3 29   0   1
12 1 3 2 1 52   1   0
12 1 3 3 3 29   0   1
12 3 3 1 4 52   1   0
12 3 3 3 2 29   0   1
12 3 6 2 1 29   0   1
12 3 6 4 2 52   1   0
12 4 4 2 1 52   1   0
12 4 4 4 1 29   0   1
12 5 4 1 2 52   1   0
12 5 4 3 4 29   0   1
12 5 5 2 1 52   1   0
12 5 5 4 3 29   0   1
12 6 5 2 2 52   1   0
12 6 5 3 4 29   0   1
12 6 6 1 3 29   0   1
13 1 1 2 1 11   1   0
13 2 1 1 1 31   0   1
13 2 1 3 2 11   1   0
13 2 2 2 3 11   1   0
13 2 2 4 1 31   0   1
13 3 2 1 2 11   1   0
13 3 2 3 4 31   0   1
13 3 3 1 3 31   0   1
14 2 2 2 4 29   0   1
14 2 3 2 1 7    1   0
14 2 3 4 3 29   0   1
14 3 3 1 2 7    1   0
14 3 3 3 4 29   0   1
14 3 6 2 1 7    1   0
14 3 6 4 2 29   0   1
14 5 5 2 3 29   0   1
14 5 5 4 3 7    1   0
14 6 5 2 2 29   0   1
14 6 5 3 4 7    1   0
14 6 6 1 3 7    1   0
15 3 3 3 2 59   0   1
15 3 3 3 4 10   1   0
15 3 6 2 1 59   0   1
15 3 6 4 2 10   1   0
15 6 6 1 3 59   0   1
15 6 6 2 3 10   1   0
;

