Index = 277
_solve_time = 9747.76

:              xp  xb    :=
1  2 2 3 2 55   0   1
1  2 2 3 4 55   1   0
1  2 3 2 1 55   0   1
1  2 3 4 3 55   1   0
1  3 3 1 2 55   0   1
1  3 3 3 4 55   1   0
1  3 6 2 1 55   0   1
1  3 6 4 2 55   1   0
1  6 6 1 2 55   0   1
2  5 5 1 3 62   0   1
2  5 5 4 1 62   0   1
2  5 5 4 3 30   1   0
3  3 3 4 2 0    0   1
3  3 6 2 1 0    0   1
3  3 6 4 2 69   1   0
3  4 4 4 2 0    0   1
3  5 4 1 2 69   1   0
3  5 4 3 4 0    0   1
3  5 5 2 1 69   1   0
3  5 5 4 3 0    0   1
3  6 5 2 2 69   1   0
3  6 5 3 4 0    0   1
3  6 6 1 3 0    0   1
4  3 3 2 4 36   0   1
4  3 6 2 1 69   1   0
4  3 6 4 2 36   0   1
4  5 5 2 1 36   0   1
4  5 5 4 1 69   1   0
4  6 5 2 2 36   0   1
4  6 5 3 4 69   1   0
4  6 6 1 3 69   1   0
5  1 1 2 1 21   0   1
5  1 2 1 1 21   0   1
5  1 2 2 3 25   1   0
5  2 2 1 4 21   0   1
5  2 2 3 4 25   1   0
6  2 2 2 4 0    0   1
6  3 2 1 2 0    0   1
6  3 2 3 4 23   1   0
6  3 3 1 3 23   1   0
7  1 1 2 1 29   0   1
7  2 1 1 1 35   1   0
7  2 1 3 2 29   0   1
7  2 2 2 3 29   0   1
7  2 2 4 1 35   1   0
7  3 2 1 2 29   0   1
7  3 2 3 4 35   1   0
7  3 3 3 1 29   0   1
8  1 1 3 1 0    0   1
8  1 2 1 1 0    0   1
8  1 2 2 3 0    1   0
8  2 2 3 1 0    1   0
8  4 1 1 2 0    1   0
8  4 1 3 3 0    0   1
8  4 4 2 1 0    1   0
8  4 4 2 3 0    0   1
9  1 1 2 3 48   1   0
9  1 3 2 1 35   0   1
9  1 3 3 3 48   1   0
9  3 3 1 2 35   0   1
9  3 3 3 4 48   1   0
9  3 6 2 1 35   0   1
9  3 6 4 2 48   1   0
9  6 6 1 2 35   0   1
10 3 3 4 2 4    1   0
10 3 6 2 1 4    1   0
10 3 6 4 2 67   0   1
10 6 6 2 1 67   0   1
11 4 4 2 3 40   1   0
11 4 4 2 4 21   0   1
11 4 4 4 3 21   0   1
12 1 1 1 2 65   0   1
12 1 1 3 1 65   0   1
12 1 1 3 2 26   1   0
13 1 1 1 2 17   0   1
13 2 1 1 1 17   0   1
13 2 1 3 2 0    1   0
13 2 2 3 1 17   0   1
14 3 3 2 3 6    0   1
14 3 3 4 3 9    1   0
14 5 5 3 2 9    1   0
14 5 5 3 4 6    0   1
14 5 6 2 2 9    1   0
14 5 6 4 3 6    0   1
14 6 3 1 2 6    0   1
14 6 3 2 4 9    1   0
14 6 6 3 1 6    0   1
15 1 1 1 2 52   0   1
15 2 1 1 1 52   0   1
15 2 1 3 2 8    1   0
15 2 2 2 3 8    1   0
15 2 2 4 1 52   0   1
15 3 2 1 2 8    1   0
15 3 2 3 4 52   0   1
15 3 3 4 1 8    1   0
15 3 3 4 3 52   0   1
;

