Index = 294
_solve_time = 27907.6

:              xp  xb    :=
1  2 2 4 2 32   1   0
1  2 3 2 1 32   1   0
1  2 3 4 3 68   0   1
1  3 3 1 4 32   1   0
1  3 3 3 2 68   0   1
1  3 6 2 1 68   0   1
1  3 6 4 2 32   1   0
1  6 6 1 2 68   0   1
2  4 4 2 4 6    0   1
2  4 5 2 1 36   1   0
2  4 5 4 3 6    0   1
2  5 5 1 2 36   1   0
2  5 5 3 2 6    0   1
3  4 4 2 3 58   0   1
3  4 4 4 3 1    1   0
3  5 4 1 2 58   0   1
3  5 4 3 4 1    1   0
3  5 5 2 3 1    1   0
3  5 5 4 1 58   0   1
3  6 5 2 2 1    1   0
3  6 5 3 4 58   0   1
3  6 6 2 3 58   0   1
4  3 3 4 2 49   0   1
4  5 5 4 2 49   0   1
4  5 6 2 2 49   0   1
4  5 6 4 3 48   1   0
4  6 3 1 2 48   1   0
4  6 3 2 4 49   0   1
4  6 6 3 1 48   1   0
5  1 1 3 2 62   0   1
5  1 3 2 1 62   0   1
5  1 3 3 3 62   1   0
5  2 2 2 4 62   0   1
5  3 2 1 2 62   0   1
5  3 2 3 4 62   1   0
6  2 2 2 1 34   0   1
6  2 2 4 1 22   1   0
6  3 2 1 2 34   0   1
6  3 2 3 4 22   1   0
6  3 3 2 3 22   1   0
6  3 3 4 1 34   0   1
6  6 3 1 2 22   1   0
6  6 3 2 4 34   0   1
6  6 6 1 2 34   0   1
7  4 4 4 2 72   0   1
7  4 5 2 1 72   0   1
7  4 5 4 3 70   1   0
7  5 5 1 4 72   0   1
7  5 5 3 4 70   1   0
8  3 3 1 2 44   0   1
8  3 3 1 4 57   1   0
8  3 6 2 1 44   0   1
8  3 6 4 2 57   1   0
8  6 6 1 2 44   0   1
9  2 2 3 2 9    1   0
9  2 2 3 4 32   0   1
9  2 3 2 1 9    1   0
9  2 3 4 3 32   0   1
9  3 3 3 1 32   0   1
10 1 1 2 3 18   0   1
10 1 3 2 1 14   1   0
10 1 3 3 3 18   0   1
10 3 3 1 2 14   1   0
10 3 3 3 2 18   0   1
11 3 3 4 2 22   0   1
11 3 6 2 1 22   0   1
11 3 6 4 2 62   1   0
11 6 6 1 2 22   0   1
12 2 2 3 2 64   0   1
12 2 2 3 4 55   1   0
12 2 3 2 1 64   0   1
12 2 3 4 3 55   1   0
12 3 3 1 2 64   0   1
12 3 3 3 4 55   1   0
12 3 6 2 1 64   0   1
12 3 6 4 2 55   1   0
12 6 6 1 2 64   0   1
13 2 2 2 4 31   0   1
13 3 2 1 2 31   0   1
13 3 2 3 4 7    1   0
13 3 3 2 3 7    1   0
13 3 3 4 1 31   0   1
13 6 3 1 2 7    1   0
13 6 3 2 4 31   0   1
13 6 6 3 1 7    1   0
13 6 6 3 2 31   0   1
14 4 4 2 4 1    1   0
14 5 4 1 2 1    1   0
14 5 4 3 4 41   0   1
14 5 5 2 3 41   0   1
14 5 5 4 1 1    1   0
14 6 5 2 2 41   0   1
14 6 5 3 4 1    1   0
14 6 6 3 2 41   0   1
15 4 4 2 3 67   1   0
15 4 4 4 3 73   0   1
15 5 4 1 2 67   1   0
15 5 4 3 4 73   0   1
15 5 5 2 1 67   1   0
15 5 5 4 3 73   0   1
15 6 5 2 2 67   1   0
15 6 5 3 4 73   0   1
15 6 6 2 3 73   0   1
;

