Index = 381
_solve_time = 3775.31

:              xp  xb    :=
1  1 3 2 1 70   1   0
1  1 3 3 3 48   0   1
1  3 3 1 2 70   1   0
1  3 3 3 2 48   0   1
1  4 1 1 2 70   1   0
1  4 1 3 3 48   0   1
1  4 4 1 3 48   0   1
2  1 1 1 2 6    0   1
2  2 1 1 1 6    0   1
2  2 1 3 2 70   1   0
2  2 2 2 1 6    0   1
2  2 2 4 3 70   1   0
2  3 2 1 2 6    0   1
2  3 2 3 4 70   1   0
2  3 3 4 1 6    0   1
2  3 3 4 3 70   1   0
3  1 1 2 1 71   0   1
3  1 2 1 1 71   0   1
3  1 2 2 3 5    1   0
3  2 2 1 3 71   0   1
4  4 4 2 4 66   1   0
4  5 4 1 2 66   1   0
4  5 4 3 4 12   0   1
4  5 5 2 1 66   1   0
4  5 5 4 3 12   0   1
4  6 5 2 2 66   1   0
4  6 5 3 4 12   0   1
4  6 6 2 3 12   0   1
5  1 1 3 2 33   0   1
5  4 1 1 2 28   1   0
5  4 1 3 3 33   0   1
5  4 4 2 1 28   1   0
5  4 4 4 3 33   0   1
5  5 4 1 2 28   1   0
5  5 4 3 4 33   0   1
5  5 5 2 1 28   1   0
5  5 5 2 3 33   0   1
6  4 4 2 1 41   0   1
6  4 4 4 1 22   1   0
6  5 4 1 2 41   0   1
6  5 4 3 4 22   1   0
6  5 5 4 1 41   0   1
6  5 5 4 3 22   1   0
7  1 1 1 3 0    1   0
7  1 1 2 3 10   0   1
7  2 1 1 1 0    1   0
7  2 1 3 2 10   0   1
7  2 2 2 1 0    1   0
7  2 2 4 3 10   0   1
7  3 2 1 2 0    1   0
7  3 2 3 4 10   0   1
7  3 3 2 1 0    1   0
7  3 3 2 3 10   0   1
8  3 3 2 4 29   0   1
8  5 5 3 2 0    1   0
8  5 5 3 4 29   0   1
8  5 6 2 2 0    1   0
8  5 6 4 3 29   0   1
8  6 3 1 2 29   0   1
8  6 3 2 4 0    1   0
8  6 6 3 1 29   0   1
9  1 1 3 1 9    0   1
9  1 2 1 1 9    0   1
9  1 2 2 3 57   1   0
9  2 2 1 3 9    0   1
9  4 1 1 2 57   1   0
9  4 1 3 3 9    0   1
9  4 4 4 1 57   1   0
9  4 4 4 3 9    0   1
10 2 2 4 2 51   0   1
10 2 3 2 1 51   0   1
10 2 3 4 3 46   1   0
10 3 3 1 2 51   0   1
10 3 3 3 2 46   1   0
11 4 4 2 1 63   0   1
11 4 4 4 1 16   1   0
11 4 4 4 2 63   0   1
12 4 4 2 4 16   0   1
12 5 4 1 2 16   0   1
12 5 4 3 4 55   1   0
12 5 5 3 1 16   0   1
13 1 1 3 1 67   1   0
13 1 2 1 1 67   1   0
13 1 2 2 3 22   0   1
13 2 2 3 1 22   0   1
13 4 1 1 2 22   0   1
13 4 1 3 3 67   1   0
13 4 4 2 1 22   0   1
13 4 4 4 3 67   1   0
13 5 4 1 2 22   0   1
13 5 4 3 4 67   1   0
13 5 5 4 1 22   0   1
13 5 5 4 3 67   1   0
14 4 4 4 2 30   0   1
14 5 4 1 2 7    1   0
14 5 4 3 4 30   0   1
14 5 5 3 1 7    1   0
15 1 1 2 1 59   0   1
15 1 1 3 1 0    1   0
15 4 1 1 2 59   0   1
15 4 1 3 3 0    1   0
15 4 4 2 3 0    1   0
15 4 4 4 1 59   0   1
15 5 4 1 2 0    1   0
15 5 4 3 4 59   0   1
15 5 5 4 1 0    1   0
15 5 5 4 3 59   0   1
;

