Index = 271
_solve_time = 10840.2

:              xp  xb    :=
1  2 2 2 1 62   1   0
1  2 2 2 3 2    0   1
1  2 2 3 1 2    0   1
2  2 2 2 4 22   0   1
2  3 2 1 2 22   0   1
2  3 2 3 4 30   1   0
2  3 3 2 1 22   0   1
2  3 3 2 3 30   1   0
3  2 2 1 2 29   0   1
3  2 2 1 4 36   1   0
3  2 2 2 4 29   0   1
4  3 3 1 3 21   1   0
4  3 3 1 4 22   0   1
4  3 3 4 3 22   0   1
5  4 4 4 2 70   0   1
5  5 4 1 2 15   1   0
5  5 4 3 4 70   0   1
5  5 5 1 3 70   0   1
6  2 2 2 4 42   1   0
6  3 2 1 2 42   1   0
6  3 2 3 4 21   0   1
6  3 3 2 3 21   0   1
6  3 3 4 1 42   1   0
6  6 3 1 2 21   0   1
6  6 3 2 4 42   1   0
6  6 6 2 1 21   0   1
7  1 1 1 2 0    0   1
7  1 2 1 1 15   1   0
7  1 2 2 3 0    0   1
7  2 2 3 1 0    0   1
8  1 1 1 2 48   1   0
8  1 1 1 3 72   0   1
8  1 3 2 1 48   1   0
8  1 3 3 3 72   0   1
8  3 3 1 4 48   1   0
8  3 3 3 4 72   0   1
9  2 2 1 2 0    0   1
9  2 2 1 4 32   1   0
9  2 3 2 1 0    0   1
9  2 3 4 3 32   1   0
9  3 3 1 2 0    0   1
9  3 3 3 4 32   1   0
9  3 6 2 1 0    0   1
9  3 6 4 2 32   1   0
9  5 5 2 1 32   1   0
9  5 5 4 1 0    0   1
9  6 5 2 2 32   1   0
9  6 5 3 4 0    0   1
9  6 6 1 3 0    0   1
10 1 3 2 1 34   0   1
10 1 3 3 3 4    1   0
10 3 3 1 3 34   0   1
10 4 1 1 2 34   0   1
10 4 1 3 3 4    1   0
10 4 4 1 3 4    1   0
11 1 3 2 1 69   0   1
11 1 3 3 3 53   1   0
11 3 3 1 4 69   0   1
11 3 3 3 4 53   1   0
11 4 1 1 2 69   0   1
11 4 1 3 3 53   1   0
11 4 4 3 1 69   0   1
12 4 4 4 2 0    0   1
12 4 5 2 1 0    0   1
12 4 5 4 3 25   1   0
12 5 5 1 2 0    0   1
12 5 5 3 2 25   1   0
13 3 3 4 2 0    0   1
13 5 5 4 2 0    0   1
13 5 6 2 2 0    0   1
13 5 6 4 3 0    1   0
13 6 3 1 2 0    1   0
13 6 3 2 4 0    0   1
13 6 6 3 1 0    1   0
14 2 2 3 2 73   1   0
14 2 2 3 4 14   0   1
14 2 3 2 1 73   1   0
14 2 3 4 3 14   0   1
14 3 3 1 2 73   1   0
14 3 3 3 2 14   0   1
15 2 2 3 2 20   1   0
15 2 2 3 4 57   0   1
15 2 3 2 1 20   1   0
15 2 3 4 3 57   0   1
15 3 3 1 2 20   1   0
15 3 3 3 2 57   0   1
;

