Index = 230
_solve_time = 1401.3

:              xp  xb    :=
1  1 1 3 2 43   0   1
1  1 3 2 1 43   0   1
1  1 3 3 3 0    1   0
1  3 3 1 2 43   0   1
1  3 3 3 2 0    1   0
2  1 1 1 3 40   0   1
2  1 1 2 1 40   0   1
2  1 1 2 3 46   1   0
3  4 4 2 4 72   0   1
3  5 4 1 2 72   0   1
3  5 4 3 4 55   1   0
3  5 5 2 1 72   0   1
3  5 5 2 3 55   1   0
4  3 3 2 4 2    0   1
4  3 6 2 1 0    1   0
4  3 6 4 2 2    0   1
4  6 6 2 1 2    0   1
5  1 1 2 3 11   0   1
5  1 3 2 1 0    1   0
5  1 3 3 3 11   0   1
5  3 3 3 1 11   0   1
6  1 1 1 2 53   1   0
6  1 1 1 3 71   0   1
6  1 3 2 1 53   1   0
6  1 3 3 3 71   0   1
6  3 3 1 4 53   1   0
6  3 3 3 2 71   0   1
6  3 6 2 1 71   0   1
6  3 6 4 2 53   1   0
6  5 5 4 2 71   0   1
6  6 5 2 2 53   1   0
6  6 5 3 4 71   0   1
6  6 6 1 3 71   0   1
7  3 3 3 2 39   0   1
7  3 3 3 4 0    1   0
7  3 6 2 1 39   0   1
7  3 6 4 2 0    1   0
7  5 5 2 3 0    1   0
7  5 5 4 3 39   0   1
7  6 5 2 2 0    1   0
7  6 5 3 4 39   0   1
7  6 6 1 3 39   0   1
8  1 3 2 1 15   1   0
8  1 3 3 3 72   0   1
8  3 3 3 1 72   0   1
8  4 1 1 2 15   1   0
8  4 1 3 3 72   0   1
8  4 4 1 3 72   0   1
9  2 2 1 2 3    1   0
9  2 2 1 4 70   0   1
9  2 3 2 1 3    1   0
9  2 3 4 3 70   0   1
9  3 3 1 2 3    1   0
9  3 3 3 4 70   0   1
9  3 6 2 1 3    1   0
9  3 6 4 2 70   0   1
9  4 4 2 4 70   0   1
9  5 4 1 2 70   0   1
9  5 4 3 4 3    1   0
9  5 5 2 1 70   0   1
9  5 5 4 3 3    1   0
9  6 5 2 2 70   0   1
9  6 5 3 4 3    1   0
9  6 6 1 3 3    1   0
10 5 5 1 4 2    0   1
10 5 5 3 1 2    0   1
10 5 5 3 4 5    1   0
11 1 1 3 2 10   0   1
11 4 1 1 2 55   1   0
11 4 1 3 3 10   0   1
11 4 4 2 1 55   1   0
11 4 4 2 3 10   0   1
12 4 4 4 2 1    0   1
12 5 4 1 2 19   1   0
12 5 4 3 4 1    0   1
12 5 5 4 1 19   1   0
12 5 5 4 3 1    0   1
13 3 3 2 3 5    1   0
13 3 3 4 3 50   0   1
13 6 3 1 2 5    1   0
13 6 3 2 4 50   0   1
13 6 6 3 1 5    1   0
13 6 6 3 2 50   0   1
14 3 3 1 2 63   0   1
14 3 3 1 4 65   1   0
14 3 6 2 1 63   0   1
14 3 6 4 2 65   1   0
14 4 4 4 2 63   0   1
14 5 4 1 2 65   1   0
14 5 4 3 4 63   0   1
14 5 5 2 1 65   1   0
14 5 5 4 3 63   0   1
14 6 5 2 2 65   1   0
14 6 5 3 4 63   0   1
14 6 6 1 3 63   0   1
15 4 4 1 2 8    1   0
15 4 4 1 4 69   0   1
15 4 5 2 1 8    1   0
15 4 5 4 3 69   0   1
15 5 5 1 2 8    1   0
15 5 5 3 2 69   0   1
;

