Index = 259
_solve_time = 1402.34

:              xp  xb    :=
1  2 2 3 2 4    1   0
1  2 2 3 4 23   0   1
1  2 3 2 1 4    1   0
1  2 3 4 3 23   0   1
1  3 3 1 4 4    1   0
1  3 3 3 2 23   0   1
1  3 6 2 1 23   0   1
1  3 6 4 2 4    1   0
1  5 5 2 3 4    1   0
1  5 5 4 3 23   0   1
1  6 5 2 2 4    1   0
1  6 5 3 4 23   0   1
1  6 6 1 3 23   0   1
2  4 4 2 4 1    0   1
2  5 4 1 2 1    0   1
2  5 4 3 4 22   1   0
2  5 5 3 1 1    0   1
3  3 3 4 2 61   1   0
3  5 5 1 2 61   1   0
3  5 5 1 4 3    0   1
3  5 6 2 2 61   1   0
3  5 6 4 3 3    0   1
3  6 3 1 2 3    0   1
3  6 3 2 4 61   1   0
3  6 6 3 1 3    0   1
4  1 1 3 2 37   0   1
4  1 3 2 1 37   0   1
4  1 3 3 3 62   1   0
4  3 3 1 2 37   0   1
4  3 3 3 2 62   1   0
5  2 2 4 2 48   1   0
5  3 2 1 2 65   0   1
5  3 2 3 4 48   1   0
5  3 3 3 1 65   0   1
6  6 6 1 3 6    0   1
6  6 6 2 1 6    0   1
6  6 6 2 3 0    1   0
7  4 4 3 2 25   0   1
7  4 4 3 4 10   1   0
7  4 5 2 1 25   0   1
7  4 5 4 3 10   1   0
7  5 5 1 2 25   0   1
7  5 5 3 4 10   1   0
7  5 6 2 2 25   0   1
7  5 6 4 3 10   1   0
7  6 6 2 3 25   0   1
8  1 1 3 2 71   1   0
8  1 3 2 1 71   1   0
8  1 3 3 3 38   0   1
8  3 3 1 4 71   1   0
8  3 3 3 2 38   0   1
8  3 6 2 1 38   0   1
8  3 6 4 2 71   1   0
8  6 6 1 2 38   0   1
9  5 5 2 3 0    0   1
9  5 5 4 3 35   1   0
9  6 5 2 2 0    0   1
9  6 5 3 4 35   1   0
9  6 6 1 2 0    0   1
9  6 6 1 3 35   1   0
10 1 1 2 1 0    0   1
10 2 1 1 1 11   1   0
10 2 1 3 2 0    0   1
10 2 2 3 1 11   1   0
11 3 3 2 4 20   0   1
11 5 5 1 2 1    1   0
11 5 5 1 4 20   0   1
11 5 6 2 2 1    1   0
11 5 6 4 3 20   0   1
11 6 3 1 2 20   0   1
11 6 3 2 4 1    1   0
11 6 6 3 1 20   0   1
12 1 1 3 2 0    0   1
12 4 1 1 2 55   1   0
12 4 1 3 3 0    0   1
12 4 4 4 1 55   1   0
12 4 4 4 3 0    0   1
13 2 2 1 2 53   1   0
13 2 2 1 4 5    0   1
13 2 3 2 1 53   1   0
13 2 3 4 3 5    0   1
13 3 3 3 1 5    0   1
14 5 5 2 1 63   0   1
14 5 5 4 1 38   1   0
14 6 5 2 2 63   0   1
14 6 5 3 4 38   1   0
14 6 6 3 2 63   0   1
15 1 3 2 1 63   1   0
15 1 3 3 3 44   0   1
15 3 3 3 1 44   0   1
15 4 1 1 2 63   1   0
15 4 1 3 3 44   0   1
15 4 4 1 3 44   0   1
;

