Index = 358
_solve_time = 21452.3

:              xp  xb    :=
1  1 3 2 1 58   1   0
1  1 3 3 3 55   0   1
1  3 3 3 1 55   0   1
1  4 1 1 2 58   1   0
1  4 1 3 3 55   0   1
1  4 4 4 1 58   1   0
1  4 4 4 3 55   0   1
2  1 1 3 1 23   1   0
2  1 2 1 1 23   1   0
2  1 2 2 3 27   0   1
2  2 2 3 1 27   0   1
2  4 1 1 2 27   0   1
2  4 1 3 3 23   1   0
2  4 4 2 3 23   1   0
2  4 4 4 1 27   0   1
2  5 4 1 2 23   1   0
2  5 4 3 4 27   0   1
2  5 5 1 3 27   0   1
3  6 6 1 2 3    0   1
3  6 6 3 1 3    0   1
3  6 6 3 2 34   1   0
4  1 1 2 3 0    0   1
4  1 3 2 1 49   1   0
4  1 3 3 3 0    0   1
4  3 3 1 4 49   1   0
4  3 3 3 2 0    0   1
4  3 6 2 1 0    0   1
4  3 6 4 2 49   1   0
4  5 5 4 2 0    0   1
4  6 5 2 2 49   1   0
4  6 5 3 4 0    0   1
4  6 6 1 3 0    0   1
5  1 3 2 1 16   1   0
5  1 3 3 3 48   0   1
5  3 3 1 2 16   1   0
5  3 3 3 2 48   0   1
5  4 1 1 2 16   1   0
5  4 1 3 3 48   0   1
5  4 4 4 1 16   1   0
5  4 4 4 3 48   0   1
6  3 3 1 4 26   0   1
6  3 3 2 1 26   0   1
6  3 3 2 4 46   1   0
7  1 1 3 2 1    0   1
7  4 1 1 2 55   1   0
7  4 1 3 3 1    0   1
7  4 4 2 3 1    0   1
7  4 4 4 1 55   1   0
7  5 4 1 2 1    0   1
7  5 4 3 4 55   1   0
7  5 5 2 3 55   1   0
7  5 5 4 1 1    0   1
7  6 5 2 2 55   1   0
7  6 5 3 4 1    0   1
7  6 6 2 3 1    0   1
8  4 4 2 4 21   0   1
8  4 5 2 1 28   1   0
8  4 5 4 3 21   0   1
8  5 5 1 2 28   1   0
8  5 5 3 4 21   0   1
8  5 6 2 2 28   1   0
8  5 6 4 3 21   0   1
8  6 6 2 3 28   1   0
9  5 5 4 2 55   0   1
9  6 5 2 2 23   1   0
9  6 5 3 4 55   0   1
9  6 6 1 2 23   1   0
9  6 6 1 3 55   0   1
10 2 2 3 2 0    1   0
10 2 2 3 4 70   0   1
10 2 3 2 1 0    1   0
10 2 3 4 3 70   0   1
10 3 3 3 1 70   0   1
11 3 3 1 2 51   0   1
11 3 3 1 4 58   1   0
11 3 6 2 1 51   0   1
11 3 6 4 2 58   1   0
11 5 5 4 2 51   0   1
11 6 5 2 2 58   1   0
11 6 5 3 4 51   0   1
11 6 6 1 3 51   0   1
12 1 1 2 1 0    0   1
12 1 2 1 1 0    0   1
12 1 2 2 3 46   1   0
12 2 2 3 1 46   1   0
13 1 3 2 1 72   1   0
13 1 3 3 3 63   0   1
13 3 3 3 1 63   0   1
13 4 1 1 2 72   1   0
13 4 1 3 3 63   0   1
13 4 4 1 3 63   0   1
14 1 3 2 1 1    1   0
14 1 3 3 3 59   0   1
14 3 3 3 1 59   0   1
14 4 1 1 2 1    1   0
14 4 1 3 3 59   0   1
14 4 4 1 3 59   0   1
15 3 3 2 1 52   0   1
15 3 3 4 1 52   1   0
15 5 5 1 2 52   1   0
15 5 5 1 4 52   0   1
15 5 6 2 2 52   1   0
15 5 6 4 3 52   0   1
15 6 3 1 2 52   0   1
15 6 3 2 4 52   1   0
15 6 6 3 1 52   0   1
;

