Index = 364
_solve_time = 29904.7

:              xp  xb    :=
1  5 5 2 1 12   0   1
1  5 5 4 1 23   1   0
1  6 5 2 2 12   0   1
1  6 5 3 4 23   1   0
1  6 6 3 2 12   0   1
2  1 1 2 1 49   0   1
2  2 1 1 1 50   1   0
2  2 1 3 2 49   0   1
2  2 2 2 3 49   0   1
2  2 2 4 1 50   1   0
2  3 2 1 2 49   0   1
2  3 2 3 4 50   1   0
2  3 3 4 1 49   0   1
2  3 3 4 3 50   1   0
3  2 2 2 4 51   0   1
3  2 3 2 1 43   1   0
3  2 3 4 3 51   0   1
3  3 3 1 2 43   1   0
3  3 3 3 4 51   0   1
3  3 6 2 1 43   1   0
3  3 6 4 2 51   0   1
3  5 5 2 4 51   0   1
3  6 5 2 2 51   0   1
3  6 5 3 4 43   1   0
3  6 6 1 3 43   1   0
4  1 1 3 2 0    0   1
4  4 1 1 2 72   1   0
4  4 1 3 3 0    0   1
4  4 4 2 1 72   1   0
4  4 4 4 3 0    0   1
4  5 4 1 2 72   1   0
4  5 4 3 4 0    0   1
4  5 5 2 1 72   1   0
4  5 5 2 3 0    0   1
5  5 5 2 3 24   1   0
5  5 5 4 3 2    0   1
5  6 5 2 2 24   1   0
5  6 5 3 4 2    0   1
5  6 6 2 3 2    0   1
6  4 4 3 1 72   1   0
6  4 4 3 4 23   0   1
6  4 4 4 1 23   0   1
7  2 2 2 4 24   0   1
7  3 2 1 2 24   0   1
7  3 2 3 4 18   1   0
7  3 3 2 3 18   1   0
7  3 3 4 1 24   0   1
7  6 3 1 2 18   1   0
7  6 3 2 4 24   0   1
7  6 6 1 2 24   0   1
8  4 4 2 1 47   1   0
8  4 4 4 1 71   0   1
8  5 4 1 2 47   1   0
8  5 4 3 4 71   0   1
8  5 5 1 3 71   0   1
9  1 1 2 1 23   1   0
9  1 1 3 1 67   0   1
9  4 1 1 2 23   1   0
9  4 1 3 3 67   0   1
9  4 4 2 1 23   1   0
9  4 4 2 3 67   0   1
10 3 3 4 2 48   0   1
10 3 6 2 1 48   0   1
10 3 6 4 2 64   1   0
10 4 4 4 2 48   0   1
10 5 4 1 2 64   1   0
10 5 4 3 4 48   0   1
10 5 5 2 1 64   1   0
10 5 5 4 3 48   0   1
10 6 5 2 2 64   1   0
10 6 5 3 4 48   0   1
10 6 6 1 3 48   0   1
11 3 3 1 2 52   0   1
11 3 3 1 4 25   1   0
11 3 6 2 1 52   0   1
11 3 6 4 2 25   1   0
11 6 6 1 2 52   0   1
12 1 1 2 1 15   0   1
12 1 1 3 1 22   1   0
12 4 1 1 2 15   0   1
12 4 1 3 3 22   1   0
12 4 4 2 1 15   0   1
12 4 4 4 3 22   1   0
12 5 4 1 2 15   0   1
12 5 4 3 4 22   1   0
12 5 5 3 1 15   0   1
13 5 5 3 2 48   1   0
13 5 5 3 4 66   0   1
13 5 6 2 2 48   1   0
13 5 6 4 3 66   0   1
13 6 6 3 2 66   0   1
14 1 1 3 2 54   0   1
14 1 3 2 1 54   0   1
14 1 3 3 3 4    1   0
14 3 3 1 4 54   0   1
14 3 3 3 4 4    1   0
15 1 1 2 3 38   0   1
15 4 1 1 2 38   0   1
15 4 1 3 3 11   1   0
15 4 4 2 1 38   0   1
15 4 4 2 3 11   1   0
;

