Index = 339
_solve_time = 13645.2

:              xp  xb    :=
1  1 1 3 1 15   0   1
1  1 2 1 1 15   0   1
1  1 2 2 3 22   1   0
1  2 2 3 1 22   1   0
1  4 1 1 2 22   1   0
1  4 1 3 3 15   0   1
1  4 4 2 3 15   0   1
1  4 4 4 1 22   1   0
1  5 4 1 2 15   0   1
1  5 4 3 4 22   1   0
1  5 5 3 1 15   0   1
2  2 2 2 3 20   0   1
2  2 2 4 2 20   0   1
2  2 2 4 3 72   1   0
3  3 3 2 4 1    0   1
3  5 5 1 2 52   1   0
3  5 5 1 4 1    0   1
3  5 6 2 2 52   1   0
3  5 6 4 3 1    0   1
3  6 3 1 2 1    0   1
3  6 3 2 4 52   1   0
3  6 6 3 1 1    0   1
4  1 1 3 2 66   1   0
4  4 1 1 2 64   0   1
4  4 1 3 3 66   1   0
4  4 4 2 3 66   1   0
4  4 4 4 1 64   0   1
4  5 4 1 2 66   1   0
4  5 4 3 4 64   0   1
4  5 5 1 3 64   0   1
5  3 3 2 4 56   0   1
5  5 5 4 2 0    1   0
5  5 6 2 2 0    1   0
5  5 6 4 3 56   0   1
5  6 3 1 2 56   0   1
5  6 3 2 4 0    1   0
5  6 6 3 1 56   0   1
6  2 2 3 2 57   1   0
6  2 2 3 4 54   0   1
6  2 3 2 1 57   1   0
6  2 3 4 3 54   0   1
6  3 3 1 2 57   1   0
6  3 3 3 4 54   0   1
6  3 6 2 1 57   1   0
6  3 6 4 2 54   0   1
6  4 4 4 2 54   0   1
6  5 4 1 2 57   1   0
6  5 4 3 4 54   0   1
6  5 5 2 3 54   0   1
6  5 5 4 1 57   1   0
6  6 5 2 2 54   0   1
6  6 5 3 4 57   1   0
6  6 6 1 3 57   1   0
7  3 3 4 2 3    0   1
7  6 3 1 2 41   1   0
7  6 3 2 4 3    0   1
7  6 6 2 1 41   1   0
8  2 2 2 1 45   1   0
8  2 2 2 3 0    0   1
8  2 2 3 1 0    0   1
9  1 1 2 3 73   1   0
9  1 3 2 1 1    0   1
9  1 3 3 3 73   1   0
9  3 3 1 2 1    0   1
9  3 3 3 4 73   1   0
9  3 6 2 1 1    0   1
9  3 6 4 2 73   1   0
9  4 4 2 1 73   1   0
9  4 4 4 1 1    0   1
9  5 4 1 2 73   1   0
9  5 4 3 4 1    0   1
9  5 5 2 1 73   1   0
9  5 5 4 3 1    0   1
9  6 5 2 2 73   1   0
9  6 5 3 4 1    0   1
9  6 6 1 3 1    0   1
10 4 4 3 2 32   1   0
10 4 4 3 4 73   0   1
10 4 5 2 1 32   1   0
10 4 5 4 3 73   0   1
10 5 5 1 2 32   1   0
10 5 5 3 4 73   0   1
10 5 6 2 2 32   1   0
10 5 6 4 3 73   0   1
10 6 6 3 2 73   0   1
11 4 4 3 2 43   0   1
11 4 4 3 4 56   1   0
11 4 5 2 1 43   0   1
11 4 5 4 3 56   1   0
11 5 5 1 3 43   0   1
12 1 1 3 1 0    0   1
12 1 1 3 2 3    1   0
12 1 2 1 1 0    0   1
12 1 2 2 3 3    1   0
12 2 2 1 3 0    0   1
13 3 3 2 4 23   0   1
13 5 5 1 2 14   1   0
13 5 5 1 4 23   0   1
13 5 6 2 2 14   1   0
13 5 6 4 3 23   0   1
13 6 3 1 2 23   0   1
13 6 3 2 4 14   1   0
13 6 6 3 1 23   0   1
14 4 4 2 3 29   0   1
14 4 4 4 2 29   0   1
14 4 4 4 3 34   1   0
15 4 4 2 4 65   0   1
15 4 5 2 1 0    1   0
15 4 5 4 3 65   0   1
15 5 5 1 2 0    1   0
15 5 5 3 2 65   0   1
;

