Index = 359
_solve_time = 5710.27

:              xp  xb    :=
1  1 1 3 1 44   0   1
1  1 2 1 1 44   0   1
1  1 2 2 3 0    1   0
1  2 2 1 4 44   0   1
1  2 2 3 4 0    1   0
1  4 1 1 2 0    1   0
1  4 1 3 3 44   0   1
1  4 4 4 1 0    1   0
1  4 4 4 3 44   0   1
2  1 1 3 1 12   0   1
2  1 2 1 1 12   0   1
2  1 2 2 3 4    1   0
2  2 2 3 1 4    1   0
2  4 1 1 2 4    1   0
2  4 1 3 3 12   0   1
2  4 4 4 1 4    1   0
2  4 4 4 3 12   0   1
3  1 1 3 2 9    0   1
3  4 1 1 2 16   1   0
3  4 1 3 3 9    0   1
3  4 4 2 3 9    0   1
3  4 4 4 1 16   1   0
3  5 4 1 2 9    0   1
3  5 4 3 4 16   1   0
3  5 5 4 1 9    0   1
3  5 5 4 3 16   1   0
4  6 6 2 1 31   0   1
4  6 6 3 1 4    1   0
4  6 6 3 2 31   0   1
5  2 2 1 2 0    1   0
5  2 2 1 4 8    0   1
5  2 3 2 1 0    1   0
5  2 3 4 3 8    0   1
5  3 3 1 4 0    1   0
5  3 3 3 2 8    0   1
5  3 6 2 1 8    0   1
5  3 6 4 2 0    1   0
5  6 6 1 3 8    0   1
5  6 6 2 3 0    1   0
6  1 1 2 1 1    0   1
6  1 2 1 1 1    0   1
6  1 2 2 3 69   1   0
6  2 2 1 3 1    0   1
7  4 4 2 1 23   0   1
7  4 4 4 1 46   1   0
7  5 4 1 2 23   0   1
7  5 4 3 4 46   1   0
7  5 5 2 3 46   1   0
7  5 5 4 1 23   0   1
7  6 5 2 2 46   1   0
7  6 5 3 4 23   0   1
7  6 6 1 2 46   1   0
7  6 6 1 3 23   0   1
8  2 2 2 1 59   0   1
8  2 2 4 1 69   1   0
8  3 2 1 2 59   0   1
8  3 2 3 4 69   1   0
8  3 3 2 3 69   1   0
8  3 3 4 1 59   0   1
8  6 3 1 2 69   1   0
8  6 3 2 4 59   0   1
8  6 6 1 2 59   0   1
9  1 1 1 2 51   1   0
9  1 1 1 3 63   0   1
9  1 3 2 1 51   1   0
9  1 3 3 3 63   0   1
9  3 3 1 4 51   1   0
9  3 3 3 2 63   0   1
9  3 6 2 1 63   0   1
9  3 6 4 2 51   1   0
9  4 4 2 1 51   1   0
9  4 4 4 1 63   0   1
9  5 4 1 2 51   1   0
9  5 4 3 4 63   0   1
9  5 5 2 1 51   1   0
9  5 5 4 3 63   0   1
9  6 5 2 2 51   1   0
9  6 5 3 4 63   0   1
9  6 6 1 3 63   0   1
10 3 3 2 4 0    0   1
10 5 5 3 2 24   1   0
10 5 5 3 4 0    0   1
10 5 6 2 2 24   1   0
10 5 6 4 3 0    0   1
10 6 3 1 2 0    0   1
10 6 3 2 4 24   1   0
10 6 6 3 1 0    0   1
11 3 3 4 2 34   0   1
11 5 5 1 2 34   0   1
11 5 5 1 4 59   1   0
11 5 6 2 2 34   0   1
11 5 6 4 3 59   1   0
11 6 3 1 2 59   1   0
11 6 3 2 4 34   0   1
11 6 6 3 1 59   1   0
12 1 1 2 1 38   0   1
12 1 1 3 1 0    1   0
12 1 1 3 2 38   0   1
13 2 2 2 1 9    1   0
13 2 2 4 1 44   0   1
13 3 2 1 2 9    1   0
13 3 2 3 4 44   0   1
13 3 3 1 3 44   0   1
14 2 2 1 2 5    1   0
14 2 2 1 4 60   0   1
14 2 3 2 1 5    1   0
14 2 3 4 3 60   0   1
14 3 3 1 2 5    1   0
14 3 3 3 2 60   0   1
15 1 1 2 3 1    0   1
15 1 3 2 1 42   1   0
15 1 3 3 3 1    0   1
15 3 3 1 3 42   1   0
;

