Index = 440
_solve_time = 52099.6

:              xp  xb    :=
1  2 2 2 4 0    0   1
1  3 2 1 2 0    0   1
1  3 2 3 4 32   1   0
1  3 3 2 1 0    0   1
1  3 3 4 3 32   1   0
1  5 5 1 2 32   1   0
1  5 5 1 4 0    0   1
1  5 6 2 2 32   1   0
1  5 6 4 3 0    0   1
1  6 3 1 2 0    0   1
1  6 3 2 4 32   1   0
1  6 6 3 1 0    0   1
2  4 4 2 1 43   1   0
2  4 4 4 1 18   0   1
2  5 4 1 2 43   1   0
2  5 4 3 4 18   0   1
2  5 5 2 1 43   1   0
2  5 5 4 3 18   0   1
2  6 5 2 2 43   1   0
2  6 5 3 4 18   0   1
2  6 6 1 2 43   1   0
2  6 6 1 3 18   0   1
3  1 1 2 1 70   0   1
3  2 1 1 1 45   1   0
3  2 1 3 2 70   0   1
3  2 2 2 3 70   0   1
3  2 2 4 1 45   1   0
3  3 2 1 2 70   0   1
3  3 2 3 4 45   1   0
3  3 3 4 1 70   0   1
3  3 3 4 3 45   1   0
4  4 4 4 2 2    0   1
4  4 5 2 1 2    0   1
4  4 5 4 3 28   1   0
4  5 5 1 2 2    0   1
4  5 5 3 2 28   1   0
5  1 1 3 2 51   0   1
5  4 1 1 2 18   1   0
5  4 1 3 3 51   0   1
5  4 4 2 1 18   1   0
5  4 4 2 3 51   0   1
6  1 1 1 2 63   0   1
6  1 1 1 3 19   1   0
6  1 3 2 1 63   0   1
6  1 3 3 3 19   1   0
6  3 3 1 2 63   0   1
6  3 3 3 4 19   1   0
6  3 6 2 1 63   0   1
6  3 6 4 2 19   1   0
6  5 5 4 2 63   0   1
6  6 5 2 2 19   1   0
6  6 5 3 4 63   0   1
6  6 6 1 3 63   0   1
7  1 1 3 2 56   0   1
7  1 3 2 1 56   0   1
7  1 3 3 3 64   1   0
7  3 3 1 2 56   0   1
7  3 3 3 4 64   1   0
7  3 6 2 1 56   0   1
7  3 6 4 2 64   1   0
7  4 4 2 3 64   1   0
7  4 4 4 3 56   0   1
7  5 4 1 2 64   1   0
7  5 4 3 4 56   0   1
7  5 5 2 1 64   1   0
7  5 5 4 3 56   0   1
7  6 5 2 2 64   1   0
7  6 5 3 4 56   0   1
7  6 6 1 3 56   0   1
8  4 4 2 4 46   0   1
8  4 5 2 1 52   1   0
8  4 5 4 3 46   0   1
8  5 5 1 3 52   1   0
9  2 2 1 2 54   1   0
9  2 2 1 4 11   0   1
9  2 3 2 1 54   1   0
9  2 3 4 3 11   0   1
9  3 3 1 4 54   1   0
9  3 3 3 2 11   0   1
9  3 6 2 1 11   0   1
9  3 6 4 2 54   1   0
9  5 5 4 2 11   0   1
9  6 5 2 2 54   1   0
9  6 5 3 4 11   0   1
9  6 6 1 3 11   0   1
10 2 2 2 4 47   0   1
10 2 3 2 1 36   1   0
10 2 3 4 3 47   0   1
10 3 3 1 4 36   1   0
10 3 3 3 2 47   0   1
10 3 6 2 1 47   0   1
10 3 6 4 2 36   1   0
10 5 5 2 4 36   1   0
10 6 5 2 2 36   1   0
10 6 5 3 4 47   0   1
10 6 6 1 3 47   0   1
11 2 2 1 2 3    1   0
11 2 2 1 4 24   0   1
11 2 3 2 1 3    1   0
11 2 3 4 3 24   0   1
11 3 3 1 2 3    1   0
11 3 3 3 4 24   0   1
11 3 6 2 1 3    1   0
11 3 6 4 2 24   0   1
11 6 6 2 1 24   0   1
12 1 1 1 2 27   0   1
12 2 1 1 1 27   0   1
12 2 1 3 2 61   1   0
12 2 2 3 1 27   0   1
13 4 4 2 3 37   0   1
13 4 4 4 3 1    1   0
13 5 4 1 2 37   0   1
13 5 4 3 4 1    1   0
13 5 5 3 1 37   0   1
14 2 2 2 3 47   0   1
14 2 2 2 4 19   1   0
14 2 2 3 4 47   0   1
15 2 2 3 2 49   0   1
15 2 2 3 4 43   1   0
15 2 3 2 1 49   0   1
15 2 3 4 3 43   1   0
15 3 3 1 4 49   0   1
15 3 3 3 4 43   1   0
;

