Index = 454
_solve_time = 25359.8

:              xp  xb    :=
1  2 2 4 2 32   0   1
1  3 2 1 2 2    1   0
1  3 2 3 4 32   0   1
1  3 3 2 3 32   0   1
1  3 3 4 1 2    1   0
1  5 5 1 2 2    1   0
1  5 5 1 4 32   0   1
1  5 6 2 2 2    1   0
1  5 6 4 3 32   0   1
1  6 3 1 2 32   0   1
1  6 3 2 4 2    1   0
1  6 6 3 1 32   0   1
2  2 2 2 4 44   0   1
2  3 2 1 2 44   0   1
2  3 2 3 4 43   1   0
2  3 3 2 1 44   0   1
2  3 3 4 3 43   1   0
2  5 5 4 2 43   1   0
2  5 6 2 2 43   1   0
2  5 6 4 3 44   0   1
2  6 3 1 2 44   0   1
2  6 3 2 4 43   1   0
2  6 6 3 1 44   0   1
3  2 2 4 2 11   1   0
3  3 2 1 2 59   0   1
3  3 2 3 4 11   1   0
3  3 3 2 1 59   0   1
3  3 3 4 3 11   1   0
3  5 5 1 2 11   1   0
3  5 5 1 4 59   0   1
3  5 6 2 2 11   1   0
3  5 6 4 3 59   0   1
3  6 3 1 2 59   0   1
3  6 3 2 4 11   1   0
3  6 6 3 1 59   0   1
4  1 1 1 3 39   0   1
4  1 1 2 3 45   1   0
4  2 1 1 1 39   0   1
4  2 1 3 2 45   1   0
4  2 2 3 1 39   0   1
5  4 4 1 3 10   1   0
5  4 4 1 4 5    0   1
5  4 4 4 3 5    0   1
6  1 1 1 2 72   0   1
6  2 1 1 1 72   0   1
6  2 1 3 2 2    1   0
6  2 2 2 1 72   0   1
6  2 2 4 3 2    1   0
6  3 2 1 2 72   0   1
6  3 2 3 4 2    1   0
6  3 3 4 1 72   0   1
6  3 3 4 3 2    1   0
7  1 1 3 2 34   0   1
7  1 3 2 1 34   0   1
7  1 3 3 3 0    1   0
7  3 3 1 2 34   0   1
7  3 3 3 4 0    1   0
7  3 6 2 1 34   0   1
7  3 6 4 2 0    1   0
7  5 5 4 2 34   0   1
7  6 5 2 2 0    1   0
7  6 5 3 4 34   0   1
7  6 6 1 3 34   0   1
8  3 3 4 2 20   0   1
8  6 3 1 2 0    1   0
8  6 3 2 4 20   0   1
8  6 6 3 1 0    1   0
8  6 6 3 2 20   0   1
9  1 3 2 1 43   1   0
9  1 3 3 3 68   0   1
9  3 3 3 1 68   0   1
9  4 1 1 2 43   1   0
9  4 1 3 3 68   0   1
9  4 4 4 1 43   1   0
9  4 4 4 3 68   0   1
10 2 2 3 2 42   1   0
10 2 2 3 4 1    0   1
10 2 3 2 1 42   1   0
10 2 3 4 3 1    0   1
10 3 3 3 1 1    0   1
11 4 4 3 2 69   0   1
11 4 4 3 4 9    1   0
11 4 5 2 1 69   0   1
11 4 5 4 3 9    1   0
11 5 5 1 2 69   0   1
11 5 5 3 4 9    1   0
11 5 6 2 2 69   0   1
11 5 6 4 3 9    1   0
11 6 6 2 3 69   0   1
12 1 1 3 2 61   0   1
12 4 1 1 2 31   1   0
12 4 1 3 3 61   0   1
12 4 4 2 3 61   0   1
12 4 4 4 1 31   1   0
12 5 4 1 2 61   0   1
12 5 4 3 4 31   1   0
12 5 5 2 3 31   1   0
12 5 5 4 1 61   0   1
12 6 5 2 2 31   1   0
12 6 5 3 4 61   0   1
12 6 6 3 2 31   1   0
13 1 1 1 2 51   0   1
13 1 1 1 3 62   1   0
13 1 3 2 1 51   0   1
13 1 3 3 3 62   1   0
13 3 3 1 2 51   0   1
13 3 3 3 4 62   1   0
13 3 6 2 1 51   0   1
13 3 6 4 2 62   1   0
13 6 6 1 2 51   0   1
14 3 3 1 4 7    0   1
14 3 3 2 1 7    0   1
14 3 3 2 4 12   1   0
15 1 1 3 1 3    1   0
15 1 2 1 1 3    1   0
15 1 2 2 3 28   0   1
15 2 2 3 1 28   0   1
15 4 1 1 2 28   0   1
15 4 1 3 3 3    1   0
15 4 4 2 3 3    1   0
15 4 4 4 1 28   0   1
15 5 4 1 2 3    1   0
15 5 4 3 4 28   0   1
15 5 5 4 1 3    1   0
15 5 5 4 3 28   0   1
;

