Index = 425
_solve_time = 9272.91

:              xp  xb    :=
1  2 2 2 4 14   0   1
1  3 2 1 2 14   0   1
1  3 2 3 4 49   1   0
1  3 3 4 1 14   0   1
1  3 3 4 3 49   1   0
2  3 3 3 2 33   0   1
2  3 3 3 4 0    1   0
2  3 6 2 1 33   0   1
2  3 6 4 2 0    1   0
2  5 5 4 2 33   0   1
2  6 5 2 2 0    1   0
2  6 5 3 4 33   0   1
2  6 6 1 3 33   0   1
3  1 1 3 1 17   1   0
3  1 2 1 1 17   1   0
3  1 2 2 3 23   0   1
3  2 2 1 2 17   1   0
3  2 2 3 2 23   0   1
3  4 1 1 2 23   0   1
3  4 1 3 3 17   1   0
3  4 4 2 3 17   1   0
3  4 4 4 1 23   0   1
3  5 4 1 2 17   1   0
3  5 4 3 4 23   0   1
3  5 5 1 3 23   0   1
4  4 4 2 3 54   1   0
4  4 4 4 3 4    0   1
4  5 4 1 2 54   1   0
4  5 4 3 4 4    0   1
4  5 5 2 1 54   1   0
4  5 5 2 3 4    0   1
5  5 5 2 3 50   1   0
5  5 5 4 3 27   0   1
5  6 5 2 2 50   1   0
5  6 5 3 4 27   0   1
5  6 6 2 3 27   0   1
6  1 1 1 2 26   1   0
6  1 1 1 3 0    0   1
6  1 3 2 1 26   1   0
6  1 3 3 3 0    0   1
6  3 3 1 2 26   1   0
6  3 3 3 2 0    0   1
7  2 2 1 2 45   1   0
7  2 2 1 4 27   0   1
7  2 3 2 1 45   1   0
7  2 3 4 3 27   0   1
7  3 3 1 2 45   1   0
7  3 3 3 4 27   0   1
7  3 6 2 1 45   1   0
7  3 6 4 2 27   0   1
7  6 6 2 1 27   0   1
8  3 3 2 4 18   0   1
8  3 6 2 1 0    1   0
8  3 6 4 2 18   0   1
8  6 6 1 3 0    1   0
8  6 6 2 3 18   0   1
9  5 5 2 4 0    0   1
9  5 6 2 2 67   1   0
9  5 6 4 3 0    0   1
9  6 6 2 3 67   1   0
10 1 1 2 3 25   1   0
10 1 3 2 1 0    0   1
10 1 3 3 3 25   1   0
10 3 3 1 3 0    0   1
11 2 2 2 1 47   0   1
11 2 2 4 1 19   1   0
11 3 2 1 2 47   0   1
11 3 2 3 4 19   1   0
11 3 3 2 1 47   0   1
11 3 3 2 3 19   1   0
12 2 2 4 2 68   0   1
12 3 2 1 2 22   1   0
12 3 2 3 4 68   0   1
12 3 3 2 3 68   0   1
12 3 3 4 1 22   1   0
12 5 5 2 4 68   0   1
12 5 6 2 2 22   1   0
12 5 6 4 3 68   0   1
12 6 3 1 2 68   0   1
12 6 3 2 4 22   1   0
12 6 6 3 1 68   0   1
13 1 1 1 2 22   1   0
13 1 1 1 3 47   0   1
13 1 3 2 1 22   1   0
13 1 3 3 3 47   0   1
13 3 3 1 2 22   1   0
13 3 3 3 4 47   0   1
13 3 6 2 1 22   1   0
13 3 6 4 2 47   0   1
13 4 4 4 2 47   0   1
13 5 4 1 2 22   1   0
13 5 4 3 4 47   0   1
13 5 5 2 3 47   0   1
13 5 5 4 1 22   1   0
13 6 5 2 2 47   0   1
13 6 5 3 4 22   1   0
13 6 6 1 3 22   1   0
14 4 4 4 2 62   0   1
14 4 5 2 1 62   0   1
14 4 5 4 3 3    1   0
14 5 5 1 2 62   0   1
14 5 5 3 4 3    1   0
14 5 6 2 2 62   0   1
14 5 6 4 3 3    1   0
14 6 6 2 3 62   0   1
15 4 4 2 4 70   0   1
15 4 5 2 1 0    1   0
15 4 5 4 3 70   0   1
15 5 5 1 2 0    1   0
15 5 5 3 2 70   0   1
;

