Index = 367
_solve_time = 7395.75

:              xp  xb    :=
1  3 3 2 3 0    1   0
1  3 3 4 3 14   0   1
1  5 5 4 2 14   0   1
1  5 6 2 2 14   0   1
1  5 6 4 3 0    1   0
1  6 3 1 2 0    1   0
1  6 3 2 4 14   0   1
1  6 6 3 1 0    1   0
2  2 2 2 4 71   1   0
2  2 3 2 1 0    0   1
2  2 3 4 3 71   1   0
2  3 3 1 2 0    0   1
2  3 3 3 4 71   1   0
2  3 6 2 1 0    0   1
2  3 6 4 2 71   1   0
2  4 4 2 3 0    0   1
2  4 4 4 3 71   1   0
2  5 4 1 2 0    0   1
2  5 4 3 4 71   1   0
2  5 5 2 3 71   1   0
2  5 5 4 1 0    0   1
2  6 5 2 2 71   1   0
2  6 5 3 4 0    0   1
2  6 6 1 3 0    0   1
3  4 4 2 1 59   0   1
3  4 4 4 1 68   1   0
3  5 4 1 2 59   0   1
3  5 4 3 4 68   1   0
3  5 5 2 1 59   0   1
3  5 5 2 3 68   1   0
4  1 1 3 1 0    0   1
4  1 2 1 1 0    0   1
4  1 2 2 3 9    1   0
4  2 2 1 3 0    0   1
4  4 1 1 2 9    1   0
4  4 1 3 3 0    0   1
4  4 4 2 1 9    1   0
4  4 4 4 3 0    0   1
4  5 4 1 2 9    1   0
4  5 4 3 4 0    0   1
4  5 5 1 3 0    0   1
5  1 3 2 1 27   1   0
5  1 3 3 3 23   0   1
5  3 3 1 4 27   1   0
5  3 3 3 4 23   0   1
5  4 1 1 2 27   1   0
5  4 1 3 3 23   0   1
5  4 4 2 1 27   1   0
5  4 4 2 3 23   0   1
6  1 1 3 2 2    0   1
6  1 3 2 1 2    0   1
6  1 3 3 3 66   1   0
6  3 3 1 4 2    0   1
6  3 3 3 2 66   1   0
6  3 6 2 1 66   1   0
6  3 6 4 2 2    0   1
6  5 5 2 3 2    0   1
6  5 5 4 3 66   1   0
6  6 5 2 2 2    0   1
6  6 5 3 4 66   1   0
6  6 6 1 3 66   1   0
7  3 3 2 4 14   0   1
7  3 6 2 1 57   1   0
7  3 6 4 2 14   0   1
7  6 6 2 1 14   0   1
8  1 1 1 2 56   1   0
8  1 1 1 3 52   0   1
8  1 1 3 2 52   0   1
9  1 1 1 2 11   0   1
9  1 1 1 3 0    1   0
9  1 3 2 1 11   0   1
9  1 3 3 3 0    1   0
9  3 3 1 2 11   0   1
9  3 3 3 4 0    1   0
9  3 6 2 1 11   0   1
9  3 6 4 2 0    1   0
9  6 6 1 2 11   0   1
10 2 2 4 2 13   1   0
10 3 2 1 2 0    0   1
10 3 2 3 4 13   1   0
10 3 3 3 1 0    0   1
11 2 2 2 4 63   0   1
11 2 3 2 1 49   1   0
11 2 3 4 3 63   0   1
11 3 3 1 4 49   1   0
11 3 3 3 2 63   0   1
11 3 6 2 1 63   0   1
11 3 6 4 2 49   1   0
11 4 4 4 2 63   0   1
11 5 4 1 2 49   1   0
11 5 4 3 4 63   0   1
11 5 5 2 1 49   1   0
11 5 5 4 3 63   0   1
11 6 5 2 2 49   1   0
11 6 5 3 4 63   0   1
11 6 6 1 3 63   0   1
12 5 5 4 2 65   0   1
12 5 6 2 2 65   0   1
12 5 6 4 3 29   1   0
12 6 6 2 1 65   0   1
12 6 6 3 1 29   1   0
13 2 2 1 2 61   1   0
13 2 2 1 4 4    0   1
13 2 3 2 1 61   1   0
13 2 3 4 3 4    0   1
13 3 3 1 4 61   1   0
13 3 3 3 2 4    0   1
13 3 6 2 1 4    0   1
13 3 6 4 2 61   1   0
13 4 4 4 2 4    0   1
13 5 4 1 2 61   1   0
13 5 4 3 4 4    0   1
13 5 5 2 1 61   1   0
13 5 5 4 3 4    0   1
13 6 5 2 2 61   1   0
13 6 5 3 4 4    0   1
13 6 6 1 3 4    0   1
14 3 3 3 2 37   0   1
14 3 3 3 4 57   1   0
14 3 6 2 1 37   0   1
14 3 6 4 2 57   1   0
14 5 5 4 2 37   0   1
14 6 5 2 2 57   1   0
14 6 5 3 4 37   0   1
14 6 6 1 3 37   0   1
15 2 2 1 2 20   0   1
15 2 2 1 4 70   1   0
15 2 3 2 1 20   0   1
15 2 3 4 3 70   1   0
15 3 3 1 4 20   0   1
15 3 3 3 2 70   1   0
15 3 6 2 1 70   1   0
15 3 6 4 2 20   0   1
15 6 6 1 3 70   1   0
15 6 6 2 3 20   0   1
;

