Index = 315
_solve_time = 1576.42

:              xp  xb    :=
1  1 1 1 2 6    0   1
1  2 1 1 1 6    0   1
1  2 1 3 2 46   1   0
1  2 2 4 1 6    0   1
1  2 2 4 3 46   1   0
2  4 4 3 2 57   0   1
2  4 4 3 4 0    1   0
2  4 5 2 1 57   0   1
2  4 5 4 3 0    1   0
2  5 5 1 3 57   0   1
3  1 1 3 2 9    0   1
3  4 1 1 2 4    1   0
3  4 1 3 3 9    0   1
3  4 4 1 3 9    0   1
4  1 1 2 3 0    0   1
4  4 1 1 2 0    0   1
4  4 1 3 3 3    1   0
4  4 4 2 3 3    1   0
4  4 4 4 1 0    0   1
4  5 4 1 2 3    1   0
4  5 4 3 4 0    0   1
4  5 5 3 1 3    1   0
5  3 3 3 2 30   0   1
5  3 3 3 4 63   1   0
5  3 6 2 1 30   0   1
5  3 6 4 2 63   1   0
5  6 6 1 2 30   0   1
6  5 5 2 3 12   1   0
6  5 5 4 3 9    0   1
6  6 5 2 2 12   1   0
6  6 5 3 4 9    0   1
6  6 6 2 3 9    0   1
7  3 3 2 3 22   0   1
7  3 3 4 3 39   1   0
7  6 3 1 2 22   0   1
7  6 3 2 4 39   1   0
7  6 6 2 1 22   0   1
8  2 2 2 4 47   1   0
8  2 3 2 1 65   0   1
8  2 3 4 3 47   1   0
8  3 3 1 2 65   0   1
8  3 3 3 4 47   1   0
8  3 6 2 1 65   0   1
8  3 6 4 2 47   1   0
8  4 4 2 3 47   1   0
8  4 4 4 3 65   0   1
8  5 4 1 2 47   1   0
8  5 4 3 4 65   0   1
8  5 5 2 1 47   1   0
8  5 5 4 3 65   0   1
8  6 5 2 2 47   1   0
8  6 5 3 4 65   0   1
8  6 6 1 3 65   0   1
9  1 1 3 1 71   0   1
9  1 2 1 1 71   0   1
9  1 2 2 3 13   1   0
9  2 2 1 3 71   0   1
9  4 1 1 2 13   1   0
9  4 1 3 3 71   0   1
9  4 4 4 1 13   1   0
9  4 4 4 3 71   0   1
10 2 2 2 3 64   1   0
10 2 2 4 3 67   0   1
10 3 2 1 2 64   1   0
10 3 2 3 4 67   0   1
10 3 3 4 1 64   1   0
10 3 3 4 3 67   0   1
11 1 3 2 1 49   1   0
11 1 3 3 3 19   0   1
11 2 2 4 2 19   0   1
11 3 2 1 2 49   1   0
11 3 2 3 4 19   0   1
11 4 1 1 2 49   1   0
11 4 1 3 3 19   0   1
11 4 4 1 3 19   0   1
12 3 3 1 2 1    0   1
12 3 3 1 4 1    1   0
12 3 6 2 1 1    0   1
12 3 6 4 2 1    1   0
12 5 5 2 4 1    1   0
12 6 5 2 2 1    1   0
12 6 5 3 4 1    0   1
12 6 6 1 3 1    0   1
13 1 1 1 2 28   0   1
13 2 1 1 1 28   0   1
13 2 1 3 2 1    1   0
13 2 2 2 1 28   0   1
13 2 2 4 3 1    1   0
13 3 2 1 2 28   0   1
13 3 2 3 4 1    1   0
13 3 3 2 1 28   0   1
13 3 3 2 3 1    1   0
14 4 4 1 2 0    0   1
14 4 4 1 4 4    1   0
14 4 5 2 1 0    0   1
14 4 5 4 3 4    1   0
14 5 5 1 3 0    0   1
15 3 3 2 1 0    1   0
15 3 3 2 3 14   0   1
15 3 3 3 1 14   0   1
;

