Index = 302
_solve_time = 16717.8

:              xp  xb    :=
1  1 1 3 2 37   0   1
1  4 1 1 2 22   1   0
1  4 1 3 3 37   0   1
1  4 4 2 1 22   1   0
1  4 4 4 3 37   0   1
1  5 4 1 2 22   1   0
1  5 4 3 4 37   0   1
1  5 5 1 3 37   0   1
2  1 1 2 3 42   0   1
2  1 3 2 1 23   1   0
2  1 3 3 3 42   0   1
2  3 3 1 2 23   1   0
2  3 3 3 4 42   0   1
2  3 6 2 1 23   1   0
2  3 6 4 2 42   0   1
2  6 6 2 1 42   0   1
3  2 2 2 3 22   1   0
3  2 2 4 3 46   0   1
3  3 2 1 2 22   1   0
3  3 2 3 4 46   0   1
3  3 3 4 1 22   1   0
3  3 3 4 3 46   0   1
4  4 4 2 3 4    0   1
4  4 4 4 3 6    1   0
4  5 4 1 2 4    0   1
4  5 4 3 4 6    1   0
4  5 5 2 3 6    1   0
4  5 5 4 1 4    0   1
4  6 5 2 2 6    1   0
4  6 5 3 4 4    0   1
4  6 6 2 3 4    0   1
5  3 3 1 2 48   1   0
5  3 3 1 4 24   0   1
5  3 6 2 1 48   1   0
5  3 6 4 2 24   0   1
5  5 5 2 4 24   0   1
5  6 5 2 2 24   0   1
5  6 5 3 4 48   1   0
5  6 6 1 3 48   1   0
6  2 2 2 4 72   0   1
6  3 2 1 2 72   0   1
6  3 2 3 4 23   1   0
6  3 3 2 3 23   1   0
6  3 3 4 1 72   0   1
6  6 3 1 2 23   1   0
6  6 3 2 4 72   0   1
6  6 6 1 2 72   0   1
7  4 4 2 1 48   1   0
7  4 4 4 1 8    0   1
7  5 4 1 2 48   1   0
7  5 4 3 4 8    0   1
7  5 5 4 1 48   1   0
7  5 5 4 3 8    0   1
8  1 1 1 2 45   1   0
8  1 1 1 3 0    0   1
8  1 3 2 1 45   1   0
8  1 3 3 3 0    0   1
8  3 3 3 1 0    0   1
9  3 3 2 3 70   1   0
9  3 3 2 4 51   0   1
9  3 3 4 3 51   0   1
10 1 3 2 1 0    0   1
10 1 3 3 3 71   1   0
10 3 3 1 3 0    0   1
10 4 1 1 2 0    0   1
10 4 1 3 3 71   1   0
10 4 4 3 1 0    0   1
11 4 4 3 2 3    0   1
11 4 4 3 4 25   1   0
11 4 5 2 1 3    0   1
11 4 5 4 3 25   1   0
11 5 5 1 4 3    0   1
11 5 5 3 2 25   1   0
11 5 6 2 2 25   1   0
11 5 6 4 3 3    0   1
11 6 6 3 2 3    0   1
12 4 4 2 4 1    0   1
12 4 5 2 1 23   1   0
12 4 5 4 3 1    0   1
12 5 5 1 2 23   1   0
12 5 5 3 2 1    0   1
13 4 4 4 2 46   0   1
13 4 5 2 1 46   0   1
13 4 5 4 3 49   1   0
13 5 5 1 3 46   0   1
14 6 6 1 3 73   0   1
14 6 6 2 1 73   0   1
14 6 6 2 3 44   1   0
15 2 2 3 2 61   0   1
15 2 2 3 4 0    1   0
15 2 3 2 1 61   0   1
15 2 3 4 3 0    1   0
15 3 3 1 2 61   0   1
15 3 3 3 4 0    1   0
15 3 6 2 1 61   0   1
15 3 6 4 2 0    1   0
15 6 6 1 3 61   0   1
15 6 6 2 3 0    1   0
;

