Index = 347
_solve_time = 7767.59

:              xp  xb    :=
1  1 1 1 2 63   1   0
1  1 1 1 3 8    0   1
1  1 3 2 1 63   1   0
1  1 3 3 3 8    0   1
1  3 3 1 4 63   1   0
1  3 3 3 2 8    0   1
1  3 6 2 1 8    0   1
1  3 6 4 2 63   1   0
1  4 4 2 4 63   1   0
1  5 4 1 2 63   1   0
1  5 4 3 4 8    0   1
1  5 5 2 1 63   1   0
1  5 5 4 3 8    0   1
1  6 5 2 2 63   1   0
1  6 5 3 4 8    0   1
1  6 6 1 3 8    0   1
2  1 3 2 1 67   1   0
2  1 3 3 3 65   0   1
2  3 3 3 1 65   0   1
2  4 1 1 2 67   1   0
2  4 1 3 3 65   0   1
2  4 4 2 1 67   1   0
2  4 4 2 3 65   0   1
3  1 1 1 3 21   0   1
3  1 1 2 3 62   1   0
3  2 1 1 1 21   0   1
3  2 1 3 2 62   1   0
3  2 2 4 1 21   0   1
3  2 2 4 3 62   1   0
4  5 5 1 2 0    0   1
4  5 5 1 4 4    1   0
4  5 6 2 2 0    0   1
4  5 6 4 3 4    1   0
4  6 6 2 1 0    0   1
4  6 6 3 1 4    1   0
5  1 1 3 2 49   0   1
5  1 3 2 1 49   0   1
5  1 3 3 3 1    1   0
5  3 3 1 2 49   0   1
5  3 3 3 4 1    1   0
5  3 6 2 1 49   0   1
5  3 6 4 2 1    1   0
5  5 5 2 4 1    1   0
5  6 5 2 2 1    1   0
5  6 5 3 4 49   0   1
5  6 6 1 3 49   0   1
6  2 2 3 2 1    0   1
6  2 2 3 4 0    1   0
6  2 3 2 1 1    0   1
6  2 3 4 3 0    1   0
6  3 3 1 3 1    0   1
7  2 2 3 2 24   0   1
7  2 2 3 4 69   1   0
7  2 3 2 1 24   0   1
7  2 3 4 3 69   1   0
7  3 3 1 4 24   0   1
7  3 3 3 4 69   1   0
8  1 1 2 3 11   0   1
8  1 3 2 1 3    1   0
8  1 3 3 3 11   0   1
8  3 3 3 1 11   0   1
9  4 4 4 2 34   0   1
9  4 5 2 1 34   0   1
9  4 5 4 3 13   1   0
9  5 5 1 4 34   0   1
9  5 5 3 4 13   1   0
10 3 3 3 2 1    1   0
10 3 3 3 4 29   0   1
10 3 3 4 2 29   0   1
11 2 2 4 2 1    0   1
11 3 2 1 2 40   1   0
11 3 2 3 4 1    0   1
11 3 3 2 1 40   1   0
11 3 3 4 3 1    0   1
11 6 3 1 2 40   1   0
11 6 3 2 4 1    0   1
11 6 6 3 1 40   1   0
11 6 6 3 2 1    0   1
12 2 2 1 2 29   1   0
12 2 2 1 4 19   0   1
12 2 3 2 1 29   1   0
12 2 3 4 3 19   0   1
12 3 3 1 4 29   1   0
12 3 3 3 2 19   0   1
12 3 6 2 1 19   0   1
12 3 6 4 2 29   1   0
12 5 5 2 3 29   1   0
12 5 5 4 3 19   0   1
12 6 5 2 2 29   1   0
12 6 5 3 4 19   0   1
12 6 6 1 3 19   0   1
13 5 5 1 2 55   0   1
13 5 5 1 3 1    1   0
13 5 5 2 3 55   0   1
14 2 2 4 2 65   0   1
14 2 3 2 1 65   0   1
14 2 3 4 3 43   1   0
14 3 3 1 2 65   0   1
14 3 3 3 4 43   1   0
14 3 6 2 1 65   0   1
14 3 6 4 2 43   1   0
14 5 5 2 3 43   1   0
14 5 5 4 3 65   0   1
14 6 5 2 2 43   1   0
14 6 5 3 4 65   0   1
14 6 6 1 3 65   0   1
15 2 2 2 3 7    0   1
15 2 2 4 3 28   1   0
15 3 2 1 2 7    0   1
15 3 2 3 4 28   1   0
15 3 3 2 3 28   1   0
15 3 3 4 1 7    0   1
15 6 3 1 2 28   1   0
15 6 3 2 4 7    0   1
15 6 6 1 2 7    0   1
;

