Index = 334
_solve_time = 2644.57

:              xp  xb    :=
1  1 1 1 2 7    1   0
1  1 1 1 3 0    0   1
1  1 3 2 1 7    1   0
1  1 3 3 3 0    0   1
1  3 3 1 4 7    1   0
1  3 3 3 4 0    0   1
2  1 1 1 2 51   1   0
2  2 1 1 1 51   1   0
2  2 1 3 2 64   0   1
2  2 2 2 3 64   0   1
2  2 2 4 1 51   1   0
2  3 2 1 2 64   0   1
2  3 2 3 4 51   1   0
2  3 3 3 1 64   0   1
3  2 2 2 1 39   0   1
3  2 2 4 1 24   1   0
3  2 2 4 2 39   0   1
4  4 4 4 2 31   0   1
4  4 5 2 1 31   0   1
4  4 5 4 3 27   1   0
4  5 5 1 3 31   0   1
5  1 1 1 3 23   0   1
5  1 1 2 1 23   0   1
5  1 1 2 3 25   1   0
6  1 1 1 2 17   0   1
6  2 1 1 1 17   0   1
6  2 1 3 2 21   1   0
6  2 2 2 3 21   1   0
6  2 2 4 1 17   0   1
6  3 2 1 2 21   1   0
6  3 2 3 4 17   0   1
6  3 3 1 3 17   0   1
7  1 1 3 1 48   0   1
7  1 2 1 1 48   0   1
7  1 2 2 3 48   1   0
7  2 2 1 2 48   0   1
7  2 2 3 2 48   1   0
7  4 1 1 2 48   1   0
7  4 1 3 3 48   0   1
7  4 4 1 3 48   0   1
8  4 4 4 2 25   0   1
8  5 4 1 2 48   1   0
8  5 4 3 4 25   0   1
8  5 5 1 3 25   0   1
9  1 1 1 2 70   0   1
9  2 1 1 1 70   0   1
9  2 1 3 2 45   1   0
9  2 2 2 3 45   1   0
9  2 2 4 1 70   0   1
9  3 2 1 2 45   1   0
9  3 2 3 4 70   0   1
9  3 3 2 1 45   1   0
9  3 3 4 3 70   0   1
9  6 3 1 2 45   1   0
9  6 3 2 4 70   0   1
9  6 6 2 1 45   1   0
10 1 1 1 2 45   0   1
10 2 1 1 1 45   0   1
10 2 1 3 2 13   1   0
10 2 2 3 1 45   0   1
11 2 2 1 2 0    1   0
11 2 2 1 4 3    0   1
11 2 3 2 1 0    1   0
11 2 3 4 3 3    0   1
11 3 3 3 1 3    0   1
12 3 3 2 3 24   0   1
12 3 3 4 3 64   1   0
12 5 5 2 4 24   0   1
12 5 6 2 2 64   1   0
12 5 6 4 3 24   0   1
12 6 3 1 2 24   0   1
12 6 3 2 4 64   1   0
12 6 6 3 1 24   0   1
13 2 2 1 2 7    1   0
13 2 2 1 4 0    0   1
13 2 3 2 1 7    1   0
13 2 3 4 3 0    0   1
13 3 3 3 1 0    0   1
14 2 2 2 4 19   0   1
14 2 3 2 1 44   1   0
14 2 3 4 3 19   0   1
14 3 3 1 4 44   1   0
14 3 3 3 2 19   0   1
14 3 6 2 1 19   0   1
14 3 6 4 2 44   1   0
14 5 5 2 3 44   1   0
14 5 5 4 3 19   0   1
14 6 5 2 2 44   1   0
14 6 5 3 4 19   0   1
14 6 6 1 3 19   0   1
15 2 2 4 2 49   1   0
15 2 3 2 1 49   1   0
15 2 3 4 3 25   0   1
15 3 3 1 4 49   1   0
15 3 3 3 2 25   0   1
15 3 6 2 1 25   0   1
15 3 6 4 2 49   1   0
15 6 6 1 2 25   0   1
;

