Index = 313
_solve_time = 3224.4

:              xp  xb    :=
1  3 3 1 2 9    0   1
1  3 3 1 4 64   1   0
1  3 6 2 1 9    0   1
1  3 6 4 2 64   1   0
1  4 4 2 4 64   1   0
1  5 4 1 2 64   1   0
1  5 4 3 4 9    0   1
1  5 5 2 1 64   1   0
1  5 5 4 3 9    0   1
1  6 5 2 2 64   1   0
1  6 5 3 4 9    0   1
1  6 6 1 3 9    0   1
2  4 4 4 2 12   0   1
2  4 5 2 1 12   0   1
2  4 5 4 3 1    1   0
2  5 5 1 4 12   0   1
2  5 5 3 2 1    1   0
2  5 6 2 2 1    1   0
2  5 6 4 3 12   0   1
2  6 6 3 2 12   0   1
3  4 4 2 1 31   0   1
3  4 4 4 1 54   1   0
3  5 4 1 2 31   0   1
3  5 4 3 4 54   1   0
3  5 5 2 1 31   0   1
3  5 5 4 3 54   1   0
3  6 5 2 2 31   0   1
3  6 5 3 4 54   1   0
3  6 6 3 2 31   0   1
4  5 5 2 4 39   0   1
4  6 5 2 2 39   0   1
4  6 5 3 4 19   1   0
4  6 6 1 2 39   0   1
4  6 6 1 3 19   1   0
5  3 3 1 3 67   0   1
5  3 3 4 1 67   0   1
5  3 3 4 3 6    1   0
6  2 2 3 1 9    1   0
6  2 2 3 4 50   0   1
6  2 2 4 1 50   0   1
7  2 2 3 2 0    0   1
7  2 2 3 4 65   1   0
7  2 3 2 1 0    0   1
7  2 3 4 3 65   1   0
7  3 3 1 2 0    0   1
7  3 3 3 4 65   1   0
7  3 6 2 1 0    0   1
7  3 6 4 2 65   1   0
7  4 4 2 1 65   1   0
7  4 4 4 1 0    0   1
7  5 4 1 2 65   1   0
7  5 4 3 4 0    0   1
7  5 5 2 1 65   1   0
7  5 5 4 3 0    0   1
7  6 5 2 2 65   1   0
7  6 5 3 4 0    0   1
7  6 6 1 3 0    0   1
8  1 1 2 1 0    1   0
8  2 1 1 1 4    0   1
8  2 1 3 2 0    1   0
8  2 2 3 1 4    0   1
9  3 3 2 4 17   0   1
9  3 6 2 1 11   1   0
9  3 6 4 2 17   0   1
9  4 4 2 4 17   0   1
9  5 4 1 2 17   0   1
9  5 4 3 4 11   1   0
9  5 5 2 1 17   0   1
9  5 5 4 3 11   1   0
9  6 5 2 2 17   0   1
9  6 5 3 4 11   1   0
9  6 6 1 3 11   1   0
10 1 1 1 3 2    0   1
10 1 1 2 3 55   1   0
10 2 1 1 1 2    0   1
10 2 1 3 2 55   1   0
10 2 2 2 1 2    0   1
10 2 2 4 3 55   1   0
10 3 2 1 2 2    0   1
10 3 2 3 4 55   1   0
10 3 3 2 1 2    0   1
10 3 3 2 3 55   1   0
11 1 1 3 2 27   1   0
11 1 3 2 1 27   1   0
11 1 3 3 3 73   0   1
11 3 3 1 4 27   1   0
11 3 3 3 2 73   0   1
11 3 6 2 1 73   0   1
11 3 6 4 2 27   1   0
11 4 4 2 4 73   0   1
11 5 4 1 2 73   0   1
11 5 4 3 4 27   1   0
11 5 5 2 3 27   1   0
11 5 5 4 1 73   0   1
11 6 5 2 2 27   1   0
11 6 5 3 4 73   0   1
11 6 6 1 3 73   0   1
12 1 1 2 3 2    0   1
12 1 3 2 1 5    1   0
12 1 3 3 3 2    0   1
12 3 3 1 4 5    1   0
12 3 3 3 4 2    0   1
13 4 4 2 3 44   0   1
13 4 4 4 3 59   1   0
13 5 4 1 2 44   0   1
13 5 4 3 4 59   1   0
13 5 5 2 3 59   1   0
13 5 5 4 1 44   0   1
13 6 5 2 2 59   1   0
13 6 5 3 4 44   0   1
13 6 6 2 3 44   0   1
14 5 5 2 4 68   0   1
14 6 5 2 2 68   0   1
14 6 5 3 4 18   1   0
14 6 6 1 2 68   0   1
14 6 6 1 3 18   1   0
15 1 3 2 1 11   1   0
15 1 3 3 3 1    0   1
15 3 3 1 2 11   1   0
15 3 3 3 2 1    0   1
15 4 1 1 2 11   1   0
15 4 1 3 3 1    0   1
15 4 4 1 3 1    0   1
;

