Index = 373
_solve_time = 34521.1

:              xp  xb    :=
1  1 1 1 2 60   1   0
1  1 1 1 3 54   0   1
1  1 1 3 2 54   0   1
2  1 1 1 2 39   1   0
2  1 1 1 3 34   0   1
2  1 3 2 1 39   1   0
2  1 3 3 3 34   0   1
2  3 3 1 4 39   1   0
2  3 3 3 2 34   0   1
2  3 6 2 1 34   0   1
2  3 6 4 2 39   1   0
2  5 5 2 1 39   1   0
2  5 5 4 1 34   0   1
2  6 5 2 2 39   1   0
2  6 5 3 4 34   0   1
2  6 6 1 3 34   0   1
3  2 2 1 2 23   0   1
3  2 2 4 1 23   0   1
3  2 2 4 2 0    1   0
4  1 1 2 3 48   0   1
4  1 3 2 1 50   1   0
4  1 3 3 3 48   0   1
4  3 3 1 4 50   1   0
4  3 3 3 4 48   0   1
5  1 1 1 2 71   0   1
5  2 1 1 1 71   0   1
5  2 1 3 2 51   1   0
5  2 2 3 1 71   0   1
6  5 5 2 1 0    1   0
6  5 5 4 1 48   0   1
6  6 5 2 2 0    1   0
6  6 5 3 4 48   0   1
6  6 6 2 3 48   0   1
7  1 1 3 1 49   0   1
7  1 2 1 1 49   0   1
7  1 2 2 3 19   1   0
7  2 2 1 4 49   0   1
7  2 2 3 4 19   1   0
7  4 1 1 2 19   1   0
7  4 1 3 3 49   0   1
7  4 4 1 3 49   0   1
8  1 1 3 2 66   0   1
8  4 1 1 2 7    1   0
8  4 1 3 3 66   0   1
8  4 4 2 1 7    1   0
8  4 4 4 3 66   0   1
8  5 4 1 2 7    1   0
8  5 4 3 4 66   0   1
8  5 5 2 1 7    1   0
8  5 5 4 3 66   0   1
8  6 5 2 2 7    1   0
8  6 5 3 4 66   0   1
8  6 6 3 2 7    1   0
9  1 3 2 1 26   1   0
9  1 3 3 3 64   0   1
9  3 3 1 2 26   1   0
9  3 3 3 2 64   0   1
9  4 1 1 2 26   1   0
9  4 1 3 3 64   0   1
9  4 4 1 3 64   0   1
10 1 1 1 3 19   1   0
10 1 1 2 3 44   0   1
10 2 1 1 1 19   1   0
10 2 1 3 2 44   0   1
10 2 2 4 1 19   1   0
10 2 2 4 3 44   0   1
11 1 1 1 2 21   1   0
11 1 1 1 3 23   0   1
11 1 3 2 1 21   1   0
11 1 3 3 3 23   0   1
11 3 3 1 2 21   1   0
11 3 3 3 4 23   0   1
11 3 6 2 1 21   1   0
11 3 6 4 2 23   0   1
11 5 5 2 4 23   0   1
11 6 5 2 2 23   0   1
11 6 5 3 4 21   1   0
11 6 6 1 3 21   1   0
12 2 2 1 2 45   1   0
12 2 2 1 4 59   0   1
12 2 3 2 1 45   1   0
12 2 3 4 3 59   0   1
12 3 3 1 4 45   1   0
12 3 3 3 4 59   0   1
13 1 3 2 1 69   1   0
13 1 3 3 3 11   0   1
13 2 2 4 2 11   0   1
13 3 2 1 2 69   1   0
13 3 2 3 4 11   0   1
13 4 1 1 2 69   1   0
13 4 1 3 3 11   0   1
13 4 4 4 1 69   1   0
13 4 4 4 3 11   0   1
14 4 4 2 1 42   1   0
14 4 4 4 1 56   0   1
14 5 4 1 2 42   1   0
14 5 4 3 4 56   0   1
14 5 5 2 1 42   1   0
14 5 5 4 3 56   0   1
14 6 5 2 2 42   1   0
14 6 5 3 4 56   0   1
14 6 6 2 3 56   0   1
15 2 2 2 4 43   0   1
15 3 2 1 2 43   0   1
15 3 2 3 4 0    1   0
15 3 3 2 1 43   0   1
15 3 3 2 3 0    1   0
;

