Index = 327
_solve_time = 4221.38

:              xp  xb    :=
1  1 1 3 2 71   0   1
1  1 3 2 1 71   0   1
1  1 3 3 3 19   1   0
1  3 3 1 3 71   0   1
2  5 5 2 4 46   0   1
2  5 6 2 2 56   1   0
2  5 6 4 3 46   0   1
2  6 6 3 2 46   0   1
3  1 1 1 2 65   1   0
3  1 1 1 3 21   0   1
3  1 3 2 1 65   1   0
3  1 3 3 3 21   0   1
3  3 3 1 4 65   1   0
3  3 3 3 2 21   0   1
3  3 6 2 1 21   0   1
3  3 6 4 2 65   1   0
3  5 5 2 1 65   1   0
3  5 5 4 1 21   0   1
3  6 5 2 2 65   1   0
3  6 5 3 4 21   0   1
3  6 6 1 3 21   0   1
4  4 4 2 3 10   0   1
4  4 4 4 3 72   1   0
4  5 4 1 2 10   0   1
4  5 4 3 4 72   1   0
4  5 5 2 1 10   0   1
4  5 5 4 3 72   1   0
4  6 5 2 2 10   0   1
4  6 5 3 4 72   1   0
4  6 6 3 2 10   0   1
5  3 3 1 2 28   1   0
5  3 3 1 4 28   0   1
5  3 6 2 1 28   1   0
5  3 6 4 2 28   0   1
5  4 4 2 4 28   0   1
5  5 4 1 2 28   0   1
5  5 4 3 4 28   1   0
5  5 5 2 1 28   0   1
5  5 5 4 3 28   1   0
5  6 5 2 2 28   0   1
5  6 5 3 4 28   1   0
5  6 6 1 3 28   1   0
6  3 3 2 4 43   0   1
6  6 3 1 2 43   0   1
6  6 3 2 4 24   1   0
6  6 6 1 2 24   1   0
7  1 1 3 2 2    0   1
7  1 3 2 1 2    0   1
7  1 3 3 3 74   1   0
7  3 3 1 2 2    0   1
7  3 3 3 4 74   1   0
7  3 6 2 1 2    0   1
7  3 6 4 2 74   1   0
7  5 5 4 2 2    0   1
7  6 5 2 2 74   1   0
7  6 5 3 4 2    0   1
7  6 6 1 3 2    0   1
8  2 2 4 2 17   0   1
8  3 2 1 2 60   1   0
8  3 2 3 4 17   0   1
8  3 3 2 1 60   1   0
8  3 3 4 3 17   0   1
8  6 3 1 2 60   1   0
8  6 3 2 4 17   0   1
8  6 6 3 1 60   1   0
8  6 6 3 2 17   0   1
9  1 3 2 1 57   1   0
9  1 3 3 3 9    0   1
9  3 3 1 2 57   1   0
9  3 3 3 2 9    0   1
9  4 1 1 2 57   1   0
9  4 1 3 3 9    0   1
9  4 4 1 3 9    0   1
10 1 1 3 1 68   1   0
10 1 2 1 1 68   1   0
10 1 2 2 3 37   0   1
10 2 2 3 1 37   0   1
10 4 1 1 2 37   0   1
10 4 1 3 3 68   1   0
10 4 4 4 1 37   0   1
10 4 4 4 3 68   1   0
11 3 3 2 4 49   0   1
11 5 5 2 4 49   0   1
11 5 6 2 2 71   1   0
11 5 6 4 3 49   0   1
11 6 3 1 2 49   0   1
11 6 3 2 4 71   1   0
11 6 6 3 1 49   0   1
12 4 4 4 2 44   0   1
12 5 4 1 2 54   1   0
12 5 4 3 4 44   0   1
12 5 5 2 3 44   0   1
12 5 5 4 1 54   1   0
12 6 5 2 2 44   0   1
12 6 5 3 4 54   1   0
12 6 6 1 2 44   0   1
12 6 6 1 3 54   1   0
13 2 2 1 2 30   0   1
13 2 2 1 4 8    1   0
13 2 3 2 1 30   0   1
13 2 3 4 3 8    1   0
13 3 3 1 3 30   0   1
14 2 2 1 2 6    1   0
14 2 2 1 4 47   0   1
14 2 3 2 1 6    1   0
14 2 3 4 3 47   0   1
14 3 3 1 4 6    1   0
14 3 3 3 2 47   0   1
14 3 6 2 1 47   0   1
14 3 6 4 2 6    1   0
14 5 5 4 2 47   0   1
14 6 5 2 2 6    1   0
14 6 5 3 4 47   0   1
14 6 6 1 3 47   0   1
15 5 5 4 2 32   0   1
15 5 6 2 2 32   0   1
15 5 6 4 3 7    1   0
15 6 6 2 3 32   0   1
;

