Index = 268
_solve_time = 2186.64

:              xp  xb    :=
1  2 2 2 4 34   0   1
1  3 2 1 2 34   0   1
1  3 2 3 4 49   1   0
1  3 3 4 1 34   0   1
1  3 3 4 3 49   1   0
2  2 2 4 2 0    0   1
2  2 3 2 1 0    0   1
2  2 3 4 3 24   1   0
2  3 3 1 2 0    0   1
2  3 3 3 4 24   1   0
2  3 6 2 1 0    0   1
2  3 6 4 2 24   1   0
2  6 6 2 1 24   1   0
3  4 4 1 2 0    1   0
3  4 4 1 4 19   0   1
3  4 5 2 1 0    1   0
3  4 5 4 3 19   0   1
3  5 5 3 1 19   0   1
4  1 1 1 2 50   0   1
4  1 1 3 1 50   0   1
4  1 1 3 2 72   1   0
5  1 1 3 2 0    0   1
5  1 3 2 1 0    0   1
5  1 3 3 3 23   1   0
5  3 3 3 1 23   1   0
6  5 5 2 4 47   0   1
6  6 5 2 2 47   0   1
6  6 5 3 4 45   1   0
6  6 6 2 3 45   1   0
7  1 1 1 2 49   0   1
7  2 1 1 1 49   0   1
7  2 1 3 2 2    1   0
7  2 2 2 1 49   0   1
7  2 2 2 3 2    1   0
8  3 3 1 2 66   0   1
8  3 3 1 4 56   1   0
8  3 6 2 1 66   0   1
8  3 6 4 2 56   1   0
8  4 4 2 4 66   0   1
8  5 4 1 2 66   0   1
8  5 4 3 4 56   1   0
8  5 5 2 3 56   1   0
8  5 5 4 1 66   0   1
8  6 5 2 2 56   1   0
8  6 5 3 4 66   0   1
8  6 6 1 3 66   0   1
9  4 4 2 4 0    0   1
9  5 4 1 2 0    0   1
9  5 4 3 4 48   1   0
9  5 5 3 1 0    0   1
10 4 4 1 2 64   1   0
10 4 4 1 4 30   0   1
10 4 5 2 1 64   1   0
10 4 5 4 3 30   0   1
10 5 5 1 2 64   1   0
10 5 5 3 4 30   0   1
10 5 6 2 2 64   1   0
10 5 6 4 3 30   0   1
10 6 6 2 1 64   1   0
10 6 6 3 1 30   0   1
11 5 5 3 2 3    1   0
11 5 5 3 4 0    0   1
11 5 6 2 2 3    1   0
11 5 6 4 3 0    0   1
11 6 6 2 1 3    1   0
11 6 6 3 1 0    0   1
12 4 4 2 4 74   0   1
12 5 4 1 2 74   0   1
12 5 4 3 4 24   1   0
12 5 5 2 3 24   1   0
12 5 5 4 1 74   0   1
12 6 5 2 2 24   1   0
12 6 5 3 4 74   0   1
12 6 6 3 2 24   1   0
13 3 3 4 2 69   0   1
13 3 6 2 1 69   0   1
13 3 6 4 2 12   1   0
13 4 4 4 2 69   0   1
13 5 4 1 2 12   1   0
13 5 4 3 4 69   0   1
13 5 5 2 1 12   1   0
13 5 5 4 3 69   0   1
13 6 5 2 2 12   1   0
13 6 5 3 4 69   0   1
13 6 6 1 3 69   0   1
14 5 5 4 2 0    0   1
14 6 5 2 2 0    1   0
14 6 5 3 4 0    0   1
14 6 6 1 2 0    1   0
14 6 6 1 3 0    0   1
15 2 2 4 2 70   0   1
15 2 3 2 1 70   0   1
15 2 3 4 3 10   1   0
15 3 3 1 4 70   0   1
15 3 3 3 4 10   1   0
;

