Index = 358
_solve_time = 6110.26

:              xp  xb    :=
1  1 1 1 2 42   0   1
1  1 1 1 3 1    1   0
1  1 3 2 1 42   0   1
1  1 3 3 3 1    1   0
1  3 3 1 2 42   0   1
1  3 3 3 4 1    1   0
1  3 6 2 1 42   0   1
1  3 6 4 2 1    1   0
1  5 5 2 3 1    1   0
1  5 5 4 3 42   0   1
1  6 5 2 2 1    1   0
1  6 5 3 4 42   0   1
1  6 6 1 3 42   0   1
2  2 2 2 4 33   0   1
2  2 3 2 1 71   1   0
2  2 3 4 3 33   0   1
2  3 3 1 2 71   1   0
2  3 3 3 4 33   0   1
2  3 6 2 1 71   1   0
2  3 6 4 2 33   0   1
2  5 5 2 4 33   0   1
2  6 5 2 2 33   0   1
2  6 5 3 4 71   1   0
2  6 6 1 3 71   1   0
3  3 3 1 2 3    0   1
3  3 3 1 4 7    1   0
3  3 6 2 1 3    0   1
3  3 6 4 2 7    1   0
3  5 5 2 3 7    1   0
3  5 5 4 3 3    0   1
3  6 5 2 2 7    1   0
3  6 5 3 4 3    0   1
3  6 6 1 3 3    0   1
4  1 1 3 2 20   0   1
4  1 3 2 1 20   0   1
4  1 3 3 3 34   1   0
4  3 3 1 3 20   0   1
5  3 3 2 1 7    0   1
5  3 3 4 1 5    1   0
5  5 5 3 2 5    1   0
5  5 5 3 4 7    0   1
5  5 6 2 2 5    1   0
5  5 6 4 3 7    0   1
5  6 3 1 2 7    0   1
5  6 3 2 4 5    1   0
5  6 6 3 1 7    0   1
6  3 3 4 2 0    1   0
6  5 5 3 2 0    1   0
6  5 5 3 4 3    0   1
6  5 6 2 2 0    1   0
6  5 6 4 3 3    0   1
6  6 3 1 2 3    0   1
6  6 3 2 4 0    1   0
6  6 6 3 1 3    0   1
7  5 5 2 3 12   0   1
7  5 5 2 4 9    1   0
7  5 5 3 4 12   0   1
8  2 2 3 2 0    0   1
8  2 2 3 4 64   1   0
8  2 3 2 1 0    0   1
8  2 3 4 3 64   1   0
8  3 3 1 2 0    0   1
8  3 3 3 4 64   1   0
8  3 6 2 1 0    0   1
8  3 6 4 2 64   1   0
8  4 4 2 3 64   1   0
8  4 4 4 3 0    0   1
8  5 4 1 2 64   1   0
8  5 4 3 4 0    0   1
8  5 5 2 1 64   1   0
8  5 5 4 3 0    0   1
8  6 5 2 2 64   1   0
8  6 5 3 4 0    0   1
8  6 6 1 3 0    0   1
9  1 1 1 2 14   0   1
9  2 1 1 1 14   0   1
9  2 1 3 2 0    1   0
9  2 2 2 3 0    1   0
9  2 2 4 1 14   0   1
9  3 2 1 2 0    1   0
9  3 2 3 4 14   0   1
9  3 3 3 1 0    1   0
10 1 1 3 2 35   0   1
10 4 1 1 2 74   1   0
10 4 1 3 3 35   0   1
10 4 4 2 1 74   1   0
10 4 4 4 3 35   0   1
10 5 4 1 2 74   1   0
10 5 4 3 4 35   0   1
10 5 5 4 1 74   1   0
10 5 5 4 3 35   0   1
11 3 3 4 2 50   0   1
11 3 6 2 1 50   0   1
11 3 6 4 2 55   1   0
11 6 6 1 2 50   0   1
12 4 4 3 2 73   1   0
12 4 4 3 4 1    0   1
12 4 5 2 1 73   1   0
12 4 5 4 3 1    0   1
12 5 5 1 2 73   1   0
12 5 5 3 4 1    0   1
12 5 6 2 2 73   1   0
12 5 6 4 3 1    0   1
12 6 6 3 2 1    0   1
13 1 3 2 1 61   0   1
13 1 3 3 3 21   1   0
13 3 3 1 2 61   0   1
13 3 3 3 2 21   1   0
13 4 1 1 2 61   0   1
13 4 1 3 3 21   1   0
13 4 4 3 1 61   0   1
14 4 4 3 2 1    0   1
14 4 4 3 4 4    1   0
14 4 5 2 1 1    0   1
14 4 5 4 3 4    1   0
14 5 5 1 2 1    0   1
14 5 5 3 2 4    1   0
15 4 4 4 2 17   0   1
15 5 4 1 2 7    1   0
15 5 4 3 4 17   0   1
15 5 5 2 3 17   0   1
15 5 5 4 1 7    1   0
15 6 5 2 2 17   0   1
15 6 5 3 4 7    1   0
15 6 6 3 2 17   0   1
;

