Index = 241
_solve_time = 11622.8

:              xp  xb    :=
1  1 1 1 3 71   0   1
1  1 1 2 3 72   1   0
1  2 1 1 1 71   0   1
1  2 1 3 2 72   1   0
1  2 2 3 1 71   0   1
2  1 1 3 1 0    1   0
2  1 2 1 1 0    1   0
2  1 2 2 3 6    0   1
2  2 2 3 1 6    0   1
2  4 1 1 2 6    0   1
2  4 1 3 3 0    1   0
2  4 4 3 1 6    0   1
3  4 4 2 1 50   1   0
3  4 4 4 1 22   0   1
3  5 4 1 2 50   1   0
3  5 4 3 4 22   0   1
3  5 5 2 1 50   1   0
3  5 5 4 3 22   0   1
3  6 5 2 2 50   1   0
3  6 5 3 4 22   0   1
3  6 6 1 2 50   1   0
3  6 6 1 3 22   0   1
4  2 2 4 2 23   0   1
4  2 3 2 1 23   0   1
4  2 3 4 3 56   1   0
4  3 3 1 2 23   0   1
4  3 3 3 4 56   1   0
4  3 6 2 1 23   0   1
4  3 6 4 2 56   1   0
4  6 6 1 2 23   0   1
5  2 2 2 3 0    0   1
5  2 2 4 2 0    0   1
5  2 2 4 3 72   1   0
6  2 2 4 2 25   0   1
6  2 3 2 1 25   0   1
6  2 3 4 3 49   1   0
6  3 3 1 4 25   0   1
6  3 3 3 2 49   1   0
6  3 6 2 1 49   1   0
6  3 6 4 2 25   0   1
6  6 6 1 3 49   1   0
6  6 6 2 3 25   0   1
7  1 1 3 1 48   0   1
7  1 2 1 1 48   0   1
7  1 2 2 3 54   1   0
7  2 2 1 4 48   0   1
7  2 2 3 4 54   1   0
7  4 1 1 2 54   1   0
7  4 1 3 3 48   0   1
7  4 4 2 1 54   1   0
7  4 4 2 3 48   0   1
8  2 2 4 2 60   0   1
8  2 3 2 1 60   0   1
8  2 3 4 3 11   1   0
8  3 3 1 4 60   0   1
8  3 3 3 4 11   1   0
9  6 6 2 1 0    0   1
9  6 6 3 1 2    1   0
9  6 6 3 2 0    0   1
10 5 5 4 2 1    0   1
10 6 5 2 2 2    1   0
10 6 5 3 4 1    0   1
10 6 6 2 3 1    0   1
11 2 2 1 2 47   0   1
11 2 2 1 4 6    1   0
11 2 3 2 1 47   0   1
11 2 3 4 3 6    1   0
11 3 3 1 2 47   0   1
11 3 3 3 4 6    1   0
11 3 6 2 1 47   0   1
11 3 6 4 2 6    1   0
11 5 5 2 1 6    1   0
11 5 5 4 1 47   0   1
11 6 5 2 2 6    1   0
11 6 5 3 4 47   0   1
11 6 6 1 3 47   0   1
12 2 2 4 2 46   1   0
12 3 2 1 2 61   0   1
12 3 2 3 4 46   1   0
12 3 3 3 1 61   0   1
13 1 1 3 1 36   0   1
13 1 2 1 1 36   0   1
13 1 2 2 3 49   1   0
13 2 2 3 1 49   1   0
13 4 1 1 2 49   1   0
13 4 1 3 3 36   0   1
13 4 4 2 1 49   1   0
13 4 4 4 3 36   0   1
13 5 4 1 2 49   1   0
13 5 4 3 4 36   0   1
13 5 5 1 3 36   0   1
14 3 3 4 2 72   0   1
14 3 6 2 1 72   0   1
14 3 6 4 2 48   1   0
14 6 6 1 2 72   0   1
15 1 1 1 2 45   1   0
15 2 1 1 1 45   1   0
15 2 1 3 2 49   0   1
15 2 2 1 3 49   0   1
;

