Index = 391
_solve_time = 5943.44

:              xp  xb    :=
1  2 2 1 2 52   0   1
1  2 2 3 1 52   0   1
1  2 2 3 2 0    1   0
2  2 2 2 1 70   1   0
2  2 2 4 1 18   0   1
2  3 2 1 2 70   1   0
2  3 2 3 4 18   0   1
2  3 3 2 1 70   1   0
2  3 3 4 3 18   0   1
2  6 3 1 2 70   1   0
2  6 3 2 4 18   0   1
2  6 6 1 2 18   0   1
3  3 3 2 3 47   0   1
3  3 3 2 4 48   1   0
3  3 3 3 4 47   0   1
4  1 1 2 3 49   0   1
4  1 3 2 1 0    1   0
4  1 3 3 3 49   0   1
4  3 3 1 2 0    1   0
4  3 3 3 2 49   0   1
5  2 2 3 2 58   0   1
5  2 2 3 4 6    1   0
5  2 3 2 1 58   0   1
5  2 3 4 3 6    1   0
5  3 3 1 2 58   0   1
5  3 3 3 4 6    1   0
5  3 6 2 1 58   0   1
5  3 6 4 2 6    1   0
5  6 6 1 2 58   0   1
6  1 1 3 2 26   0   1
6  1 3 2 1 26   0   1
6  1 3 3 3 24   1   0
6  3 3 1 2 26   0   1
6  3 3 3 4 24   1   0
6  3 6 2 1 26   0   1
6  3 6 4 2 24   1   0
6  5 5 2 4 24   1   0
6  6 5 2 2 24   1   0
6  6 5 3 4 26   0   1
6  6 6 1 3 26   0   1
7  1 1 3 1 60   0   1
7  1 2 1 1 60   0   1
7  1 2 2 3 58   1   0
7  2 2 1 3 60   0   1
7  4 1 1 2 58   1   0
7  4 1 3 3 60   0   1
7  4 4 2 3 60   0   1
7  4 4 4 1 58   1   0
7  5 4 1 2 60   0   1
7  5 4 3 4 58   1   0
7  5 5 3 1 60   0   1
8  1 1 3 1 65   0   1
8  1 2 1 1 65   0   1
8  1 2 2 3 0    1   0
8  2 2 1 4 65   0   1
8  2 2 3 4 0    1   0
8  4 1 1 2 0    1   0
8  4 1 3 3 65   0   1
8  4 4 2 1 0    1   0
8  4 4 4 3 65   0   1
8  5 4 1 2 0    1   0
8  5 4 3 4 65   0   1
8  5 5 3 1 0    1   0
9  4 4 1 2 0    1   0
9  4 4 1 4 49   0   1
9  4 5 2 1 0    1   0
9  4 5 4 3 49   0   1
9  5 5 3 1 49   0   1
10 1 1 1 2 19   0   1
10 1 2 1 1 0    1   0
10 1 2 2 3 19   0   1
10 2 2 1 4 0    1   0
10 2 2 3 4 19   0   1
11 1 1 1 3 25   1   0
11 1 1 2 3 44   0   1
11 2 1 1 1 25   1   0
11 2 1 3 2 44   0   1
11 2 2 2 3 44   0   1
11 2 2 4 1 25   1   0
11 3 2 1 2 44   0   1
11 3 2 3 4 25   1   0
11 3 3 3 1 44   0   1
12 1 1 2 1 13   0   1
12 1 2 1 1 13   0   1
12 1 2 2 3 49   1   0
12 2 2 3 1 49   1   0
13 2 2 2 3 54   0   1
13 2 2 4 3 37   1   0
13 3 2 1 2 54   0   1
13 3 2 3 4 37   1   0
13 3 3 2 1 54   0   1
13 3 3 4 3 37   1   0
13 5 5 2 4 54   0   1
13 5 6 2 2 37   1   0
13 5 6 4 3 54   0   1
13 6 3 1 2 54   0   1
13 6 3 2 4 37   1   0
13 6 6 3 1 54   0   1
14 1 3 2 1 47   1   0
14 1 3 3 3 0    0   1
14 3 3 1 4 47   1   0
14 3 3 3 4 0    0   1
14 4 1 1 2 47   1   0
14 4 1 3 3 0    0   1
14 4 4 2 1 47   1   0
14 4 4 2 3 0    0   1
15 3 3 2 4 24   0   1
15 6 3 1 2 24   0   1
15 6 3 2 4 21   1   0
15 6 6 1 2 21   1   0
;

