Index = 308
_solve_time = 5449.6

:              xp  xb    :=
1  3 3 2 4 1    0   1
1  6 3 1 2 1    0   1
1  6 3 2 4 73   1   0
1  6 6 3 1 1    0   1
1  6 6 3 2 73   1   0
2  4 4 2 1 21   1   0
2  4 4 2 4 1    0   1
2  4 4 4 1 1    0   1
3  4 4 2 4 33   1   0
3  5 4 1 2 33   1   0
3  5 4 3 4 14   0   1
3  5 5 2 3 14   0   1
3  5 5 4 1 33   1   0
3  6 5 2 2 14   0   1
3  6 5 3 4 33   1   0
3  6 6 3 2 14   0   1
4  2 2 3 2 47   0   1
4  2 2 3 4 4    1   0
4  2 3 2 1 47   0   1
4  2 3 4 3 4    1   0
4  3 3 1 2 47   0   1
4  3 3 3 4 4    1   0
4  3 6 2 1 47   0   1
4  3 6 4 2 4    1   0
4  5 5 2 1 4    1   0
4  5 5 4 1 47   0   1
4  6 5 2 2 4    1   0
4  6 5 3 4 47   0   1
4  6 6 1 3 47   0   1
5  4 4 2 3 49   0   1
5  4 4 4 3 0    1   0
5  5 4 1 2 49   0   1
5  5 4 3 4 0    1   0
5  5 5 2 1 49   0   1
5  5 5 4 3 0    1   0
5  6 5 2 2 49   0   1
5  6 5 3 4 0    1   0
5  6 6 1 2 49   0   1
5  6 6 1 3 0    1   0
6  2 2 4 2 0    0   1
6  2 3 2 1 0    0   1
6  2 3 4 3 67   1   0
6  3 3 1 4 0    0   1
6  3 3 3 4 67   1   0
7  3 3 3 2 71   0   1
7  3 3 3 4 0    1   0
7  3 6 2 1 71   0   1
7  3 6 4 2 0    1   0
7  4 4 2 3 0    1   0
7  4 4 4 3 71   0   1
7  5 4 1 2 0    1   0
7  5 4 3 4 71   0   1
7  5 5 2 1 0    1   0
7  5 5 4 3 71   0   1
7  6 5 2 2 0    1   0
7  6 5 3 4 71   0   1
7  6 6 1 3 71   0   1
8  5 5 3 1 62   0   1
8  5 5 4 1 10   1   0
8  5 5 4 3 62   0   1
9  1 1 1 2 9    0   1
9  1 1 3 1 9    0   1
9  1 1 3 2 15   1   0
10 2 2 3 2 29   1   0
10 2 2 3 4 58   0   1
10 2 3 2 1 29   1   0
10 2 3 4 3 58   0   1
10 3 3 1 4 29   1   0
10 3 3 3 2 58   0   1
10 3 6 2 1 58   0   1
10 3 6 4 2 29   1   0
10 5 5 2 1 29   1   0
10 5 5 4 1 58   0   1
10 6 5 2 2 29   1   0
10 6 5 3 4 58   0   1
10 6 6 1 3 58   0   1
11 1 1 3 1 4    0   1
11 1 2 1 1 4    0   1
11 1 2 2 3 59   1   0
11 2 2 3 1 59   1   0
11 4 1 1 2 59   1   0
11 4 1 3 3 4    0   1
11 4 4 2 3 4    0   1
11 4 4 4 1 59   1   0
11 5 4 1 2 4    0   1
11 5 4 3 4 59   1   0
11 5 5 3 1 4    0   1
12 5 5 1 2 12   0   1
12 5 5 4 1 12   0   1
12 5 5 4 2 5    1   0
13 2 2 4 2 15   1   0
13 3 2 1 2 1    0   1
13 3 2 3 4 15   1   0
13 3 3 3 1 1    0   1
14 3 3 1 2 18   0   1
14 3 3 1 4 72   1   0
14 3 6 2 1 18   0   1
14 3 6 4 2 72   1   0
14 5 5 2 4 72   1   0
14 6 5 2 2 72   1   0
14 6 5 3 4 18   0   1
14 6 6 1 3 18   0   1
15 5 5 4 2 21   0   1
15 6 5 2 2 8    1   0
15 6 5 3 4 21   0   1
15 6 6 2 3 21   0   1
;

