Index = 294
_solve_time = 3960.15

:              xp  xb    :=
1  3 3 3 2 0    1   0
1  3 3 3 4 30   0   1
1  3 6 2 1 0    1   0
1  3 6 4 2 30   0   1
1  4 4 2 4 30   0   1
1  5 4 1 2 30   0   1
1  5 4 3 4 0    1   0
1  5 5 2 1 30   0   1
1  5 5 4 3 0    1   0
1  6 5 2 2 30   0   1
1  6 5 3 4 0    1   0
1  6 6 1 3 0    1   0
2  1 1 3 2 70   0   1
2  4 1 1 2 55   1   0
2  4 1 3 3 70   0   1
2  4 4 4 1 55   1   0
2  4 4 4 3 70   0   1
3  1 1 1 2 5    0   1
3  2 1 1 1 5    0   1
3  2 1 3 2 71   1   0
3  2 2 1 3 71   1   0
4  2 2 2 4 41   0   1
4  3 2 1 2 41   0   1
4  3 2 3 4 1    1   0
4  3 3 2 1 41   0   1
4  3 3 4 3 1    1   0
4  5 5 4 2 1    1   0
4  5 6 2 2 1    1   0
4  5 6 4 3 41   0   1
4  6 3 1 2 41   0   1
4  6 3 2 4 1    1   0
4  6 6 3 1 41   0   1
5  2 2 4 2 56   0   1
5  2 3 2 1 56   0   1
5  2 3 4 3 65   1   0
5  3 3 1 4 56   0   1
5  3 3 3 2 65   1   0
5  3 6 2 1 65   1   0
5  3 6 4 2 56   0   1
5  5 5 2 4 56   0   1
5  6 5 2 2 56   0   1
5  6 5 3 4 65   1   0
5  6 6 1 3 65   1   0
6  2 2 3 2 1    0   1
6  2 2 3 4 9    1   0
6  2 3 2 1 1    0   1
6  2 3 4 3 9    1   0
6  3 3 1 2 1    0   1
6  3 3 3 4 9    1   0
6  3 6 2 1 1    0   1
6  3 6 4 2 9    1   0
6  5 5 2 3 9    1   0
6  5 5 4 3 1    0   1
6  6 5 2 2 9    1   0
6  6 5 3 4 1    0   1
6  6 6 1 3 1    0   1
7  1 1 3 2 1    0   1
7  4 1 1 2 27   1   0
7  4 1 3 3 1    0   1
7  4 4 2 3 1    0   1
7  4 4 4 1 27   1   0
7  5 4 1 2 1    0   1
7  5 4 3 4 27   1   0
7  5 5 3 1 1    0   1
8  2 2 4 2 5    0   1
8  3 2 1 2 46   1   0
8  3 2 3 4 5    0   1
8  3 3 1 3 5    0   1
9  2 2 2 1 13   0   1
9  2 2 4 1 16   1   0
9  3 2 1 2 13   0   1
9  3 2 3 4 16   1   0
9  3 3 3 1 13   0   1
10 3 3 2 4 3    0   1
10 6 3 1 2 3    0   1
10 6 3 2 4 65   1   0
10 6 6 2 1 3    0   1
11 1 1 2 3 71   1   0
11 4 1 1 2 71   1   0
11 4 1 3 3 27   0   1
11 4 4 1 3 27   0   1
12 2 2 1 2 57   0   1
12 2 2 4 1 57   0   1
12 2 2 4 2 24   1   0
13 2 2 2 3 48   0   1
13 2 2 4 3 9    1   0
13 3 2 1 2 48   0   1
13 3 2 3 4 9    1   0
13 3 3 4 1 48   0   1
13 3 3 4 3 9    1   0
14 2 2 2 4 52   1   0
14 2 3 2 1 49   0   1
14 2 3 4 3 52   1   0
14 3 3 1 2 49   0   1
14 3 3 3 4 52   1   0
14 3 6 2 1 49   0   1
14 3 6 4 2 52   1   0
14 5 5 4 2 49   0   1
14 6 5 2 2 52   1   0
14 6 5 3 4 49   0   1
14 6 6 1 3 49   0   1
15 1 1 2 1 68   0   1
15 1 2 1 1 68   0   1
15 1 2 2 3 53   1   0
15 2 2 1 3 68   0   1
;

