Index = 312
_solve_time = 15531.9

:              xp  xb    :=
1  1 1 3 1 27   0   1
1  1 2 1 1 27   0   1
1  1 2 2 3 39   1   0
1  2 2 1 2 27   0   1
1  2 2 3 2 39   1   0
1  4 1 1 2 39   1   0
1  4 1 3 3 27   0   1
1  4 4 2 3 27   0   1
1  4 4 4 1 39   1   0
1  5 4 1 2 27   0   1
1  5 4 3 4 39   1   0
1  5 5 3 1 27   0   1
2  4 4 2 3 25   0   1
2  4 4 4 2 25   0   1
2  4 4 4 3 69   1   0
3  5 5 1 2 14   0   1
3  5 5 1 4 0    1   0
3  5 5 2 4 14   0   1
4  1 1 2 3 61   1   0
4  4 1 1 2 61   1   0
4  4 1 3 3 20   0   1
4  4 4 2 1 61   1   0
4  4 4 4 3 20   0   1
4  5 4 1 2 61   1   0
4  5 4 3 4 20   0   1
4  5 5 2 1 61   1   0
4  5 5 4 3 20   0   1
4  6 5 2 2 61   1   0
4  6 5 3 4 20   0   1
4  6 6 2 3 20   0   1
5  1 1 2 3 1    0   1
5  1 3 2 1 73   1   0
5  1 3 3 3 1    0   1
5  3 3 1 4 73   1   0
5  3 3 3 2 1    0   1
5  3 6 2 1 1    0   1
5  3 6 4 2 73   1   0
5  4 4 2 1 73   1   0
5  4 4 4 1 1    0   1
5  5 4 1 2 73   1   0
5  5 4 3 4 1    0   1
5  5 5 2 1 73   1   0
5  5 5 4 3 1    0   1
5  6 5 2 2 73   1   0
5  6 5 3 4 1    0   1
5  6 6 1 3 1    0   1
6  3 3 1 2 9    0   1
6  3 3 1 4 66   1   0
6  3 6 2 1 9    0   1
6  3 6 4 2 66   1   0
6  4 4 2 3 9    0   1
6  4 4 4 3 66   1   0
6  5 4 1 2 9    0   1
6  5 4 3 4 66   1   0
6  5 5 2 3 66   1   0
6  5 5 4 1 9    0   1
6  6 5 2 2 66   1   0
6  6 5 3 4 9    0   1
6  6 6 1 3 9    0   1
7  4 4 4 2 5    0   1
7  5 4 1 2 0    1   0
7  5 4 3 4 5    0   1
7  5 5 1 3 5    0   1
8  1 1 2 1 24   1   0
8  1 1 2 3 16   0   1
8  1 1 3 1 16   0   1
9  3 3 3 2 64   0   1
9  3 3 3 4 9    1   0
9  3 6 2 1 64   0   1
9  3 6 4 2 9    1   0
9  4 4 2 4 64   0   1
9  5 4 1 2 64   0   1
9  5 4 3 4 9    1   0
9  5 5 2 3 9    1   0
9  5 5 4 1 64   0   1
9  6 5 2 2 9    1   0
9  6 5 3 4 64   0   1
9  6 6 1 3 64   0   1
10 3 3 2 3 61   0   1
10 3 3 4 3 21   1   0
10 5 5 3 2 21   1   0
10 5 5 3 4 61   0   1
10 5 6 2 2 21   1   0
10 5 6 4 3 61   0   1
10 6 3 1 2 61   0   1
10 6 3 2 4 21   1   0
10 6 6 3 1 61   0   1
11 3 3 3 2 3    0   1
11 3 3 3 4 5    1   0
11 3 6 2 1 3    0   1
11 3 6 4 2 5    1   0
11 5 5 2 3 5    1   0
11 5 5 4 3 3    0   1
11 6 5 2 2 5    1   0
11 6 5 3 4 3    0   1
11 6 6 1 3 3    0   1
12 5 5 1 3 46   0   1
12 5 5 4 1 46   0   1
12 5 5 4 3 49   1   0
13 1 1 2 1 0    0   1
13 1 2 1 1 0    0   1
13 1 2 2 3 54   1   0
13 2 2 1 2 0    0   1
13 2 2 3 2 54   1   0
14 2 2 2 1 13   0   1
14 2 2 4 1 35   1   0
14 3 2 1 2 13   0   1
14 3 2 3 4 35   1   0
14 3 3 3 1 13   0   1
15 1 1 2 1 21   0   1
15 1 1 3 1 63   1   0
15 4 1 1 2 21   0   1
15 4 1 3 3 63   1   0
15 4 4 4 1 21   0   1
15 4 4 4 3 63   1   0
;

