Index = 340
_solve_time = 5629.82

:              xp  xb    :=
1  2 2 1 3 38   0   1
1  2 2 4 1 38   0   1
1  2 2 4 3 8    1   0
2  2 2 4 2 69   0   1
2  3 2 1 2 62   1   0
2  3 2 3 4 69   0   1
2  3 3 4 1 62   1   0
2  3 3 4 3 69   0   1
3  1 1 1 2 50   0   1
3  2 1 1 1 50   0   1
3  2 1 3 2 1    1   0
3  2 2 2 1 50   0   1
3  2 2 4 3 1    1   0
3  3 2 1 2 50   0   1
3  3 2 3 4 1    1   0
3  3 3 2 3 1    1   0
3  3 3 4 1 50   0   1
3  6 3 1 2 1    1   0
3  6 3 2 4 50   0   1
3  6 6 1 2 50   0   1
4  1 1 2 3 68   0   1
4  1 3 2 1 3    1   0
4  1 3 3 3 68   0   1
4  3 3 1 2 3    1   0
4  3 3 3 4 68   0   1
4  3 6 2 1 3    1   0
4  3 6 4 2 68   0   1
4  6 6 1 2 3    1   0
5  3 3 3 2 32   0   1
5  3 3 3 4 39   1   0
5  3 6 2 1 32   0   1
5  3 6 4 2 39   1   0
5  5 5 2 3 39   1   0
5  5 5 4 3 32   0   1
5  6 5 2 2 39   1   0
5  6 5 3 4 32   0   1
5  6 6 1 3 32   0   1
6  5 5 4 2 56   0   1
6  6 5 2 2 16   1   0
6  6 5 3 4 56   0   1
6  6 6 2 3 56   0   1
7  3 3 2 3 59   0   1
7  3 3 4 3 3    1   0
7  5 5 2 4 59   0   1
7  5 6 2 2 3    1   0
7  5 6 4 3 59   0   1
7  6 3 1 2 59   0   1
7  6 3 2 4 3    1   0
7  6 6 3 1 59   0   1
8  2 2 1 2 1    1   0
8  2 2 1 4 52   0   1
8  2 3 2 1 1    1   0
8  2 3 4 3 52   0   1
8  3 3 1 4 1    1   0
8  3 3 3 2 52   0   1
8  3 6 2 1 52   0   1
8  3 6 4 2 1    1   0
8  5 5 2 3 1    1   0
8  5 5 4 3 52   0   1
8  6 5 2 2 1    1   0
8  6 5 3 4 52   0   1
8  6 6 1 3 52   0   1
9  1 1 2 3 16   0   1
9  4 1 1 2 16   0   1
9  4 1 3 3 45   1   0
9  4 4 3 1 16   0   1
10 1 3 2 1 26   1   0
10 1 3 3 3 1    0   1
10 3 3 3 1 1    0   1
10 4 1 1 2 26   1   0
10 4 1 3 3 1    0   1
10 4 4 2 1 26   1   0
10 4 4 2 3 1    0   1
11 1 1 3 1 8    1   0
11 1 2 1 1 8    1   0
11 1 2 2 3 72   0   1
11 2 2 1 4 8    1   0
11 2 2 3 4 72   0   1
11 4 1 1 2 72   0   1
11 4 1 3 3 8    1   0
11 4 4 2 3 8    1   0
11 4 4 4 1 72   0   1
11 5 4 1 2 8    1   0
11 5 4 3 4 72   0   1
11 5 5 1 3 72   0   1
12 1 3 2 1 11   0   1
12 1 3 3 3 23   1   0
12 3 3 3 1 23   1   0
12 4 1 1 2 11   0   1
12 4 1 3 3 23   1   0
12 4 4 3 1 11   0   1
13 1 1 3 1 20   1   0
13 1 2 1 1 20   1   0
13 1 2 2 3 46   0   1
13 2 2 3 1 46   0   1
13 4 1 1 2 46   0   1
13 4 1 3 3 20   1   0
13 4 4 2 3 20   1   0
13 4 4 4 1 46   0   1
13 5 4 1 2 20   1   0
13 5 4 3 4 46   0   1
13 5 5 2 1 20   1   0
13 5 5 2 3 46   0   1
14 2 2 2 4 0    0   1
14 3 2 1 2 0    0   1
14 3 2 3 4 15   1   0
14 3 3 2 3 15   1   0
14 3 3 4 1 0    0   1
14 5 5 3 2 0    0   1
14 5 5 3 4 15   1   0
14 5 6 2 2 0    0   1
14 5 6 4 3 15   1   0
14 6 3 1 2 15   1   0
14 6 3 2 4 0    0   1
14 6 6 3 1 15   1   0
15 5 5 4 2 42   0   1
15 5 6 2 2 42   0   1
15 5 6 4 3 0    1   0
15 6 6 2 3 42   0   1
;

