Index = 348
_solve_time = 13860.4

:              xp  xb    :=
1  3 3 4 2 28   1   0
1  5 5 2 4 0    0   1
1  5 6 2 2 28   1   0
1  5 6 4 3 0    0   1
1  6 3 1 2 0    0   1
1  6 3 2 4 28   1   0
1  6 6 3 1 0    0   1
2  1 3 2 1 0    0   1
2  1 3 3 3 34   1   0
2  3 3 3 1 34   1   0
2  4 1 1 2 0    0   1
2  4 1 3 3 34   1   0
2  4 4 3 1 0    0   1
3  1 3 2 1 43   1   0
3  1 3 3 3 54   0   1
3  3 3 1 2 43   1   0
3  3 3 3 4 54   0   1
3  3 6 2 1 43   1   0
3  3 6 4 2 54   0   1
3  4 1 1 2 43   1   0
3  4 1 3 3 54   0   1
3  4 4 1 3 54   0   1
3  6 6 2 1 54   0   1
4  3 3 1 2 51   0   1
4  3 3 1 4 12   1   0
4  3 6 2 1 51   0   1
4  3 6 4 2 12   1   0
4  6 6 1 2 51   0   1
5  3 3 4 2 1    0   1
5  3 6 2 1 1    0   1
5  3 6 4 2 42   1   0
5  4 4 4 2 1    0   1
5  5 4 1 2 42   1   0
5  5 4 3 4 1    0   1
5  5 5 2 1 42   1   0
5  5 5 4 3 1    0   1
5  6 5 2 2 42   1   0
5  6 5 3 4 1    0   1
5  6 6 1 3 1    0   1
6  4 4 2 1 0    1   0
6  4 4 4 1 17   0   1
6  5 4 1 2 0    1   0
6  5 4 3 4 17   0   1
6  5 5 2 1 0    1   0
6  5 5 2 3 17   0   1
7  1 3 2 1 10   1   0
7  1 3 3 3 22   0   1
7  3 3 1 2 10   1   0
7  3 3 3 2 22   0   1
7  4 1 1 2 10   1   0
7  4 1 3 3 22   0   1
7  4 4 2 1 10   1   0
7  4 4 2 3 22   0   1
8  5 5 2 1 21   0   1
8  5 5 4 1 11   1   0
8  6 5 2 2 21   0   1
8  6 5 3 4 11   1   0
8  6 6 1 2 21   0   1
8  6 6 1 3 11   1   0
9  1 1 3 1 26   0   1
9  1 2 1 1 26   0   1
9  1 2 2 3 33   1   0
9  2 2 1 2 26   0   1
9  2 2 3 2 33   1   0
9  4 1 1 2 33   1   0
9  4 1 3 3 26   0   1
9  4 4 1 3 26   0   1
10 5 5 3 1 9    0   1
10 5 5 4 1 30   1   0
10 5 5 4 3 9    0   1
11 3 3 2 4 16   0   1
11 5 5 3 2 43   1   0
11 5 5 3 4 16   0   1
11 5 6 2 2 43   1   0
11 5 6 4 3 16   0   1
11 6 3 1 2 16   0   1
11 6 3 2 4 43   1   0
11 6 6 3 1 16   0   1
12 1 1 2 3 0    0   1
12 1 3 2 1 28   1   0
12 1 3 3 3 0    0   1
12 3 3 1 4 28   1   0
12 3 3 3 2 0    0   1
12 3 6 2 1 0    0   1
12 3 6 4 2 28   1   0
12 5 5 2 1 28   1   0
12 5 5 4 1 0    0   1
12 6 5 2 2 28   1   0
12 6 5 3 4 0    0   1
12 6 6 1 3 0    0   1
13 1 1 3 1 58   0   1
13 1 2 1 1 58   0   1
13 1 2 2 3 22   1   0
13 2 2 1 3 58   0   1
13 4 1 1 2 22   1   0
13 4 1 3 3 58   0   1
13 4 4 1 3 58   0   1
14 4 4 2 3 1    0   1
14 4 4 2 4 34   1   0
14 4 4 3 4 1    0   1
15 3 3 4 2 17   0   1
15 3 6 2 1 17   0   1
15 3 6 4 2 50   1   0
15 4 4 2 3 17   0   1
15 4 4 4 3 50   1   0
15 5 4 1 2 17   0   1
15 5 4 3 4 50   1   0
15 5 5 2 3 50   1   0
15 5 5 4 1 17   0   1
15 6 5 2 2 50   1   0
15 6 5 3 4 17   0   1
15 6 6 1 3 17   0   1
;

