Index = 344
_solve_time = 19664.4

:              xp  xb    :=
1  1 1 1 2 0    0   1
1  1 2 1 1 0    1   0
1  1 2 2 3 0    0   1
1  2 2 1 4 0    1   0
1  2 2 3 4 0    0   1
2  4 4 2 1 56   0   1
2  4 4 4 1 5    1   0
2  4 4 4 2 56   0   1
3  1 1 1 3 54   1   0
3  1 1 2 3 3    0   1
3  2 1 1 1 54   1   0
3  2 1 3 2 3    0   1
3  2 2 4 1 54   1   0
3  2 2 4 3 3    0   1
4  2 2 2 4 0    0   1
4  3 2 1 2 0    0   1
4  3 2 3 4 0    1   0
4  3 3 2 3 0    1   0
4  3 3 4 1 0    0   1
4  5 5 4 2 0    0   1
4  5 6 2 2 0    0   1
4  5 6 4 3 0    1   0
4  6 3 1 2 0    1   0
4  6 3 2 4 0    0   1
4  6 6 3 1 0    1   0
5  1 1 3 1 64   0   1
5  1 2 1 1 64   0   1
5  1 2 2 3 64   1   0
5  2 2 1 3 64   0   1
5  4 1 1 2 64   1   0
5  4 1 3 3 64   0   1
5  4 4 2 3 64   0   1
5  4 4 4 1 64   1   0
5  5 4 1 2 64   0   1
5  5 4 3 4 64   1   0
5  5 5 1 3 64   1   0
6  3 3 2 1 0    1   0
6  3 3 2 4 49   0   1
6  3 3 4 1 49   0   1
7  2 2 2 4 38   0   1
7  2 3 2 1 10   1   0
7  2 3 4 3 38   0   1
7  3 3 1 4 10   1   0
7  3 3 3 2 38   0   1
7  3 6 2 1 38   0   1
7  3 6 4 2 10   1   0
7  5 5 2 1 10   1   0
7  5 5 4 1 38   0   1
7  6 5 2 2 10   1   0
7  6 5 3 4 38   0   1
7  6 6 1 3 38   0   1
8  2 2 3 2 24   1   0
8  2 2 3 4 51   0   1
8  2 3 2 1 24   1   0
8  2 3 4 3 51   0   1
8  3 3 3 1 51   0   1
9  1 1 3 2 66   1   0
9  4 1 1 2 23   0   1
9  4 1 3 3 66   1   0
9  4 4 2 3 66   1   0
9  4 4 4 1 23   0   1
9  5 4 1 2 66   1   0
9  5 4 3 4 23   0   1
9  5 5 2 3 23   0   1
9  5 5 4 1 66   1   0
9  6 5 2 2 23   0   1
9  6 5 3 4 66   1   0
9  6 6 3 2 23   0   1
10 5 5 2 4 69   1   0
10 5 6 2 2 16   0   1
10 5 6 4 3 69   1   0
10 6 6 2 3 16   0   1
11 1 1 1 2 59   0   1
11 1 1 1 3 2    1   0
11 1 3 2 1 59   0   1
11 1 3 3 3 2    1   0
11 3 3 1 4 59   0   1
11 3 3 3 2 2    1   0
11 3 6 2 1 2    1   0
11 3 6 4 2 59   0   1
11 4 4 2 4 59   0   1
11 5 4 1 2 59   0   1
11 5 4 3 4 2    1   0
11 5 5 2 1 59   0   1
11 5 5 4 3 2    1   0
11 6 5 2 2 59   0   1
11 6 5 3 4 2    1   0
11 6 6 1 3 2    1   0
12 3 3 2 1 60   0   1
12 3 3 4 1 27   1   0
12 5 5 3 2 27   1   0
12 5 5 3 4 60   0   1
12 5 6 2 2 27   1   0
12 5 6 4 3 60   0   1
12 6 3 1 2 60   0   1
12 6 3 2 4 27   1   0
12 6 6 3 1 60   0   1
13 2 2 4 2 8    0   1
13 2 3 2 1 8    0   1
13 2 3 4 3 1    1   0
13 3 3 1 2 8    0   1
13 3 3 3 4 1    1   0
13 3 6 2 1 8    0   1
13 3 6 4 2 1    1   0
13 5 5 4 2 8    0   1
13 6 5 2 2 1    1   0
13 6 5 3 4 8    0   1
13 6 6 1 3 8    0   1
14 1 1 1 2 55   1   0
14 1 1 1 3 1    0   1
14 1 3 2 1 55   1   0
14 1 3 3 3 1    0   1
14 3 3 1 4 55   1   0
14 3 3 3 2 1    0   1
14 3 6 2 1 1    0   1
14 3 6 4 2 55   1   0
14 5 5 2 1 55   1   0
14 5 5 4 1 1    0   1
14 6 5 2 2 55   1   0
14 6 5 3 4 1    0   1
14 6 6 1 3 1    0   1
15 4 4 4 2 1    0   1
15 4 5 2 1 1    0   1
15 4 5 4 3 66   1   0
15 5 5 1 4 1    0   1
15 5 5 3 4 66   1   0
;

