Index = 415
_solve_time = 21162

:              xp  xb    :=
1  1 1 1 2 69   1   0
1  1 1 1 3 48   0   1
1  1 3 2 1 69   1   0
1  1 3 3 3 48   0   1
1  3 3 1 4 69   1   0
1  3 3 3 2 48   0   1
1  3 6 2 1 48   0   1
1  3 6 4 2 69   1   0
1  5 5 4 2 48   0   1
1  6 5 2 2 69   1   0
1  6 5 3 4 48   0   1
1  6 6 1 3 48   0   1
2  4 4 2 4 48   1   0
2  4 5 2 1 72   0   1
2  4 5 4 3 48   1   0
2  5 5 1 3 72   0   1
3  4 4 1 2 1    1   0
3  4 4 1 4 29   0   1
3  4 5 2 1 1    1   0
3  4 5 4 3 29   0   1
3  5 5 3 1 29   0   1
4  2 2 4 2 16   0   1
4  2 3 2 1 16   0   1
4  2 3 4 3 4    1   0
4  3 3 1 4 16   0   1
4  3 3 3 2 4    1   0
4  3 6 2 1 4    1   0
4  3 6 4 2 16   0   1
4  4 4 4 2 16   0   1
4  5 4 1 2 4    1   0
4  5 4 3 4 16   0   1
4  5 5 2 3 16   0   1
4  5 5 4 1 4    1   0
4  6 5 2 2 16   0   1
4  6 5 3 4 4    1   0
4  6 6 1 3 4    1   0
5  1 1 2 1 70   1   0
5  2 1 1 1 47   0   1
5  2 1 3 2 70   1   0
5  2 2 3 1 47   0   1
6  4 4 2 1 46   1   0
6  4 4 4 1 11   0   1
6  5 4 1 2 46   1   0
6  5 4 3 4 11   0   1
6  5 5 2 3 11   0   1
6  5 5 4 1 46   1   0
6  6 5 2 2 11   0   1
6  6 5 3 4 46   1   0
6  6 6 3 2 11   0   1
7  5 5 1 2 0    0   1
7  5 5 1 3 11   1   0
7  5 5 2 3 0    0   1
8  2 2 2 3 17   0   1
8  2 2 4 3 45   1   0
8  3 2 1 2 17   0   1
8  3 2 3 4 45   1   0
8  3 3 2 1 17   0   1
8  3 3 4 3 45   1   0
8  6 3 1 2 17   0   1
8  6 3 2 4 45   1   0
8  6 6 3 1 17   0   1
8  6 6 3 2 45   1   0
9  3 3 1 2 46   1   0
9  3 3 1 4 22   0   1
9  3 3 4 2 22   0   1
10 2 2 2 4 22   0   1
10 3 2 1 2 22   0   1
10 3 2 3 4 5    1   0
10 3 3 2 1 22   0   1
10 3 3 4 3 5    1   0
10 6 3 1 2 22   0   1
10 6 3 2 4 5    1   0
10 6 6 1 2 5    1   0
11 1 1 3 1 55   0   1
11 1 2 1 1 55   0   1
11 1 2 2 3 56   1   0
11 2 2 1 2 55   0   1
11 2 2 3 2 56   1   0
11 4 1 1 2 56   1   0
11 4 1 3 3 55   0   1
11 4 4 2 3 55   0   1
11 4 4 4 1 56   1   0
11 5 4 1 2 55   0   1
11 5 4 3 4 56   1   0
11 5 5 1 3 56   1   0
12 1 1 2 1 51   0   1
12 2 1 1 1 26   1   0
12 2 1 3 2 51   0   1
12 2 2 2 3 51   0   1
12 2 2 4 1 26   1   0
12 3 2 1 2 51   0   1
12 3 2 3 4 26   1   0
12 3 3 2 3 26   1   0
12 3 3 4 1 51   0   1
12 6 3 1 2 26   1   0
12 6 3 2 4 51   0   1
12 6 6 1 2 51   0   1
13 1 1 1 2 8    0   1
13 2 1 1 1 8    0   1
13 2 1 3 2 13   1   0
13 2 2 2 3 13   1   0
13 2 2 4 1 8    0   1
13 3 2 1 2 13   1   0
13 3 2 3 4 8    0   1
13 3 3 4 1 13   1   0
13 3 3 4 3 8    0   1
14 2 2 4 2 0    0   1
14 2 3 2 1 0    0   1
14 2 3 4 3 63   1   0
14 3 3 1 4 0    0   1
14 3 3 3 2 63   1   0
14 3 6 2 1 63   1   0
14 3 6 4 2 0    0   1
14 4 4 2 3 0    0   1
14 4 4 4 3 63   1   0
14 5 4 1 2 0    0   1
14 5 4 3 4 63   1   0
14 5 5 2 1 0    0   1
14 5 5 4 3 63   1   0
14 6 5 2 2 0    0   1
14 6 5 3 4 63   1   0
14 6 6 1 3 63   1   0
15 3 3 2 4 48   0   1
15 6 3 1 2 48   0   1
15 6 3 2 4 23   1   0
15 6 6 3 1 48   0   1
15 6 6 3 2 23   1   0
;

