Index = 361
_solve_time = 2533.6

:              xp  xb    :=
1  1 1 1 2 0    0   1
1  1 1 1 3 55   1   0
1  1 3 2 1 0    0   1
1  1 3 3 3 55   1   0
1  3 3 1 3 0    0   1
2  5 5 2 4 14   0   1
2  5 5 3 2 14   0   1
2  5 5 3 4 0    1   0
3  3 3 1 3 54   0   1
3  3 3 2 1 54   0   1
3  3 3 2 3 24   1   0
4  2 2 1 2 28   1   0
4  2 2 1 4 52   0   1
4  2 3 2 1 28   1   0
4  2 3 4 3 52   0   1
4  3 3 1 4 28   1   0
4  3 3 3 2 52   0   1
4  3 6 2 1 52   0   1
4  3 6 4 2 28   1   0
4  5 5 4 2 52   0   1
4  6 5 2 2 28   1   0
4  6 5 3 4 52   0   1
4  6 6 1 3 52   0   1
5  3 3 4 2 0    0   1
5  6 3 1 2 48   1   0
5  6 3 2 4 0    0   1
5  6 6 1 2 0    0   1
6  5 5 2 4 18   0   1
6  6 5 2 2 18   0   1
6  6 5 3 4 44   1   0
6  6 6 3 2 18   0   1
7  4 4 2 4 9    0   1
7  5 4 1 2 9    0   1
7  5 4 3 4 46   1   0
7  5 5 3 1 9    0   1
8  4 4 2 1 48   1   0
8  4 4 2 4 45   0   1
8  4 4 4 1 45   0   1
9  1 1 2 1 0    1   0
9  2 1 1 1 26   0   1
9  2 1 3 2 0    1   0
9  2 2 2 1 26   0   1
9  2 2 4 3 0    1   0
9  3 2 1 2 26   0   1
9  3 2 3 4 0    1   0
9  3 3 3 1 26   0   1
10 2 2 1 2 65   1   0
10 2 2 1 3 68   0   1
10 2 2 3 2 68   0   1
11 2 2 4 2 58   0   1
11 2 3 2 1 58   0   1
11 2 3 4 3 44   1   0
11 3 3 1 2 58   0   1
11 3 3 3 4 44   1   0
11 3 6 2 1 58   0   1
11 3 6 4 2 44   1   0
11 4 4 4 2 58   0   1
11 5 4 1 2 44   1   0
11 5 4 3 4 58   0   1
11 5 5 2 1 44   1   0
11 5 5 4 3 58   0   1
11 6 5 2 2 44   1   0
11 6 5 3 4 58   0   1
11 6 6 1 3 58   0   1
12 2 2 2 1 69   0   1
12 2 2 4 1 67   1   0
12 3 2 1 2 69   0   1
12 3 2 3 4 67   1   0
12 3 3 3 1 69   0   1
13 1 1 2 3 29   0   1
13 1 3 2 1 12   1   0
13 1 3 3 3 29   0   1
13 3 3 1 2 12   1   0
13 3 3 3 2 29   0   1
14 2 2 2 4 21   1   0
14 2 3 2 1 46   0   1
14 2 3 4 3 21   1   0
14 3 3 1 2 46   0   1
14 3 3 3 4 21   1   0
14 3 6 2 1 46   0   1
14 3 6 4 2 21   1   0
14 6 6 1 2 46   0   1
15 1 1 3 2 17   1   0
15 4 1 1 2 13   0   1
15 4 1 3 3 17   1   0
15 4 4 2 1 13   0   1
15 4 4 4 3 17   1   0
15 5 4 1 2 13   0   1
15 5 4 3 4 17   1   0
15 5 5 3 1 13   0   1
;

