Index = 352
_solve_time = 19673.5

:              xp  xb    :=
1  5 5 2 3 69   0   1
1  5 5 2 4 0    1   0
1  5 5 3 4 69   0   1
2  3 3 2 1 72   1   0
2  3 3 4 1 43   0   1
2  6 3 1 2 72   1   0
2  6 3 2 4 43   0   1
2  6 6 1 2 43   0   1
3  2 2 3 2 13   0   1
3  2 2 3 4 66   1   0
3  2 3 2 1 13   0   1
3  2 3 4 3 66   1   0
3  3 3 1 4 13   0   1
3  3 3 3 2 66   1   0
3  3 6 2 1 66   1   0
3  3 6 4 2 13   0   1
3  6 6 2 1 13   0   1
4  1 1 1 3 8    0   1
4  1 1 2 3 4    1   0
4  2 1 1 1 8    0   1
4  2 1 3 2 4    1   0
4  2 2 4 1 8    0   1
4  2 2 4 3 4    1   0
5  1 1 3 2 0    1   0
5  1 3 2 1 0    1   0
5  1 3 3 3 44   0   1
5  3 3 1 4 0    1   0
5  3 3 3 2 44   0   1
5  3 6 2 1 44   0   1
5  3 6 4 2 0    1   0
5  4 4 2 4 44   0   1
5  5 4 1 2 44   0   1
5  5 4 3 4 0    1   0
5  5 5 2 3 0    1   0
5  5 5 4 1 44   0   1
5  6 5 2 2 0    1   0
5  6 5 3 4 44   0   1
5  6 6 1 3 44   0   1
6  2 2 3 2 6    1   0
6  2 2 3 4 17   0   1
6  2 3 2 1 6    1   0
6  2 3 4 3 17   0   1
6  3 3 1 4 6    1   0
6  3 3 3 2 17   0   1
6  3 6 2 1 17   0   1
6  3 6 4 2 6    1   0
6  4 4 2 3 6    1   0
6  4 4 4 3 17   0   1
6  5 4 1 2 6    1   0
6  5 4 3 4 17   0   1
6  5 5 2 1 6    1   0
6  5 5 4 3 17   0   1
6  6 5 2 2 6    1   0
6  6 5 3 4 17   0   1
6  6 6 1 3 17   0   1
7  4 4 3 1 4    0   1
7  4 4 4 1 0    1   0
7  4 4 4 3 4    0   1
8  1 1 3 1 54   0   1
8  1 2 1 1 54   0   1
8  1 2 2 3 0    1   0
8  2 2 1 4 54   0   1
8  2 2 3 4 0    1   0
8  4 1 1 2 0    1   0
8  4 1 3 3 54   0   1
8  4 4 2 1 0    1   0
8  4 4 4 3 54   0   1
8  5 4 1 2 0    1   0
8  5 4 3 4 54   0   1
8  5 5 3 1 0    1   0
9  1 1 2 1 71   0   1
9  1 1 3 1 71   1   0
9  4 1 1 2 71   0   1
9  4 1 3 3 71   1   0
9  4 4 2 3 71   1   0
9  4 4 4 1 71   0   1
9  5 4 1 2 71   1   0
9  5 4 3 4 71   0   1
9  5 5 1 3 71   0   1
10 1 3 2 1 68   0   1
10 1 3 3 3 57   1   0
10 3 3 1 3 68   0   1
10 4 1 1 2 68   0   1
10 4 1 3 3 57   1   0
10 4 4 1 3 57   1   0
11 1 1 1 2 45   0   1
11 1 1 1 3 23   1   0
11 1 3 2 1 45   0   1
11 1 3 3 3 23   1   0
11 3 3 1 2 45   0   1
11 3 3 3 2 23   1   0
12 1 1 1 2 15   0   1
12 2 1 1 1 15   0   1
12 2 1 3 2 56   1   0
12 2 2 2 3 56   1   0
12 2 2 4 1 15   0   1
12 3 2 1 2 56   1   0
12 3 2 3 4 15   0   1
12 3 3 2 1 56   1   0
12 3 3 4 3 15   0   1
12 6 3 1 2 56   1   0
12 6 3 2 4 15   0   1
12 6 6 2 1 56   1   0
13 6 6 1 2 16   1   0
13 6 6 1 3 24   0   1
13 6 6 3 2 24   0   1
14 4 4 4 2 5    0   1
14 5 4 1 2 11   1   0
14 5 4 3 4 5    0   1
14 5 5 2 1 11   1   0
14 5 5 4 3 5    0   1
14 6 5 2 2 11   1   0
14 6 5 3 4 5    0   1
14 6 6 1 2 11   1   0
14 6 6 1 3 5    0   1
15 2 2 1 2 56   0   1
15 2 2 1 4 6    1   0
15 2 3 2 1 56   0   1
15 2 3 4 3 6    1   0
15 3 3 1 4 56   0   1
15 3 3 3 4 6    1   0
;

