Index = 236
_solve_time = 2343.76

:              xp  xb    :=
1  2 2 1 3 44   0   1
1  2 2 2 1 44   0   1
1  2 2 2 3 10   1   0
2  2 2 4 2 55   1   0
2  2 3 2 1 55   1   0
2  2 3 4 3 71   0   1
2  3 3 1 4 55   1   0
2  3 3 3 2 71   0   1
2  3 6 2 1 71   0   1
2  3 6 4 2 55   1   0
2  5 5 4 2 71   0   1
2  6 5 2 2 55   1   0
2  6 5 3 4 71   0   1
2  6 6 1 3 71   0   1
3  1 1 3 1 10   0   1
3  1 2 1 1 10   0   1
3  1 2 2 3 72   1   0
3  2 2 1 3 10   0   1
3  4 1 1 2 72   1   0
3  4 1 3 3 10   0   1
3  4 4 2 1 72   1   0
3  4 4 4 3 10   0   1
3  5 4 1 2 72   1   0
3  5 4 3 4 10   0   1
3  5 5 3 1 72   1   0
4  5 5 2 3 2    1   0
4  5 5 4 3 13   0   1
4  6 5 2 2 2    1   0
4  6 5 3 4 13   0   1
4  6 6 2 3 13   0   1
5  3 3 1 2 47   0   1
5  3 3 1 4 1    1   0
5  3 6 2 1 47   0   1
5  3 6 4 2 1    1   0
5  5 5 2 4 1    1   0
5  6 5 2 2 1    1   0
5  6 5 3 4 47   0   1
5  6 6 1 3 47   0   1
6  4 4 2 3 4    1   0
6  4 4 4 3 50   0   1
6  5 4 1 2 4    1   0
6  5 4 3 4 50   0   1
6  5 5 1 3 50   0   1
7  2 2 4 2 4    0   1
7  2 3 2 1 4    0   1
7  2 3 4 3 38   1   0
7  3 3 1 4 4    0   1
7  3 3 3 2 38   1   0
7  3 6 2 1 38   1   0
7  3 6 4 2 4    0   1
7  5 5 2 4 4    0   1
7  6 5 2 2 4    0   1
7  6 5 3 4 38   1   0
7  6 6 1 3 38   1   0
8  5 5 2 1 36   0   1
8  5 5 4 1 54   1   0
8  5 5 4 2 36   0   1
9  3 3 2 3 28   0   1
9  3 3 4 3 6    1   0
9  6 3 1 2 28   0   1
9  6 3 2 4 6    1   0
9  6 6 2 1 28   0   1
10 2 2 2 1 66   0   1
10 2 2 3 1 60   1   0
10 2 2 3 2 66   0   1
11 1 1 3 2 70   0   1
11 1 3 2 1 70   0   1
11 1 3 3 3 30   1   0
11 3 3 1 4 70   0   1
11 3 3 3 4 30   1   0
12 2 2 1 3 0    0   1
12 2 2 2 1 0    0   1
12 2 2 2 3 43   1   0
13 1 1 3 1 2    1   0
13 1 2 1 1 2    1   0
13 1 2 2 3 48   0   1
13 2 2 1 4 2    1   0
13 2 2 3 4 48   0   1
13 4 1 1 2 48   0   1
13 4 1 3 3 2    1   0
13 4 4 3 1 48   0   1
14 2 2 1 3 2    1   0
14 2 2 1 4 5    0   1
14 2 2 4 3 5    0   1
15 2 2 3 2 13   0   1
15 2 2 3 4 67   1   0
15 2 3 2 1 13   0   1
15 2 3 4 3 67   1   0
15 3 3 1 2 13   0   1
15 3 3 3 4 67   1   0
15 3 6 2 1 13   0   1
15 3 6 4 2 67   1   0
15 6 6 1 2 13   0   1
;

