Index = 343
_solve_time = 3330.12

:              xp  xb    :=
1  3 3 2 1 0    1   0
1  3 3 4 1 40   0   1
1  5 5 4 2 40   0   1
1  5 6 2 2 40   0   1
1  5 6 4 3 0    1   0
1  6 3 1 2 0    1   0
1  6 3 2 4 40   0   1
1  6 6 3 1 0    1   0
2  4 4 4 2 19   1   0
2  5 4 1 2 2    0   1
2  5 4 3 4 19   1   0
2  5 5 2 1 2    0   1
2  5 5 4 3 19   1   0
2  6 5 2 2 2    0   1
2  6 5 3 4 19   1   0
2  6 6 3 2 2    0   1
3  2 2 4 2 1    0   1
3  2 3 2 1 1    0   1
3  2 3 4 3 67   1   0
3  3 3 1 2 1    0   1
3  3 3 3 4 67   1   0
3  3 6 2 1 1    0   1
3  3 6 4 2 67   1   0
3  4 4 4 2 1    0   1
3  5 4 1 2 67   1   0
3  5 4 3 4 1    0   1
3  5 5 2 1 67   1   0
3  5 5 4 3 1    0   1
3  6 5 2 2 67   1   0
3  6 5 3 4 1    0   1
3  6 6 1 3 1    0   1
4  2 2 1 4 32   0   1
4  2 2 2 1 32   0   1
4  2 2 2 4 3    1   0
5  4 4 2 1 29   0   1
5  4 4 4 1 6    1   0
5  5 4 1 2 29   0   1
5  5 4 3 4 6    1   0
5  5 5 2 1 29   0   1
5  5 5 2 3 6    1   0
6  5 5 4 2 11   1   0
6  5 6 2 2 11   1   0
6  5 6 4 3 51   0   1
6  6 6 3 2 51   0   1
7  1 1 3 2 0    1   0
7  4 1 1 2 0    0   1
7  4 1 3 3 0    1   0
7  4 4 2 1 0    0   1
7  4 4 4 3 0    1   0
7  5 4 1 2 0    0   1
7  5 4 3 4 0    1   0
7  5 5 3 1 0    0   1
8  3 3 3 2 68   1   0
8  3 3 3 4 57   0   1
8  3 3 4 2 57   0   1
9  3 3 2 4 42   0   1
9  3 6 2 1 27   1   0
9  3 6 4 2 42   0   1
9  5 5 2 4 42   0   1
9  6 5 2 2 42   0   1
9  6 5 3 4 27   1   0
9  6 6 1 3 27   1   0
10 2 2 2 4 68   0   1
10 3 2 1 2 68   0   1
10 3 2 3 4 1    1   0
10 3 3 3 1 68   0   1
11 5 5 2 1 34   1   0
11 5 5 4 1 46   0   1
11 6 5 2 2 34   1   0
11 6 5 3 4 46   0   1
11 6 6 2 3 46   0   1
12 1 1 2 1 18   0   1
12 1 1 3 1 56   1   0
12 4 1 1 2 18   0   1
12 4 1 3 3 56   1   0
12 4 4 2 1 18   0   1
12 4 4 4 3 56   1   0
12 5 4 1 2 18   0   1
12 5 4 3 4 56   1   0
12 5 5 3 1 18   0   1
13 2 2 2 4 5    1   0
13 2 3 2 1 7    0   1
13 2 3 4 3 5    1   0
13 3 3 1 2 7    0   1
13 3 3 3 4 5    1   0
13 3 6 2 1 7    0   1
13 3 6 4 2 5    1   0
13 6 6 1 2 7    0   1
14 3 3 3 2 50   0   1
14 3 3 3 4 10   1   0
14 3 6 2 1 50   0   1
14 3 6 4 2 10   1   0
14 4 4 2 3 50   0   1
14 4 4 4 3 10   1   0
14 5 4 1 2 50   0   1
14 5 4 3 4 10   1   0
14 5 5 2 3 10   1   0
14 5 5 4 1 50   0   1
14 6 5 2 2 10   1   0
14 6 5 3 4 50   0   1
14 6 6 1 3 50   0   1
15 3 3 4 2 23   0   1
15 3 6 2 1 23   0   1
15 3 6 4 2 29   1   0
15 5 5 2 3 29   1   0
15 5 5 4 3 23   0   1
15 6 5 2 2 29   1   0
15 6 5 3 4 23   0   1
15 6 6 1 3 23   0   1
;

