Index = 346
_solve_time = 18132.1

:              xp  xb    :=
1  2 2 3 2 27   1   0
1  2 2 3 4 65   0   1
1  2 3 2 1 27   1   0
1  2 3 4 3 65   0   1
1  3 3 1 4 27   1   0
1  3 3 3 2 65   0   1
1  3 6 2 1 65   0   1
1  3 6 4 2 27   1   0
1  4 4 2 4 65   0   1
1  5 4 1 2 65   0   1
1  5 4 3 4 27   1   0
1  5 5 2 3 27   1   0
1  5 5 4 1 65   0   1
1  6 5 2 2 27   1   0
1  6 5 3 4 65   0   1
1  6 6 1 3 65   0   1
2  1 1 3 2 69   0   1
2  1 3 2 1 69   0   1
2  1 3 3 3 7    1   0
2  3 3 1 2 69   0   1
2  3 3 3 4 7    1   0
2  3 6 2 1 69   0   1
2  3 6 4 2 7    1   0
2  5 5 2 4 7    1   0
2  6 5 2 2 7    1   0
2  6 5 3 4 69   0   1
2  6 6 1 3 69   0   1
3  1 1 3 2 13   1   0
3  1 3 2 1 13   1   0
3  1 3 3 3 0    0   1
3  3 3 1 4 13   1   0
3  3 3 3 2 0    0   1
3  3 6 2 1 0    0   1
3  3 6 4 2 13   1   0
3  6 6 1 2 0    0   1
4  1 1 2 3 64   0   1
4  1 3 2 1 32   1   0
4  1 3 3 3 64   0   1
4  3 3 3 1 64   0   1
5  2 2 4 2 62   0   1
5  2 3 2 1 62   0   1
5  2 3 4 3 6    1   0
5  3 3 1 2 62   0   1
5  3 3 3 4 6    1   0
5  3 6 2 1 62   0   1
5  3 6 4 2 6    1   0
5  4 4 2 1 6    1   0
5  4 4 4 1 62   0   1
5  5 4 1 2 6    1   0
5  5 4 3 4 62   0   1
5  5 5 2 1 6    1   0
5  5 5 4 3 62   0   1
5  6 5 2 2 6    1   0
5  6 5 3 4 62   0   1
5  6 6 1 3 62   0   1
6  1 1 3 2 0    1   0
6  4 1 1 2 25   0   1
6  4 1 3 3 0    1   0
6  4 4 2 1 25   0   1
6  4 4 4 3 0    1   0
6  5 4 1 2 25   0   1
6  5 4 3 4 0    1   0
6  5 5 3 1 25   0   1
7  2 2 2 3 34   0   1
7  2 2 4 3 70   1   0
7  3 2 1 2 34   0   1
7  3 2 3 4 70   1   0
7  3 3 2 1 34   0   1
7  3 3 4 3 70   1   0
7  5 5 2 4 34   0   1
7  5 6 2 2 70   1   0
7  5 6 4 3 34   0   1
7  6 3 1 2 34   0   1
7  6 3 2 4 70   1   0
7  6 6 3 1 34   0   1
8  4 4 3 2 0    1   0
8  4 4 3 4 11   0   1
8  4 5 2 1 0    1   0
8  4 5 4 3 11   0   1
8  5 5 3 1 11   0   1
9  4 4 4 2 65   1   0
9  4 5 2 1 65   1   0
9  4 5 4 3 12   0   1
9  5 5 3 1 12   0   1
10 4 4 4 2 4    0   1
10 5 4 1 2 51   1   0
10 5 4 3 4 4    0   1
10 5 5 2 1 51   1   0
10 5 5 2 3 4    0   1
11 2 2 4 2 1    0   1
11 3 2 1 2 1    1   0
11 3 2 3 4 1    0   1
11 3 3 2 3 1    0   1
11 3 3 4 1 1    1   0
11 6 3 1 2 1    0   1
11 6 3 2 4 1    1   0
11 6 6 3 1 1    0   1
11 6 6 3 2 1    1   0
12 2 2 2 3 22   0   1
12 2 2 4 3 72   1   0
12 3 2 1 2 22   0   1
12 3 2 3 4 72   1   0
12 3 3 2 3 72   1   0
12 3 3 4 1 22   0   1
12 6 3 1 2 72   1   0
12 6 3 2 4 22   0   1
12 6 6 1 2 22   0   1
13 1 1 1 2 72   0   1
13 2 1 1 1 72   0   1
13 2 1 3 2 29   1   0
13 2 2 2 1 72   0   1
13 2 2 4 3 29   1   0
13 3 2 1 2 72   0   1
13 3 2 3 4 29   1   0
13 3 3 3 1 72   0   1
14 1 1 2 1 40   1   0
14 1 1 3 1 14   0   1
14 4 1 1 2 40   1   0
14 4 1 3 3 14   0   1
14 4 4 4 1 40   1   0
14 4 4 4 3 14   0   1
15 3 3 3 2 15   0   1
15 3 3 3 4 1    1   0
15 3 6 2 1 15   0   1
15 3 6 4 2 1    1   0
15 5 5 2 4 1    1   0
15 6 5 2 2 1    1   0
15 6 5 3 4 15   0   1
15 6 6 1 3 15   0   1
;

