Index = 355
_solve_time = 3285.48

:              xp  xb    :=
1  2 2 2 4 14   0   1
1  2 3 2 1 0    1   0
1  2 3 4 3 14   0   1
1  3 3 3 1 14   0   1
2  2 2 3 2 24   0   1
2  2 2 3 4 1    1   0
2  2 3 2 1 24   0   1
2  2 3 4 3 1    1   0
2  3 3 1 2 24   0   1
2  3 3 3 4 1    1   0
2  3 6 2 1 24   0   1
2  3 6 4 2 1    1   0
2  6 6 1 3 24   0   1
2  6 6 2 3 1    1   0
3  3 3 2 1 23   1   0
3  3 3 4 1 11   0   1
3  5 5 4 2 11   0   1
3  5 6 2 2 11   0   1
3  5 6 4 3 23   1   0
3  6 3 1 2 23   1   0
3  6 3 2 4 11   0   1
3  6 6 3 1 23   1   0
4  4 4 4 2 9    0   1
4  5 4 1 2 0    1   0
4  5 4 3 4 9    0   1
4  5 5 2 1 0    1   0
4  5 5 4 3 9    0   1
4  6 5 2 2 0    1   0
4  6 5 3 4 9    0   1
4  6 6 2 3 9    0   1
5  1 1 3 1 1    0   1
5  1 2 1 1 1    0   1
5  1 2 2 3 0    1   0
5  2 2 1 3 1    0   1
5  4 1 1 2 0    1   0
5  4 1 3 3 1    0   1
5  4 4 1 3 1    0   1
6  4 4 2 4 23   0   1
6  5 4 1 2 23   0   1
6  5 4 3 4 39   1   0
6  5 5 4 1 23   0   1
6  5 5 4 3 39   1   0
7  3 3 4 2 2    0   1
7  3 6 2 1 2    0   1
7  3 6 4 2 72   1   0
7  6 6 1 2 2    0   1
8  2 2 1 2 61   1   0
8  2 2 1 4 60   0   1
8  2 3 2 1 61   1   0
8  2 3 4 3 60   0   1
8  3 3 1 4 61   1   0
8  3 3 3 2 60   0   1
8  3 6 2 1 60   0   1
8  3 6 4 2 61   1   0
8  4 4 2 4 60   0   1
8  5 4 1 2 60   0   1
8  5 4 3 4 61   1   0
8  5 5 2 3 61   1   0
8  5 5 4 1 60   0   1
8  6 5 2 2 61   1   0
8  6 5 3 4 60   0   1
8  6 6 1 3 60   0   1
9  4 4 4 2 64   0   1
9  4 5 2 1 64   0   1
9  4 5 4 3 5    1   0
9  5 5 1 3 64   0   1
10 4 4 2 1 45   1   0
10 4 4 4 1 5    0   1
10 5 4 1 2 45   1   0
10 5 4 3 4 5    0   1
10 5 5 2 3 5    0   1
10 5 5 4 1 45   1   0
10 6 5 2 2 5    0   1
10 6 5 3 4 45   1   0
10 6 6 3 2 5    0   1
11 1 1 1 3 43   1   0
11 1 1 2 3 29   0   1
11 2 1 1 1 43   1   0
11 2 1 3 2 29   0   1
11 2 2 2 1 43   1   0
11 2 2 4 3 29   0   1
11 3 2 1 2 43   1   0
11 3 2 3 4 29   0   1
11 3 3 4 1 43   1   0
11 3 3 4 3 29   0   1
12 1 1 3 2 15   0   1
12 1 3 2 1 15   0   1
12 1 3 3 3 23   1   0
12 3 3 1 2 15   0   1
12 3 3 3 4 23   1   0
12 3 6 2 1 15   0   1
12 3 6 4 2 23   1   0
12 6 6 1 2 15   0   1
13 3 3 2 3 16   1   0
13 3 3 4 3 12   0   1
13 6 3 1 2 16   1   0
13 6 3 2 4 12   0   1
13 6 6 1 2 12   0   1
14 4 4 2 4 0    0   1
14 4 5 2 1 18   1   0
14 4 5 4 3 0    0   1
14 5 5 1 4 18   1   0
14 5 5 3 2 0    0   1
14 5 6 2 2 0    0   1
14 5 6 4 3 18   1   0
14 6 6 3 2 18   1   0
15 1 1 3 1 30   1   0
15 1 2 1 1 30   1   0
15 1 2 2 3 44   0   1
15 2 2 1 2 30   1   0
15 2 2 3 2 44   0   1
15 4 1 1 2 44   0   1
15 4 1 3 3 30   1   0
15 4 4 2 3 30   1   0
15 4 4 4 1 44   0   1
15 5 4 1 2 30   1   0
15 5 4 3 4 44   0   1
15 5 5 1 3 44   0   1
;

