Index = 394
_solve_time = 14363.4

:              xp  xb    :=
1  2 2 4 2 22   0   1
1  2 3 2 1 22   0   1
1  2 3 4 3 2    1   0
1  3 3 1 2 22   0   1
1  3 3 3 4 2    1   0
1  3 6 2 1 22   0   1
1  3 6 4 2 2    1   0
1  6 6 2 1 2    1   0
2  3 3 2 4 7    1   0
2  3 6 2 1 7    0   1
2  3 6 4 2 7    1   0
2  4 4 4 2 7    0   1
2  5 4 1 2 7    1   0
2  5 4 3 4 7    0   1
2  5 5 2 1 7    1   0
2  5 5 4 3 7    0   1
2  6 5 2 2 7    1   0
2  6 5 3 4 7    0   1
2  6 6 1 3 7    0   1
3  2 2 2 4 14   0   1
3  2 3 2 1 8    1   0
3  2 3 4 3 14   0   1
3  3 3 3 1 14   0   1
4  2 2 1 2 42   0   1
4  2 2 1 4 63   1   0
4  2 3 2 1 42   0   1
4  2 3 4 3 63   1   0
4  3 3 1 2 42   0   1
4  3 3 3 4 63   1   0
4  3 6 2 1 42   0   1
4  3 6 4 2 63   1   0
4  5 5 2 4 63   1   0
4  6 5 2 2 63   1   0
4  6 5 3 4 42   0   1
4  6 6 1 3 42   0   1
5  3 3 2 3 0    0   1
5  3 3 4 3 22   1   0
5  5 5 4 2 22   1   0
5  5 6 2 2 22   1   0
5  5 6 4 3 0    0   1
5  6 3 1 2 0    0   1
5  6 3 2 4 22   1   0
5  6 6 3 1 0    0   1
6  1 3 2 1 29   1   0
6  1 3 3 3 46   0   1
6  2 2 4 2 46   0   1
6  3 2 1 2 29   1   0
6  3 2 3 4 46   0   1
6  4 1 1 2 29   1   0
6  4 1 3 3 46   0   1
6  4 4 2 3 46   0   1
6  4 4 4 1 29   1   0
6  5 4 1 2 46   0   1
6  5 4 3 4 29   1   0
6  5 5 3 1 46   0   1
7  1 1 3 2 1    0   1
7  1 3 2 1 1    0   1
7  1 3 3 3 71   1   0
7  3 3 1 2 1    0   1
7  3 3 3 4 71   1   0
7  3 6 2 1 1    0   1
7  3 6 4 2 71   1   0
7  5 5 4 2 1    0   1
7  6 5 2 2 71   1   0
7  6 5 3 4 1    0   1
7  6 6 1 3 1    0   1
8  3 3 1 2 14   0   1
8  3 3 1 4 18   1   0
8  3 6 2 1 14   0   1
8  3 6 4 2 18   1   0
8  5 5 2 4 18   1   0
8  6 5 2 2 18   1   0
8  6 5 3 4 14   0   1
8  6 6 1 3 14   0   1
9  2 2 2 4 69   0   1
9  2 3 2 1 30   1   0
9  2 3 4 3 69   0   1
9  3 3 1 4 30   1   0
9  3 3 3 2 69   0   1
9  3 6 2 1 69   0   1
9  3 6 4 2 30   1   0
9  5 5 2 4 30   1   0
9  6 5 2 2 30   1   0
9  6 5 3 4 69   0   1
9  6 6 1 3 69   0   1
10 4 4 1 2 25   1   0
10 4 4 1 4 5    0   1
10 4 5 2 1 25   1   0
10 4 5 4 3 5    0   1
10 5 5 1 4 25   1   0
10 5 5 3 2 5    0   1
10 5 6 2 2 5    0   1
10 5 6 4 3 25   1   0
10 6 6 2 1 5    0   1
10 6 6 3 1 25   1   0
11 4 4 4 2 0    0   1
11 5 4 1 2 66   1   0
11 5 4 3 4 0    0   1
11 5 5 1 3 0    0   1
12 3 3 2 1 63   1   0
12 3 3 4 1 39   0   1
12 5 5 4 2 39   0   1
12 5 6 2 2 39   0   1
12 5 6 4 3 63   1   0
12 6 3 1 2 63   1   0
12 6 3 2 4 39   0   1
12 6 6 3 1 63   1   0
13 4 4 2 3 73   0   1
13 4 4 4 3 12   1   0
13 5 4 1 2 73   0   1
13 5 4 3 4 12   1   0
13 5 5 2 1 73   0   1
13 5 5 2 3 12   1   0
14 1 1 3 1 0    0   1
14 1 2 1 1 0    0   1
14 1 2 2 3 13   1   0
14 2 2 1 4 0    0   1
14 2 2 3 4 13   1   0
14 4 1 1 2 13   1   0
14 4 1 3 3 0    0   1
14 4 4 2 3 0    0   1
14 4 4 4 1 13   1   0
14 5 4 1 2 0    0   1
14 5 4 3 4 13   1   0
14 5 5 3 1 0    0   1
15 1 1 1 2 52   0   1
15 1 1 1 3 72   1   0
15 1 3 2 1 52   0   1
15 1 3 3 3 72   1   0
15 3 3 1 2 52   0   1
15 3 3 3 4 72   1   0
15 3 6 2 1 52   0   1
15 3 6 4 2 72   1   0
15 4 4 2 1 52   0   1
15 4 4 4 1 72   1   0
15 5 4 1 2 52   0   1
15 5 4 3 4 72   1   0
15 5 5 2 3 72   1   0
15 5 5 4 1 52   0   1
15 6 5 2 2 72   1   0
15 6 5 3 4 52   0   1
15 6 6 1 3 52   0   1
;

