Index = 243
_solve_time = 2276.75

:              xp  xb    :=
1  1 1 2 3 40   0   1
1  1 3 2 1 15   1   0
1  1 3 3 3 40   0   1
1  3 3 1 3 15   1   0
2  4 4 4 2 41   0   1
2  4 5 2 1 41   0   1
2  4 5 4 3 5    1   0
2  5 5 1 4 41   0   1
2  5 5 3 2 5    1   0
2  5 6 2 2 5    1   0
2  5 6 4 3 41   0   1
2  6 6 2 1 5    1   0
2  6 6 3 1 41   0   1
3  5 5 2 3 51   1   0
3  5 5 2 4 64   0   1
3  5 5 4 3 64   0   1
4  4 4 2 1 4    1   0
4  4 4 4 1 0    0   1
4  5 4 1 2 4    1   0
4  5 4 3 4 0    0   1
4  5 5 1 3 0    0   1
5  2 2 2 4 20   0   1
5  2 3 2 1 9    1   0
5  2 3 4 3 20   0   1
5  3 3 1 2 9    1   0
5  3 3 3 2 20   0   1
6  1 3 2 1 0    1   0
6  1 3 3 3 2    0   1
6  3 3 3 1 2    0   1
6  4 1 1 2 0    1   0
6  4 1 3 3 2    0   1
6  4 4 1 3 2    0   1
7  1 1 2 3 45   0   1
7  4 1 1 2 45   0   1
7  4 1 3 3 8    1   0
7  4 4 4 1 45   0   1
7  4 4 4 3 8    1   0
8  1 3 2 1 5    1   0
8  1 3 3 3 12   0   1
8  3 3 1 2 5    1   0
8  3 3 3 2 12   0   1
8  4 1 1 2 5    1   0
8  4 1 3 3 12   0   1
8  4 4 1 3 12   0   1
9  4 4 2 4 43   0   1
9  4 5 2 1 15   1   0
9  4 5 4 3 43   0   1
9  5 5 1 4 15   1   0
9  5 5 3 2 43   0   1
9  5 6 2 2 43   0   1
9  5 6 4 3 15   1   0
9  6 6 2 1 43   0   1
9  6 6 3 1 15   1   0
10 1 1 1 2 2    0   1
10 1 1 1 3 71   1   0
10 1 3 2 1 2    0   1
10 1 3 3 3 71   1   0
10 3 3 1 4 2    0   1
10 3 3 3 2 71   1   0
10 3 6 2 1 71   1   0
10 3 6 4 2 2    0   1
10 4 4 2 4 2    0   1
10 5 4 1 2 2    0   1
10 5 4 3 4 71   1   0
10 5 5 2 1 2    0   1
10 5 5 4 3 71   1   0
10 6 5 2 2 2    0   1
10 6 5 3 4 71   1   0
10 6 6 1 3 71   1   0
11 5 5 4 2 0    1   0
11 5 6 2 2 0    1   0
11 5 6 4 3 7    0   1
11 6 6 3 2 7    0   1
12 2 2 3 2 0    0   1
12 2 2 3 4 19   1   0
12 2 3 2 1 0    0   1
12 2 3 4 3 19   1   0
12 3 3 1 2 0    0   1
12 3 3 3 4 19   1   0
12 3 6 2 1 0    0   1
12 3 6 4 2 19   1   0
12 6 6 1 3 0    0   1
12 6 6 2 3 19   1   0
13 1 1 1 2 3    0   1
13 1 2 1 1 64   1   0
13 1 2 2 3 3    0   1
13 2 2 3 1 3    0   1
14 2 2 3 2 63   1   0
14 2 2 3 4 29   0   1
14 2 3 2 1 63   1   0
14 2 3 4 3 29   0   1
14 3 3 1 2 63   1   0
14 3 3 3 4 29   0   1
14 3 6 2 1 63   1   0
14 3 6 4 2 29   0   1
14 6 6 1 3 63   1   0
14 6 6 2 3 29   0   1
15 2 2 4 2 1    0   1
15 3 2 1 2 66   1   0
15 3 2 3 4 1    0   1
15 3 3 2 1 66   1   0
15 3 3 4 3 1    0   1
15 6 3 1 2 66   1   0
15 6 3 2 4 1    0   1
15 6 6 3 1 66   1   0
15 6 6 3 2 1    0   1
;

