Index = 316
_solve_time = 2154.72

:              xp  xb    :=
1  5 5 2 1 0    1   0
1  5 5 4 1 66   0   1
1  6 5 2 2 0    1   0
1  6 5 3 4 66   0   1
1  6 6 2 3 66   0   1
2  4 4 4 2 39   0   1
2  4 5 2 1 39   0   1
2  4 5 4 3 60   1   0
2  5 5 1 4 39   0   1
2  5 5 3 4 60   1   0
3  1 1 1 2 61   0   1
3  1 2 1 1 72   1   0
3  1 2 2 3 61   0   1
3  2 2 1 4 72   1   0
3  2 2 3 4 61   0   1
4  4 4 4 2 49   0   1
4  5 4 1 2 6    1   0
4  5 4 3 4 49   0   1
4  5 5 4 1 6    1   0
4  5 5 4 3 49   0   1
5  1 1 1 3 62   0   1
5  1 1 2 3 1    1   0
5  2 1 1 1 62   0   1
5  2 1 3 2 1    1   0
5  2 2 2 1 62   0   1
5  2 2 4 3 1    1   0
5  3 2 1 2 62   0   1
5  3 2 3 4 1    1   0
5  3 3 3 1 62   0   1
6  3 3 2 3 33   0   1
6  3 3 4 3 64   1   0
6  5 5 2 4 33   0   1
6  5 6 2 2 64   1   0
6  5 6 4 3 33   0   1
6  6 3 1 2 33   0   1
6  6 3 2 4 64   1   0
6  6 6 3 1 33   0   1
7  2 2 2 4 17   0   1
7  2 3 2 1 23   1   0
7  2 3 4 3 17   0   1
7  3 3 1 2 23   1   0
7  3 3 3 2 17   0   1
8  1 1 1 2 0    1   0
8  1 1 1 3 31   0   1
8  1 3 2 1 0    1   0
8  1 3 3 3 31   0   1
8  3 3 1 2 0    1   0
8  3 3 3 4 31   0   1
8  3 6 2 1 0    1   0
8  3 6 4 2 31   0   1
8  6 6 2 1 31   0   1
9  4 4 4 2 0    0   1
9  5 4 1 2 23   1   0
9  5 4 3 4 0    0   1
9  5 5 2 1 23   1   0
9  5 5 2 3 0    0   1
10 1 1 2 3 71   0   1
10 1 3 2 1 36   1   0
10 1 3 3 3 71   0   1
10 3 3 3 1 71   0   1
11 2 2 2 1 6    1   0
11 2 2 4 1 11   0   1
11 3 2 1 2 6    1   0
11 3 2 3 4 11   0   1
11 3 3 2 1 6    1   0
11 3 3 4 3 11   0   1
11 6 3 1 2 6    1   0
11 6 3 2 4 11   0   1
11 6 6 1 2 11   0   1
12 1 1 3 1 9    0   1
12 1 2 1 1 9    0   1
12 1 2 2 3 4    1   0
12 2 2 3 1 4    1   0
12 4 1 1 2 4    1   0
12 4 1 3 3 9    0   1
12 4 4 1 3 9    0   1
13 1 1 3 1 37   0   1
13 1 2 1 1 37   0   1
13 1 2 2 3 48   1   0
13 2 2 1 4 37   0   1
13 2 2 3 4 48   1   0
13 4 1 1 2 48   1   0
13 4 1 3 3 37   0   1
13 4 4 1 3 37   0   1
14 1 1 1 2 50   0   1
14 2 1 1 1 50   0   1
14 2 1 3 2 25   1   0
14 2 2 2 1 50   0   1
14 2 2 4 3 25   1   0
14 3 2 1 2 50   0   1
14 3 2 3 4 25   1   0
14 3 3 1 3 25   1   0
15 4 4 3 2 1    1   0
15 4 4 3 4 0    0   1
15 4 5 2 1 1    1   0
15 4 5 4 3 0    0   1
15 5 5 1 2 1    1   0
15 5 5 3 4 0    0   1
15 5 6 2 2 1    1   0
15 5 6 4 3 0    0   1
15 6 6 3 2 0    0   1
;

