Index = 316
_solve_time = 2173.47

:              xp  xb    :=
1  3 3 2 4 24   0   1
1  5 5 2 4 24   0   1
1  5 6 2 2 22   1   0
1  5 6 4 3 24   0   1
1  6 3 1 2 24   0   1
1  6 3 2 4 22   1   0
1  6 6 3 1 24   0   1
2  3 3 4 2 0    0   1
2  5 5 4 2 0    0   1
2  5 6 2 2 0    0   1
2  5 6 4 3 54   1   0
2  6 3 1 2 54   1   0
2  6 3 2 4 0    0   1
2  6 6 3 1 54   1   0
3  2 2 1 2 64   0   1
3  2 2 1 4 49   1   0
3  2 2 2 4 64   0   1
4  4 4 2 1 23   1   0
4  4 4 2 3 37   0   1
4  4 4 3 1 37   0   1
5  1 1 3 2 72   0   1
5  1 3 2 1 72   0   1
5  1 3 3 3 5    1   0
5  3 3 1 4 72   0   1
5  3 3 3 2 5    1   0
5  3 6 2 1 5    1   0
5  3 6 4 2 72   0   1
5  5 5 2 4 72   0   1
5  6 5 2 2 72   0   1
5  6 5 3 4 5    1   0
5  6 6 1 3 5    1   0
6  5 5 2 1 0    0   1
6  5 5 3 1 48   1   0
6  5 5 3 2 0    0   1
7  4 4 2 4 10   0   1
7  5 4 1 2 10   0   1
7  5 4 3 4 51   1   0
7  5 5 2 1 10   0   1
7  5 5 4 3 51   1   0
7  6 5 2 2 10   0   1
7  6 5 3 4 51   1   0
7  6 6 3 2 10   0   1
8  6 6 1 3 62   0   1
8  6 6 2 1 62   0   1
8  6 6 2 3 25   1   0
9  3 3 2 3 51   0   1
9  3 3 4 2 51   0   1
9  3 3 4 3 3    1   0
10 6 6 2 1 3    1   0
10 6 6 2 3 3    0   1
10 6 6 3 1 3    0   1
11 3 3 2 3 19   0   1
11 3 3 4 3 70   1   0
11 6 3 1 2 19   0   1
11 6 3 2 4 70   1   0
11 6 6 2 1 19   0   1
12 3 3 1 2 64   0   1
12 3 3 1 4 25   1   0
12 3 6 2 1 64   0   1
12 3 6 4 2 25   1   0
12 4 4 2 3 64   0   1
12 4 4 4 3 25   1   0
12 5 4 1 2 64   0   1
12 5 4 3 4 25   1   0
12 5 5 2 3 25   1   0
12 5 5 4 1 64   0   1
12 6 5 2 2 25   1   0
12 6 5 3 4 64   0   1
12 6 6 1 3 64   0   1
13 1 1 3 2 54   0   1
13 1 3 2 1 54   0   1
13 1 3 3 3 19   1   0
13 2 2 4 2 19   1   0
13 3 2 1 2 54   0   1
13 3 2 3 4 19   1   0
14 3 3 1 2 47   0   1
14 3 3 1 4 0    1   0
14 3 6 2 1 47   0   1
14 3 6 4 2 0    1   0
14 5 5 2 3 0    1   0
14 5 5 4 3 47   0   1
14 6 5 2 2 0    1   0
14 6 5 3 4 47   0   1
14 6 6 1 3 47   0   1
15 1 1 3 1 19   0   1
15 1 2 1 1 19   0   1
15 1 2 2 3 48   1   0
15 2 2 3 1 48   1   0
15 4 1 1 2 48   1   0
15 4 1 3 3 19   0   1
15 4 4 4 1 48   1   0
15 4 4 4 3 19   0   1
;

