Index = 277
_solve_time = 4199.79

:              xp  xb    :=
1  1 1 3 1 0    0   1
1  1 2 1 1 0    0   1
1  1 2 2 3 0    1   0
1  2 2 3 1 0    1   0
1  4 1 1 2 0    1   0
1  4 1 3 3 0    0   1
1  4 4 2 1 0    1   0
1  4 4 4 3 0    0   1
1  5 4 1 2 0    1   0
1  5 4 3 4 0    0   1
1  5 5 1 3 0    0   1
2  3 3 2 1 0    1   0
2  3 3 4 1 36   0   1
2  5 5 4 2 36   0   1
2  5 6 2 2 36   0   1
2  5 6 4 3 0    1   0
2  6 3 1 2 0    1   0
2  6 3 2 4 36   0   1
2  6 6 3 1 0    1   0
3  4 4 2 4 10   1   0
3  5 4 1 2 10   1   0
3  5 4 3 4 57   0   1
3  5 5 1 3 57   0   1
4  1 1 1 2 0    1   0
4  2 1 1 1 0    1   0
4  2 1 3 2 2    0   1
4  2 2 2 1 0    1   0
4  2 2 4 3 2    0   1
4  3 2 1 2 0    1   0
4  3 2 3 4 2    0   1
4  3 3 1 3 2    0   1
5  3 3 2 1 52   1   0
5  3 3 4 1 0    0   1
5  6 3 1 2 52   1   0
5  6 3 2 4 0    0   1
5  6 6 3 1 52   1   0
5  6 6 3 2 0    0   1
6  4 4 2 1 34   1   0
6  4 4 4 1 67   0   1
6  5 4 1 2 34   1   0
6  5 4 3 4 67   0   1
6  5 5 1 3 67   0   1
7  4 4 2 3 65   0   1
7  4 4 4 3 26   1   0
7  5 4 1 2 65   0   1
7  5 4 3 4 26   1   0
7  5 5 2 1 65   0   1
7  5 5 4 3 26   1   0
7  6 5 2 2 65   0   1
7  6 5 3 4 26   1   0
7  6 6 3 2 65   0   1
8  2 2 1 2 2    1   0
8  2 2 1 4 66   0   1
8  2 3 2 1 2    1   0
8  2 3 4 3 66   0   1
8  3 3 1 4 2    1   0
8  3 3 3 2 66   0   1
8  3 6 2 1 66   0   1
8  3 6 4 2 2    1   0
8  6 6 1 3 66   0   1
8  6 6 2 3 2    1   0
9  1 1 2 3 71   0   1
9  1 3 2 1 24   1   0
9  1 3 3 3 71   0   1
9  3 3 3 1 71   0   1
10 1 3 2 1 6    0   1
10 1 3 3 3 25   1   0
10 3 3 1 2 6    0   1
10 3 3 3 4 25   1   0
10 3 6 2 1 6    0   1
10 3 6 4 2 25   1   0
10 4 1 1 2 6    0   1
10 4 1 3 3 25   1   0
10 4 4 3 1 6    0   1
10 6 6 2 1 25   1   0
11 2 2 2 4 29   0   1
11 2 3 2 1 34   1   0
11 2 3 4 3 29   0   1
11 3 3 1 4 34   1   0
11 3 3 3 2 29   0   1
11 3 6 2 1 29   0   1
11 3 6 4 2 34   1   0
11 6 6 2 1 34   1   0
12 1 1 2 1 70   0   1
12 2 1 1 1 61   1   0
12 2 1 3 2 70   0   1
12 2 2 2 3 70   0   1
12 2 2 4 1 61   1   0
12 3 2 1 2 70   0   1
12 3 2 3 4 61   1   0
12 3 3 2 3 61   1   0
12 3 3 4 1 70   0   1
12 6 3 1 2 61   1   0
12 6 3 2 4 70   0   1
12 6 6 1 2 70   0   1
13 1 1 1 2 7    0   1
13 1 1 1 3 69   1   0
13 1 1 2 3 7    0   1
14 3 3 2 4 11   1   0
14 6 3 1 2 11   1   0
14 6 3 2 4 5    0   1
14 6 6 1 2 5    0   1
15 1 1 3 2 50   0   1
15 1 3 2 1 50   0   1
15 1 3 3 3 24   1   0
15 3 3 1 2 50   0   1
15 3 3 3 2 24   1   0
;

