Index = 322
_solve_time = 15435.1

:              xp  xb    :=
1  4 4 1 2 0    1   0
1  4 4 1 3 1    0   1
1  4 4 3 2 1    0   1
2  3 3 2 3 1    0   1
2  3 3 4 3 58   1   0
2  5 5 1 2 58   1   0
2  5 5 1 4 1    0   1
2  5 6 2 2 58   1   0
2  5 6 4 3 1    0   1
2  6 3 1 2 1    0   1
2  6 3 2 4 58   1   0
2  6 6 3 1 1    0   1
3  1 1 2 3 59   0   1
3  1 3 2 1 0    1   0
3  1 3 3 3 59   0   1
3  3 3 1 2 0    1   0
3  3 3 3 4 59   0   1
3  3 6 2 1 0    1   0
3  3 6 4 2 59   0   1
3  6 6 2 1 59   0   1
4  4 4 2 3 49   1   0
4  4 4 4 3 53   0   1
4  5 4 1 2 49   1   0
4  5 4 3 4 53   0   1
4  5 5 1 3 53   0   1
5  2 2 3 2 24   0   1
5  2 2 3 4 22   1   0
5  2 3 2 1 24   0   1
5  2 3 4 3 22   1   0
5  3 3 1 4 24   0   1
5  3 3 3 2 22   1   0
5  3 6 2 1 22   1   0
5  3 6 4 2 24   0   1
5  6 6 1 3 22   1   0
5  6 6 2 3 24   0   1
6  5 5 2 3 22   0   1
6  5 5 4 3 36   1   0
6  6 5 2 2 22   0   1
6  6 5 3 4 36   1   0
6  6 6 1 2 22   0   1
6  6 6 1 3 36   1   0
7  3 3 2 4 49   1   0
7  3 6 2 1 47   0   1
7  3 6 4 2 49   1   0
7  5 5 4 2 47   0   1
7  6 5 2 2 49   1   0
7  6 5 3 4 47   0   1
7  6 6 1 3 47   0   1
8  4 4 4 2 62   0   1
8  5 4 1 2 42   1   0
8  5 4 3 4 62   0   1
8  5 5 2 1 42   1   0
8  5 5 4 3 62   0   1
8  6 5 2 2 42   1   0
8  6 5 3 4 62   0   1
8  6 6 1 2 42   1   0
8  6 6 1 3 62   0   1
9  5 5 2 3 27   1   0
9  5 5 4 3 16   0   1
9  6 5 2 2 27   1   0
9  6 5 3 4 16   0   1
9  6 6 1 2 27   1   0
9  6 6 1 3 16   0   1
10 5 5 4 2 65   0   1
10 6 5 2 2 36   1   0
10 6 5 3 4 65   0   1
10 6 6 2 3 65   0   1
11 1 3 2 1 45   0   1
11 1 3 3 3 0    1   0
11 3 3 1 4 45   0   1
11 3 3 3 4 0    1   0
11 4 1 1 2 45   0   1
11 4 1 3 3 0    1   0
11 4 4 2 1 45   0   1
11 4 4 2 3 0    1   0
12 4 4 4 2 0    0   1
12 5 4 1 2 19   1   0
12 5 4 3 4 0    0   1
12 5 5 2 1 19   1   0
12 5 5 2 3 0    0   1
13 1 3 2 1 8    1   0
13 1 3 3 3 46   0   1
13 3 3 1 2 8    1   0
13 3 3 3 2 46   0   1
13 4 1 1 2 8    1   0
13 4 1 3 3 46   0   1
13 4 4 1 3 46   0   1
14 5 5 2 1 47   0   1
14 5 5 3 1 49   1   0
14 5 5 3 2 47   0   1
15 1 3 2 1 3    0   1
15 1 3 3 3 14   1   0
15 3 3 1 3 3    0   1
15 4 1 1 2 3    0   1
15 4 1 3 3 14   1   0
15 4 4 3 1 3    0   1
;

