Index = 223
_solve_time = 1331.22

:              xp  xb    :=
1  1 1 3 1 24   0   1
1  1 2 1 1 24   0   1
1  1 2 2 3 21   1   0
1  2 2 1 3 24   0   1
1  4 1 1 2 21   1   0
1  4 1 3 3 24   0   1
1  4 4 2 1 21   1   0
1  4 4 2 3 24   0   1
2  1 1 3 2 0    1   0
2  1 3 2 1 0    1   0
2  1 3 3 3 6    0   1
2  3 3 1 4 0    1   0
2  3 3 3 2 6    0   1
2  3 6 2 1 6    0   1
2  3 6 4 2 0    1   0
2  6 6 1 2 6    0   1
3  4 4 1 2 0    0   1
3  4 4 4 1 0    0   1
3  4 4 4 2 35   1   0
4  2 2 4 2 68   0   1
4  3 2 1 2 64   1   0
4  3 2 3 4 68   0   1
4  3 3 2 3 68   0   1
4  3 3 4 1 64   1   0
4  6 3 1 2 68   0   1
4  6 3 2 4 64   1   0
4  6 6 2 1 68   0   1
5  3 3 3 1 2    1   0
5  3 3 3 4 19   0   1
5  3 3 4 1 19   0   1
6  3 3 2 4 12   0   1
6  3 3 3 2 12   0   1
6  3 3 3 4 10   1   0
7  3 3 2 1 42   0   1
7  3 3 4 1 0    1   0
7  5 5 1 2 0    1   0
7  5 5 1 4 42   0   1
7  5 6 2 2 0    1   0
7  5 6 4 3 42   0   1
7  6 3 1 2 42   0   1
7  6 3 2 4 0    1   0
7  6 6 3 1 42   0   1
8  4 4 1 2 25   0   1
8  4 4 1 4 29   1   0
8  4 5 2 1 25   0   1
8  4 5 4 3 29   1   0
8  5 5 1 4 25   0   1
8  5 5 3 4 29   1   0
9  1 1 3 2 9    0   1
9  4 1 1 2 33   1   0
9  4 1 3 3 9    0   1
9  4 4 2 1 33   1   0
9  4 4 2 3 9    0   1
10 3 3 2 4 8    0   1
10 3 6 2 1 57   1   0
10 3 6 4 2 8    0   1
10 6 6 2 1 8    0   1
11 2 2 4 2 1    0   1
11 2 3 2 1 1    0   1
11 2 3 4 3 6    1   0
11 3 3 1 2 1    0   1
11 3 3 3 4 6    1   0
11 3 6 2 1 1    0   1
11 3 6 4 2 6    1   0
11 4 4 2 3 6    1   0
11 4 4 4 3 1    0   1
11 5 4 1 2 6    1   0
11 5 4 3 4 1    0   1
11 5 5 2 1 6    1   0
11 5 5 4 3 1    0   1
11 6 5 2 2 6    1   0
11 6 5 3 4 1    0   1
11 6 6 1 3 1    0   1
12 4 4 4 2 47   0   1
12 5 4 1 2 39   1   0
12 5 4 3 4 47   0   1
12 5 5 4 1 39   1   0
12 5 5 4 3 47   0   1
13 2 2 1 3 39   1   0
13 2 2 1 4 42   0   1
13 2 2 4 3 42   0   1
14 3 3 2 4 65   0   1
14 5 5 1 2 15   1   0
14 5 5 1 4 65   0   1
14 5 6 2 2 15   1   0
14 5 6 4 3 65   0   1
14 6 3 1 2 65   0   1
14 6 3 2 4 15   1   0
14 6 6 3 1 65   0   1
15 5 5 2 1 3    0   1
15 5 5 4 1 16   1   0
15 5 5 4 2 3    0   1
;

