Index = 401
_solve_time = 7238.92

:              xp  xb    :=
1  4 4 4 2 43   1   0
1  4 5 2 1 43   1   0
1  4 5 4 3 9    0   1
1  5 5 3 1 9    0   1
2  4 4 2 4 70   0   1
2  4 5 2 1 0    1   0
2  4 5 4 3 70   0   1
2  5 5 1 4 0    1   0
2  5 5 3 4 70   0   1
3  4 4 2 3 32   1   0
3  4 4 4 3 65   0   1
3  5 4 1 2 32   1   0
3  5 4 3 4 65   0   1
3  5 5 2 3 65   0   1
3  5 5 4 1 32   1   0
3  6 5 2 2 65   0   1
3  6 5 3 4 32   1   0
3  6 6 3 2 65   0   1
4  2 2 1 3 19   0   1
4  2 2 4 1 19   0   1
4  2 2 4 3 10   1   0
5  2 2 2 1 70   1   0
5  2 2 4 1 0    0   1
5  3 2 1 2 70   1   0
5  3 2 3 4 0    0   1
5  3 3 1 3 0    0   1
6  1 1 3 2 44   0   1
6  1 3 2 1 44   0   1
6  1 3 3 3 53   1   0
6  3 3 1 2 44   0   1
6  3 3 3 4 53   1   0
6  3 6 2 1 44   0   1
6  3 6 4 2 53   1   0
6  5 5 2 4 53   1   0
6  6 5 2 2 53   1   0
6  6 5 3 4 44   0   1
6  6 6 1 3 44   0   1
7  2 2 4 2 59   0   1
7  2 3 2 1 59   0   1
7  2 3 4 3 70   1   0
7  3 3 1 4 59   0   1
7  3 3 3 2 70   1   0
7  3 6 2 1 70   1   0
7  3 6 4 2 59   0   1
7  4 4 2 3 59   0   1
7  4 4 4 3 70   1   0
7  5 4 1 2 59   0   1
7  5 4 3 4 70   1   0
7  5 5 2 1 59   0   1
7  5 5 4 3 70   1   0
7  6 5 2 2 59   0   1
7  6 5 3 4 70   1   0
7  6 6 1 3 70   1   0
8  1 1 1 2 7    0   1
8  1 1 1 3 59   1   0
8  1 3 2 1 7    0   1
8  1 3 3 3 59   1   0
8  3 3 1 3 7    0   1
9  4 4 1 2 25   0   1
9  4 4 1 4 0    1   0
9  4 5 2 1 25   0   1
9  4 5 4 3 0    1   0
9  5 5 1 4 25   0   1
9  5 5 3 2 0    1   0
9  5 6 2 2 0    1   0
9  5 6 4 3 25   0   1
9  6 6 3 2 25   0   1
10 4 4 2 4 66   0   1
10 5 4 1 2 66   0   1
10 5 4 3 4 53   1   0
10 5 5 2 1 66   0   1
10 5 5 4 3 53   1   0
10 6 5 2 2 66   0   1
10 6 5 3 4 53   1   0
10 6 6 2 3 53   1   0
11 3 3 1 2 10   0   1
11 3 3 1 4 23   1   0
11 3 6 2 1 10   0   1
11 3 6 4 2 23   1   0
11 6 6 1 2 10   0   1
12 1 1 2 3 0    0   1
12 1 3 2 1 3    1   0
12 1 3 3 3 0    0   1
12 3 3 1 2 3    1   0
12 3 3 3 4 0    0   1
12 3 6 2 1 3    1   0
12 3 6 4 2 0    0   1
12 4 4 2 3 0    0   1
12 4 4 4 3 3    1   0
12 5 4 1 2 0    0   1
12 5 4 3 4 3    1   0
12 5 5 2 1 0    0   1
12 5 5 4 3 3    1   0
12 6 5 2 2 0    0   1
12 6 5 3 4 3    1   0
12 6 6 1 3 3    1   0
13 3 3 1 2 0    0   1
13 3 3 1 4 70   1   0
13 3 6 2 1 0    0   1
13 3 6 4 2 70   1   0
13 4 4 2 3 70   1   0
13 4 4 4 3 0    0   1
13 5 4 1 2 70   1   0
13 5 4 3 4 0    0   1
13 5 5 2 1 70   1   0
13 5 5 4 3 0    0   1
13 6 5 2 2 70   1   0
13 6 5 3 4 0    0   1
13 6 6 1 3 0    0   1
14 1 1 2 1 27   0   1
14 2 1 1 1 31   1   0
14 2 1 3 2 27   0   1
14 2 2 1 3 27   0   1
15 1 1 3 1 1    0   1
15 1 2 1 1 1    0   1
15 1 2 2 3 8    1   0
15 2 2 1 4 1    0   1
15 2 2 3 4 8    1   0
15 4 1 1 2 8    1   0
15 4 1 3 3 1    0   1
15 4 4 3 1 8    1   0
;

