Index = 356
_solve_time = 6321.61

:              xp  xb    :=
1  3 3 3 2 17   0   1
1  3 3 3 4 48   1   0
1  3 6 2 1 17   0   1
1  3 6 4 2 48   1   0
1  6 6 1 3 17   0   1
1  6 6 2 3 48   1   0
2  2 2 2 3 34   0   1
2  2 2 4 3 0    1   0
2  3 2 1 2 34   0   1
2  3 2 3 4 0    1   0
2  3 3 2 1 34   0   1
2  3 3 2 3 0    1   0
3  3 3 3 2 68   0   1
3  3 3 3 4 25   1   0
3  3 6 2 1 68   0   1
3  3 6 4 2 25   1   0
3  4 4 4 2 68   0   1
3  5 4 1 2 25   1   0
3  5 4 3 4 68   0   1
3  5 5 2 1 25   1   0
3  5 5 4 3 68   0   1
3  6 5 2 2 25   1   0
3  6 5 3 4 68   0   1
3  6 6 1 3 68   0   1
4  2 2 2 4 13   0   1
4  2 3 2 1 0    1   0
4  2 3 4 3 13   0   1
4  3 3 1 4 0    1   0
4  3 3 3 2 13   0   1
4  3 6 2 1 13   0   1
4  3 6 4 2 0    1   0
4  6 6 1 2 13   0   1
5  1 1 2 1 47   0   1
5  1 1 3 1 5    1   0
5  4 1 1 2 47   0   1
5  4 1 3 3 5    1   0
5  4 4 2 1 47   0   1
5  4 4 4 3 5    1   0
5  5 4 1 2 47   0   1
5  5 4 3 4 5    1   0
5  5 5 3 1 47   0   1
6  4 4 3 2 41   0   1
6  4 4 3 4 0    1   0
6  4 5 2 1 41   0   1
6  4 5 4 3 0    1   0
6  5 5 1 4 41   0   1
6  5 5 3 2 0    1   0
6  5 6 2 2 0    1   0
6  5 6 4 3 41   0   1
6  6 6 3 2 41   0   1
7  1 1 2 1 1    1   0
7  2 1 1 1 70   0   1
7  2 1 3 2 1    1   0
7  2 2 3 1 70   0   1
8  5 5 2 4 71   0   1
8  6 5 2 2 71   0   1
8  6 5 3 4 5    1   0
8  6 6 3 2 71   0   1
9  2 2 4 2 21   0   1
9  2 3 2 1 21   0   1
9  2 3 4 3 33   1   0
9  3 3 1 2 21   0   1
9  3 3 3 4 33   1   0
9  3 6 2 1 21   0   1
9  3 6 4 2 33   1   0
9  4 4 2 4 33   1   0
9  5 4 1 2 33   1   0
9  5 4 3 4 21   0   1
9  5 5 2 1 33   1   0
9  5 5 4 3 21   0   1
9  6 5 2 2 33   1   0
9  6 5 3 4 21   0   1
9  6 6 1 3 21   0   1
10 3 3 2 1 72   1   0
10 3 3 4 1 8    0   1
10 6 3 1 2 72   1   0
10 6 3 2 4 8    0   1
10 6 6 3 1 72   1   0
10 6 6 3 2 8    0   1
11 4 4 1 2 49   0   1
11 4 4 1 3 70   1   0
11 4 4 2 3 49   0   1
12 2 2 2 4 0    0   1
12 2 3 2 1 36   1   0
12 2 3 4 3 0    0   1
12 3 3 1 4 36   1   0
12 3 3 3 2 0    0   1
12 3 6 2 1 0    0   1
12 3 6 4 2 36   1   0
12 4 4 2 1 0    0   1
12 4 4 4 1 36   1   0
12 5 4 1 2 0    0   1
12 5 4 3 4 36   1   0
12 5 5 2 3 36   1   0
12 5 5 4 1 0    0   1
12 6 5 2 2 36   1   0
12 6 5 3 4 0    0   1
12 6 6 1 3 0    0   1
13 1 1 2 3 71   0   1
13 4 1 1 2 71   0   1
13 4 1 3 3 43   1   0
13 4 4 2 3 43   1   0
13 4 4 4 1 71   0   1
13 5 4 1 2 43   1   0
13 5 4 3 4 71   0   1
13 5 5 1 3 71   0   1
14 5 5 2 4 61   0   1
14 5 6 2 2 74   1   0
14 5 6 4 3 61   0   1
14 6 6 3 2 61   0   1
15 1 1 3 1 67   1   0
15 1 2 1 1 67   1   0
15 1 2 2 3 8    0   1
15 2 2 3 1 8    0   1
15 4 1 1 2 8    0   1
15 4 1 3 3 67   1   0
15 4 4 4 1 8    0   1
15 4 4 4 3 67   1   0
;

